                    0,                     0
                    0,                     0
                    0,                     0
            -14355763,              16788116
            567186041,             102762727
            497296488,             108852787
            293494606,             166647049
            285241762,             124252631
            286059421,              36151776
            183970885,             -37997640
            192821655,            -103784501
            266139224,            -190813457
            175644770,            -251886040
            101442948,            -253829881
            154252231,            -271542378
            172971256,            -286610306
             94671256,            -214544913
             49860696,             -65959522
            160932290,               8790774
            282465695,             -78793752
            360622517,            -182802431
            545552436,            -191520457
            665487054,            -202857119
            510537730,            -159100714
            352855345,             192717465
            422290297,             471416663
            464105281,             543051062
            444205615,             552945248
            358171241,             650011294
            291363999,             795318168
            295466689,             810626058
            241189210,             749150636
            143557818,             866632297
            218147441,             995056246
            338963868,             922348533
            295469371,             786304578
            208165362,             802408566
            197071370,             919759549
            265059902,            1011329881
            415870936,            1046602423
            590586220,             918128674
            662290706,             653913352
            583863381,             432004606
            479955281,             351076340
            427151799,             328250272
            395913546,             342367445
            420746449,             393778182
            516829439,             426291233
            517103740,             388354387
            399241741,             471347806
            347013337,             686560371
            417395657,             802275858
            414351031,             851627262
            382281043,             843127090
            310199472,             785674419
            169211032,             741961655
             76623674,             707119625
             59533497,             578181469
            -33314736,             410150308
           -131062908,             307574430
            -64484770,             267677127
            -14776449,             164663882
            -44770025,             153668822
            110337008,             402613878
            399539674,             545355594
            544234981,             525312925
            514611051,             498163532
            408892170,             571578162
            386944043,             594815454
            384978831,             425032823
            177989847,             290309436
            -39367358,             246622040
           -117613869,             236773743
            -67806913,             149570356
            -49498652,              44273759
            -52508559,             -36812784
            -93623261,            -125652515
           -173716921,            -221104330
           -234131826,            -250412111
           -124393028,            -205456063
             79905872,            -172048000
            155632841,            -238117930
             51442439,            -352288144
           -108532100,            -236737603
           -154245231,              97750027
            -20935927,             336236905
             72338916,             424704554
             78718335,             488807145
             58548627,             606977108
            111950259,             680487574
            161527786,             606137313
             47390253,             495718542
            -59010611,             501134893
              2250487,             545587048
            113788840,             457334821
            173576205,             430916760
            332609917,             507073118
            487277553,             442555479
            583640084,             319066421
            661514456,             314382326
            648451994,             408406634
            713298091,             447936087
            799825149,             425552649
            818340612,             380276791
            762086203,             367928574
            666416847,             304119700
            444017462,             144975948
            150856591,              70136020
            -88030748,             102495129
           -224568032,             134686127
           -307253105,             153538939
           -310312181,             156140208
           -229701772,             117726252
           -173187897,              33460562
           -172576004,              -2629000
           -145809968,              42817873
            -54850179,              84305589
             12469057,              57814509
             17852967,              26242203
             38676469,              19983916
            104056244,             -37753382
            153833972,            -163687168
             80160836,            -283960796
               321967,            -378540695
            -38289741,            -430851093
            -40302837,            -417245606
            -10159236,            -227417025
            119294802,             -17284535
            302101402,             -22179240
            310540035,            -279026932
              2433193,            -366789944
           -246424796,            -306541782
           -348752064,            -257781626
           -320356511,            -273611873
           -285118206,            -334862445
           -293100836,            -353110429
           -297022933,            -288151249
           -333178748,            -218641175
           -410659195,            -106390773
           -430808178,              69202564
           -491065873,             239140902
           -556140231,             337763213
           -541687528,             423461999
           -430852914,             435118211
           -273760291,             372392853
           -167150165,             313594379
           -127641305,             316876422
            -89862843,             368767926
            -52101620,             408075468
            -50120293,             413507008
            -80305437,             419569830
           -141531570,             436922568
           -178011123,             481188357
           -175415125,             571179306
            -99571404,             633503381
              7010728,             567572972
             22650782,             375556953
            -85897737,             321619824
           -102054860,             427890969
             33216913,             511120702
            110794813,             552924849
             13596765,             544554319
           -135340991,             559653325
           -266391990,             619772795
           -299097372,             588948672
           -292287549,             368506776
           -277349823,             157962263
           -141931332,              53998424
            102282108,              -1012725
            285875867,             -26377804
            370489989,              -9362120
            362120282,              -1569774
            181382798,              -4622185
           -135909322,             -12195596
           -330140928,              83005021
           -401610046,             168533041
           -415108616,             308864158
           -282451429,             442538663
            -40472547,             564598665
            139923069,             573764151
            268194856,             469123443
            234643441,             295697214
             99352691,             194053440
             25628187,             142424489
            -33227014,             110050291
           -113993118,             160919988
           -181030687,             311481710
            -95646996,             501533971
             96118485,             590570117
            229544293,             528387676
            288577764,             493347198
            363188453,             510417903
            501208516,             524553717
            615502768,             510857684
            660609470,             510191909
            612083350,             534626496
            545152123,             529115804
            432012068,             397988632
            222524713,             252528061
             39961248,             186565193
              9825423,             199060541
            111506485,             115417868
            249708124,             -52130293
            299388940,            -169384376
            356314151,            -156964342
            473288096,             -67423797
            567365875,             -63214657
            493081721,            -111802792
            149614161,             -35673432
           -103038480,             121216140
           -209501580,             203553068
           -209261219,             206864530
           -208096454,             157447925
           -142608218,             189119086
              9737553,             253191928
            114737874,             264968925
             73675287,             227723531
            -78002192,             272596499
           -150760099,             448238911
            -15193091,             551851649
            175837836,             430638981
            207343119,             302260913
            157025729,             320134471
            112699303,             432699958
             98822775,             532565295
             79603012,             569423999
             73108743,             566139234
            153959637,             511772782
            290686044,             411295485
            383477779,             355084995
            398684752,             397902466
            369299211,             493933968
            434924400,             594832432
            513191413,             645394781
            574741242,             698314058
            562337956,             740818748
            513077352,             827546233
            426233079,             884117951
            296251270,             851288017
            110613692,             499417973
            -28615004,             300545821
           -262044247,             319604928
           -375766649,             470789667
           -249809969,             567434881
           -148963133,             508051439
           -197437872,             447331814
           -297360570,             438791064
           -408092847,             437396418
           -456986026,             406190212
           -438680210,             255162565
           -446425865,              69337610
           -387548060,              -7026048
           -155792162,             -16403217
              9354062,             -73471971
             28258935,            -154704485
             -4934373,             -49279160
             33124362,             207482011
            193012173,             359359669
            347480938,             398986569
            461077131,             324678223
            487212981,             159696678
            418444640,             -17892951
            365164725,            -137377457
            343831896,             -83325578
            370145641,              89220164
            444633230,             219448098
            546642338,             261546526
            561792049,             248144146
            544673545,             212410338
            511683741,             117389721
            433759879,             -17821992
            280189926,             -87434480
            135394437,             -62463531
            166119823,              28604616
            310846481,              48909846
            433600360,            -112287707
            455584985,            -275971244
            454873782,            -353588481
            436419509,            -290649783
            472634153,            -262674124
            487520110,            -352120087
            337480429,            -440833880
            308455501,            -557212606
            341000700,            -626825013
            412573623,            -626268207
            484397751,            -584880350
            476583734,            -559552294
            353456233,            -537988586
            139697054,            -471421007
            -55287237,            -371735648
           -151213678,            -214820676
           -175472158,             -41672211
           -185711090,             124624736
           -164892187,             209243751
            -75086965,             150546481
             51772432,             -19628753
            167221570,            -134261712
            240847088,            -132549379
            274760538,             -10314364
            249338944,             139220614
            143860659,             176585591
            -15168248,             144966312
           -106708427,             104120610
           -103444890,             103310865
            -58353283,             100412388
            -76615925,             101643599
           -162539331,             102778482
           -278006925,             112147013
           -356163279,              93748143
           -374131477,              90838398
           -293776127,             150367421
           -136461623,             247002800
             12231315,             304709417
             82391500,             244059472
             71720583,              75695290
             84434298,             -30986827
            168426451,             -35916982
            281545117,              14538895
            382833557,              89458876
            394855526,             157403111
            336907618,             195572951
            282700804,             212329998
            295376809,             199867483
            362518698,             130549790
            421857224,              23357101
            478421256,            -134139370
            490002483,            -232913523
            520723875,            -270745984
            584361335,            -280480927
            638122251,            -344377967
            559085658,            -439505155
            182818360,            -378041750
           -132978239,            -192488454
           -299754384,             -16383921
           -359122502,              54087052
           -318160543,               2707872
           -272551888,            -111948416
           -276169516,            -209522941
           -229171076,            -283367510
           -116298404,            -356513568
            -34560497,            -440115538
            -14571229,            -507973269
           -100168944,            -394855447
           -214742412,             -81547781
           -230149966,             136161579
           -213663861,             344128137
           -185568554,             409604841
           -141411115,             372813648
           -115204012,             377986351
            -54238481,             429808113
             29355657,             503999677
             17551376,             554957730
            -61513547,             589704630
           -149769832,             585659463
           -188143226,             712325826
           -134376619,             741616580
            -43460209,             584331211
            -14109559,             431149940
             36938641,             396827155
            126105458,             427131632
            215239830,             502291806
            193508169,             537489711
             31404923,             470176768
           -222309677,             331775539
           -353087555,             152029705
           -459188175,              47325825
           -589125175,              29393047
           -588759461,              46775889
           -198304783,              -1559483
             38116773,            -166984387
            169517179,            -354674959
            229133985,            -370451240
            217903469,            -104575075
            342718397,             -41526303
            488819872,            -184254199
            428217268,            -378857165
            240060922,            -451751178
            134079813,            -343146311
            176714693,            -222549939
            258900748,            -228483332
            161129786,            -297440842
            -59061709,            -271402190
           -128145026,             -52787791
           -115473802,             121038630
            -67836053,             235450218
           -112046501,             263518591
           -220590491,             268722609
           -290900563,             333874686
           -327908707,             372389421
           -331246153,             361564189
           -335535074,             331914160
           -337659292,             340101673
           -275653645,             387528829
           -154949520,             393270538
             -3930130,             376671346
            134050358,             348683540
            253678087,             336709011
            314333098,             374012928
            318383345,             441956717
            290548686,             506077782
            281912415,             570767793
            345126912,             582827568
            412582404,             496455923
            458028208,             426963018
            471851500,             439294397
            379523649,             494719229
            266823473,             500441600
            217006265,             589997041
            233608648,             640330479
            270661607,             635852811
            302705374,             631598971
            342082576,             628498882
            388095994,             561830518
            441109837,             488633584
            484186045,             464148898
            487321496,             521340045
            409980524,             576726710
            384030996,             623711983
            495965155,             605792199
            634925685,             475025116
            700423316,             356430296
            768731282,             330895558
            690536417,             338350334
            470898632,             282192277
            195447455,             152896821
             13257228,              43193023
           -108719512,              31613721
           -190942055,             113121496
           -274814557,             192360897
           -352949169,             148363751
           -405536056,             -40871759
           -470402899,            -150509802
           -567849839,            -147694831
           -583079125,            -152081475
           -518883666,            -187226053
           -431039307,            -291088440
           -404739661,            -332964369
           -488424644,            -375526205
           -588565046,            -367742744
           -494878359,            -237011496
           -269314578,            -168451003
           -103206181,            -267673093
           -142813477,            -374589993
           -297283968,            -388800940
           -482037001,            -256515041
           -581180992,            -246827534
           -657719917,            -218544647
           -698680509,            -209830604
           -691866326,            -214351557
           -612755386,            -244748505
           -591140074,            -350011185
           -462032231,            -453841594
           -265469837,            -556955208
           -127339920,            -608856646
            -65749949,            -469763657
            -69798614,            -162331581
           -182871128,              65929291
           -235488437,             187663892
           -226910058,             155370702
           -161064919,              65742036
            -97121113,             -48200357
            -51325925,            -159983345
             19397451,            -235745016
            169459223,            -215269783
            318501441,            -102839634
            410198227,              52955390
            412628622,             121221607
            336338354,              55940378
            222426214,             -99447340
            193013920,            -260289611
            108720139,            -376594062
            -84354053,            -338835753
           -229908623,            -377458974
           -341079986,            -538609784
           -115976150,            -611356221
            231381073,            -408059909
            486414012,            -259582195
            543125689,            -182672875
            354783714,            -146711101
            237737308,            -138004799
            330133274,            -199913727
            443089112,            -276563625
            519761045,            -394583799
            434861425,            -498860023
            289205374,            -576900699
            274935643,            -663503597
            369867349,            -684115385
            468604030,            -656115314
            495583862,            -622306002
            438783086,            -601492745
            377056368,            -645525945
            312350299,            -707494303
            254045652,            -810256112
            183683915,            -819051125
            185857171,            -701502880
            318919120,            -421719952
            401931077,            -175222719
            548081652,            -101103045
            590191668,             -98660366
            547974126,            -125057527
            564204665,            -154752104
            552083589,            -211244070
            551495729,            -180740046
            643215594,             -55435500
            656144515,              57173226
            543381017,             157440538
            479004219,             157744729
            582442892,             140236863
            761793925,              40382557
            665803391,            -205866856
            387449724,            -421735746
            243462236,            -481973727
            243735229,            -433029203
            260129579,            -276094926
            218688025,            -207581473
             61239656,            -291622456
            -44502334,            -340450943
           -180514047,            -462122957
           -201949770,            -559143438
           -117152868,            -607271180
              6556911,            -646228686
             61851473,            -690064649
             26003802,            -755197227
            -96422642,            -776974912
           -185742659,            -713500146
           -263352151,            -579735866
           -271654058,            -374868672
           -267673450,            -199830358
           -389235314,             -64066445
           -541692934,               3652264
           -449440478,             -43532372
            -45918864,            -190509165
            220731749,            -314583011
            267104695,            -470952272
             84015851,            -558639634
           -152434515,            -494511865
           -308650503,            -491118198
           -331517261,            -456661690
           -242900754,            -448011347
           -145173575,            -539660052
            -96221018,            -550415859
           -110605006,            -645162232
           -165076042,            -756011529
           -220732071,            -726944108
           -246983063,            -597097028
           -271349397,            -508426840
           -273983312,            -492287684
           -219319942,            -500066892
            -88887955,            -463782444
             67376701,            -403160574
            236079266,            -318138491
            347052215,            -300062465
            442920520,            -251160361
            508431085,            -196456613
            526234509,            -176436471
            541616829,            -169670227
            555414035,            -141197059
            529019805,             -37233640
            500047460,              70113380
            538359660,             128195982
            614454251,             124029974
            664237976,              58443978
            759732816,              60166543
            739715150,             139333668
            462222408,             217202665
            106534736,             224287516
           -166412370,             134581871
           -307952323,              54494631
           -346516645,             -24224191
           -317631000,             -24550312
           -249040117,              28085279
           -197697898,              98061078
           -223869152,             169650570
           -281736497,             239417949
           -352080533,             307842263
           -410502576,             380195881
           -390637164,             336709374
           -256448473,             128737796
           -122486231,             -84928212
           -123655249,            -261877943
           -224351588,            -333836041
           -319773748,            -328165341
           -366979011,            -261616706
           -381012135,            -147195554
           -395167126,             -10606003
           -451773025,             140713694
           -464804475,             285621370
           -488744134,             401143366
           -555058400,             522294658
           -631884557,             535121226
           -605285117,             322350013
           -513492405,              25724832
           -550690364,            -110914804
           -607924741,            -134710422
           -644763072,             -94326969
           -561047732,             -61258946
           -353588538,             -54620382
           -135481612,             -44683101
            -20007584,             -54524841
            -14266816,            -127408527
            -34894690,            -231828754
            -34768806,            -306124789
            -31556438,            -293948857
            -90010303,            -201741291
           -163522871,            -176025255
           -163617934,            -215005076
            -65649214,            -224306615
             43083201,            -133794868
             64604167,              14875027
              4677771,             138956803
            -83709723,             147569719
           -125691133,              75763816
           -180864446,             -37148990
           -222264177,            -150012414
           -217382119,            -282568780
           -121324856,            -360290760
             23262784,            -324849946
             90428535,            -184033312
             39468738,              -5321542
           -175443491,              65122562
           -328176669,             -15153011
           -403953301,            -132843382
           -444294038,            -245457570
           -469041533,            -320714579
           -488154207,            -277206425
           -511173255,            -162478014
           -585516822,             -99643845
           -642993799,            -137907252
           -551308152,            -249107324
           -475841145,            -325011249
           -491465212,            -336363517
           -538970269,            -276437521
           -577721774,            -231838033
           -670283171,            -264255099
           -718599620,            -301786963
           -693245240,            -309804374
           -652821449,            -289892833
           -635287182,            -239493352
           -661658546,            -171655461
           -723724365,            -166801051
           -700574142,            -277934605
           -501431679,            -447309820
           -223109228,            -565541706
            -35526814,            -621673073
             82910288,            -639174690
            189443905,            -597410990
            260236226,            -493413381
            310067133,            -310077876
            275502692,            -185078172
            183997553,            -134905039
             76871908,            -118001704
            -39678043,             -69469299
           -136874057,             -14866623
           -207301194,              76231040
           -147280861,             145720468
             26220639,             175399519
            120700863,             335736444
             88291042,             469776662
              3552786,             449972660
            -14471107,             281129349
             43050208,             151745462
             47073011,             103953893
            -81685602,               7676135
           -200953094,            -150423690
           -290901086,            -245003994
           -351405787,            -221648721
           -432566013,            -123207076
           -556058590,            -153039394
           -461336861,            -323220716
           -229652579,            -395576610
           -118922128,            -259750857
           -167644052,            -101228699
           -276603909,              20292911
           -378170828,             227777973
           -214428363,             309351936
             41114364,             377355711
            204596940,             441654104
            240337143,             295685595
            235447871,              60881369
            236085407,             -80896588
            192652090,            -116745239
            141860341,            -133350754
            150084449,            -154016786
            210692919,            -136802434
            201276560,             -90276164
            119522250,            -119972588
             77604626,            -248011368
            159411889,            -383843922
            224984192,            -435961438
            180677829,            -400937689
              2628897,            -331614350
           -159756189,            -341492840
           -236441895,            -387096654
           -200486039,            -415671390
           -124217963,            -463152117
            -19800763,            -544076171
             39230613,            -654520687
             80539828,            -665659718
             45835427,            -390768773
            -48232618,             -50178106
           -189961441,              35077608
           -320021209,              68984727
           -442002913,             -49187922
           -456771442,            -299342036
           -419926013,            -535766716
           -386450774,            -647223233
           -321723929,            -616432138
           -361343505,            -494488012
           -405269704,            -468627861
           -429620501,            -505205223
           -489563312,            -568161938
           -533381182,            -581137194
           -563243981,            -571340171
           -565681388,            -583684311
           -506002154,            -558802440
           -476032646,            -490924165
           -380653588,            -330823488
           -396595671,            -190066515
           -503775772,            -144007668
           -633485370,             -77837443
           -666638460,             -74894153
           -535834454,            -105283539
           -443469725,             -95377490
           -458775259,            -117040896
           -506136433,            -206511275
           -466543975,            -388334111
           -235668081,            -524097956
             78043375,            -497525937
            259146907,            -364389952
            346173753,            -289949366
            345806747,            -269710678
            333676349,            -233219584
            323141273,            -140458378
            301376189,             -29218178
            264913373,              87527343
            202259319,             163215626
             22959410,             151316391
           -161753044,             -12884091
           -310816009,            -173973878
           -355002778,            -297926741
           -285245243,            -325316019
            -85468092,            -246121864
             81940406,            -153120323
            240755813,             -80650525
            351775998,             -67100253
            418603995,            -112551788
            473100524,            -174799715
            540886194,            -181962115
            529123980,             -97369684
            359452359,              17253742
            136572920,             110340270
            -50582411,             144993025
           -157298793,             138962851
           -200538059,             137414168
           -186664046,             156532651
           -208865289,             209393035
           -346359102,             242500895
           -506973159,             184019233
           -579624178,             135786820
           -551062866,             159121186
           -451834427,             221908690
           -501048885,             310804911
           -633724691,             312394581
           -659262758,             218373242
           -611499565,             167678375
           -653920785,             144981840
           -679082821,              37840442
           -692536984,              19464971
           -630956232,              76285166
           -522752333,             118279420
           -534848484,             193767708
           -606571184,             266463471
           -614299811,             287172760
           -548586501,             285439606
           -515080356,             269086008
           -484770520,             216356125
           -404981224,             188163514
           -336985849,             253032137
           -384301149,             340096349
           -518672447,             345501486
           -608873937,             247625372
           -638170801,             194697862
           -642352188,             199312804
           -639524675,             260648409
           -658317040,             330702539
           -699719318,             402376468
           -761005486,             369012436
           -746228903,             186474049
           -604081446,             -78362453
           -422754782,            -274017083
           -259842659,            -330361196
           -164080830,            -268448657
           -231828697,            -168241168
           -367268621,            -183839770
           -423825855,            -278732455
           -369309307,            -371643797
           -242416383,            -357874188
            -93679312,            -321460894
             44304571,            -310792983
            200395285,            -337261103
            255231609,            -427265463
             72364563,            -555834744
            -41309378,            -677117489
           -105295697,            -790186293
           -221421057,            -616501257
           -377746364,            -295177129
           -484199443,            -214246269
           -330618638,            -184713439
            -31881666,             -51036891
            123928873,             131450635
             97908248,             154866650
             46330015,              49051127
             46683351,              12824406
             81128635,              76514856
             42935071,             165878706
             40048163,             313240402
             41355345,             490246294
             11543859,             558643542
             22734067,             525783518
             75629189,             560085621
            -30580155,             649919227
           -249063704,             692781148
           -397453942,             565733082
           -364188272,             349006244
           -180179217,             243371512
           -141920409,             267403986
           -327870286,             229973929
           -486367789,              71857301
           -624996466,             -25220153
           -717524239,             -53051808
           -768379716,             -12261356
           -785269504,              50381195
           -779529040,              81174699
           -723199283,              72562675
           -641249659,              41608252
           -537688697,              47665616
           -466181799,              92176617
           -461870381,             164534892
           -520954927,             158583772
           -557734870,              48376683
           -484071662,             -94683256
           -376200687,            -102188863
           -373223686,              71841379
           -488815145,             198809472
           -645881018,             188456390
           -631181823,              99114419
           -351420347,              59317422
           -115684719,             100422586
             28975552,              26793132
             94664486,            -113706208
            232539365,             -29482264
            359096762,             175080986
            182048111,             315600497
            -19044395,             377670456
            -92972381,             345886474
            -44119778,             372481602
             11716693,             460337295
            -35112910,             567691767
           -197831458,             536529757
           -282563388,             302768241
           -182897323,             102300188
            -67124476,             117368591
            -50167926,             284229162
           -131542989,             413842014
           -171830772,             474574982
           -167302140,             554864787
           -167612140,             662912873
           -195082331,             658936894
           -169099949,             502873510
              5872255,             386038195
             95665245,             514677218
            -52829054,             659878598
           -215736937,             638954382
           -285457607,             685311089
           -290661337,             741545054
           -220144001,             797582231
            -71461541,             731771469
            107941747,             590166391
            263419164,             444115215
            332799822,             341584492
            419441536,             223957378
            484855378,             158747210
            448753497,             140349909
            318146762,             109828723
            243220078,              41016268
            233086929,              18559537
            214614126,              19468627
            182171465,             -32096421
            255650375,            -118635618
            391215651,             -98264654
            477958308,             -47877733
            496231020,             -38303068
            534240546,             -52087259
            586873225,                 72920
            497088956,              53946173
            353772417,             -22881754
            369794716,            -138091724
            470752985,            -195573470
            515865175,            -206368906
            540467429,            -222289020
            641628607,            -135195557
            812927735,              92321864
            778781739,             289740602
            625724399,             353790071
            568498124,             236865782
            612266189,             306364466
            408323870,             543350608
             88416388,             569731319
            -86725636,             523545370
            -84172361,             503638879
             -8688187,             506911982
             87893001,             487849935
            253527865,             459831318
            420704687,             489930952
            485837247,             600718138
            428270521,             658508301
            360027306,             658887169
            289080855,             618711567
            239834711,             465117829
            376490622,             314910965
            530712794,             303265815
            644352448,             426868753
            703163388,             541454160
            691988414,             583921429
            725595233,             584015733
            761251780,             654838189
            726296868,             705482195
            724519809,             675253502
            805763197,             598064072
            882222751,             566021320
            921050630,             545203911
            871452722,             477663731
            889581111,             377444830
            983106218,             395338701
            989630457,             513782690
            913196824,             610084482
            890595428,             617169174
            930101365,             609015943
            988928017,             612272538
           1022188201,             589963569
            917501949,             525324849
            888277261,             427483572
           1045532937,             390904980
           1032392872,             571231607
            704274963,             668222679
            505037906,             571166819
            522724657,             584834307
            531069994,             703564826
            528477573,             739803999
            631745156,             735798945
            693392230,             785397101
            742342319,             874597641
            681777498,             814384041
            793140016,             653241118
            943124227,             714099801
            900506407,             890626478
            775623315,             932967892
            788708860,             928993362
            848703275,             980168173
            871671697,            1007323146
