                    0,                     0
                    0,                     0
             24481313,               3865470
             39909551,                804125
             45382322,               -717476
             46448985,               -872772
             46376264,              -1160228
             50553681,              -3700598
             53496487,              -6554817
             54389363,              -7737478
             62535063,             -11738010
             67778539,             -15912076
             67278057,             -16891537
             70369051,             -17849369
             80595747,             -23604000
             84368105,             -26523746
             85558142,             -25201389
             90266435,             -22836937
             98869770,             -24223305
            104720262,             -26013020
            113842745,             -25841696
            124749050,             -27151769
            130311333,             -29491010
            133758026,             -29821282
            138206933,             -28279299
            140424076,             -27228048
            140290858,             -27394495
            144904410,             -26919525
            148229994,             -25234274
            148334747,             -24975923
            150754624,             -26948328
            154114164,             -27006545
            157143639,             -24518003
            163356587,             -24788544
            168730250,             -27236557
            170913351,             -28130723
            172951204,             -27094774
            175023702,             -25042313
            179198582,             -23082934
            187921724,             -23395981
            196608072,             -25615982
            201574249,             -27672762
            203081354,             -28923131
            203189944,             -29834538
            202225820,             -30405539
            206739967,             -22700464
            220859231,             -18072702
            227986691,             -20580045
            231617318,             -22535841
            237662562,             -21292405
            241953077,             -19959160
            243269071,             -19153365
            243527456,             -19338719
            248401165,             -19614763
            251933663,             -19443375
            252397182,             -19674470
            254374080,             -21090767
            259294810,             -23604566
            260596838,             -25395585
            262627204,             -25600597
            271448496,             -27841347
            271394134,             -29404154
            278336027,             -25582486
            287338659,             -22893568
            291231364,             -22181727
            291341672,             -22624553
            292350833,             -22399960
            291614738,             -20999380
            301416663,             -24613314
            309385884,             -27173305
            312714604,             -28028080
            312879275,             -28275219
            314628225,             -29357869
            322163502,             -32416871
            327065753,             -34842085
            330774604,             -36656075
            333360757,             -38627413
            333341896,             -39532050
            338225261,             -38223803
            351466742,             -38486688
            359429049,             -39850768
            362152435,             -41194180
            362783570,             -41543432
            367049823,             -39745818
            371969636,             -37615041
            374199680,             -36424493
            374336247,             -35799586
            376292062,             -33293527
            380413018,             -29235043
            384847482,             -30585091
            390130193,             -34775099
            390240716,             -35310255
            392798308,             -32961297
            402143834,             -32402145
            406577280,             -32472304
            415175165,             -29382063
            424892719,             -27450575
            430039722,             -26893138
            431032570,             -26748804
            433930042,             -25037054
            441645872,             -22429233
            445503114,             -21570565
            446296874,             -21845398
            445781586,             -22976570
            449018481,             -32854181
            456308729,             -37392442
            461545964,             -39342428
            464040595,             -40149084
            464657209,             -40490722
            464445579,             -40804951
            464316623,             -40763512
            476090737,             -41877496
            488667442,             -45446948
            490575672,             -47527794
            492868091,             -44044333
            504475847,             -36908652
            511924550,             -36774828
            513823039,             -38334336
            518787360,             -38813529
            536335484,             -39997456
            546710791,             -42906621
            552250452,             -44882514
            554110651,             -46220708
            554521664,             -47205596
            554298801,             -46836779
            562064441,             -39821437
            571523037,             -36327096
            578293085,             -35391737
            583009011,             -35882415
            587083811,             -37224800
            589470990,             -37884448
            589492674,             -37850549
            590175186,             -37881901
            596492157,             -40662982
            597010103,             -42459053
            596865190,             -37079550
            595880038,             -34538352
            599821693,             -35019134
            604343693,             -34870800
            606746662,             -34412249
            607296799,             -33900244
            607373798,             -33160393
            611048200,             -31377862
            621423466,             -30373350
            627537732,             -30540532
            629175564,             -29622779
            632128694,             -25472701
            637831005,             -18697519
            637785636,             -17556278
            633149385,             -19288749
            630350332,             -17886128
            629878114,             -14975001
            631910900,             -11584356
            635757585,              -7608522
            643179051,              -8189637
            650531398,             -11008640
            651688739,             -13198741
            653027684,             -10860831
            658847525,              -7494953
            661399494,              -6011846
            661986199,              -5609489
            666336905,              -5013074
            667644222,              -4293383
            667626014,              -4689616
            672667218,              -7309588
            678719721,             -10627816
            683941195,             -11488395
            691933876,             -11312764
            697579847,             -10944225
            699819740,             -10598386
            699718876,             -10578070
            703057995,             -12983197
            708279240,             -14075446
            710947159,             -14723487
            711935029,             -14614640
            712748934,             -14033441
            715331113,             -12255658
            719706221,             -10455246
            723337557,              -9158439
            726260383,              -9401042
            730137118,             -11588871
            732498730,             -13826375
            732392234,             -15324509
            732107478,             -17064265
            731128145,             -18365391
            734518702,             -15916143
            738645167,             -13350665
            742395392,             -11611237
            745389845,             -11029797
            747123061,             -11158857
            751849058,              -8677714
            761028187,              -6582957
            766071316,              -5299537
            766960822,              -5058073
            766372208,              -4771791
            763082915,              -7992558
            768452215,             -13613284
            772942311,             -16921840
            774283981,             -18089934
            773861162,             -18071768
            779910876,             -18977229
            789540832,             -21765696
            793256740,             -23415117
            794945113,             -23012737
            802941404,             -20882916
            809597980,             -19309942
            810461769,             -20682667
            814921469,             -21567222
            817845207,             -21406199
            818097200,             -21037010
            818080584,             -21007739
            819495824,             -22436786
            833438377,             -13970156
            844433582,              -8533273
            849692466,              -7235569
            849829138,              -8153192
            853454701,              -8382542
            855740198,              -6944476
            857916828,              -5328611
            862646123,              -4887252
            865476721,              -5956031
            865142928,              -5683445
            868629190,              -3025457
            870384111,               -760186
            870082889,               -152792
            869937306,               -445984
            886870339,              -1237215
            898627112,              -1814630
            903596732,              -2161550
            905137390,               -533442
            911383048,               1961934
            916383564,               4003128
            918994338,               5332784
            920367620,               6110000
            921237843,               7379555
            923744808,               9538585
            925387223,              12330557
            925317959,              12238398
            929681928,              10037613
            934201344,               8581977
            936333087,               8237393
            936569942,               8615084
            937885550,               9531585
            942189293,               9429806
            944319572,               7461148
            947250872,               7033436
            948219757,               7086119
            947945300,               6432447
            951232097,               3767871
            954714274,                227971
            956544736,              -1407936
            963091063,              -2337765
            970276138,              -3063286
            971936119,              -3896507
            972315150,              -1773494
            979139873,               2693717
            984335068,               5148783
            987720606,               6099950
            990680894,               6214271
            995315891,               5017251
            999213138,               3214013
           1000099426,               1767243
           1000130027,               2953140
           1007143316,               6717439
           1012593892,               9001001
           1014647624,               9978201
           1015037283,               9876936
           1015511901,               7097086
           1025107404,              -2324367
           1030308201,              -7655955
           1032358049,             -10103857
           1032374363,              -9909698
           1034189261,              -7229279
           1042859245,              -6440879
           1049763901,              -6619126
           1052869674,              -7460529
           1053249226,              -7979635
           1053568053,              -6995829
           1058075603,              -2847104
           1069195112,              -6636999
           1077175184,              -9795595
           1080946002,             -11854821
           1082332930,             -12941614
           1084054152,             -12969494
           1087942802,             -11767001
           1087099701,             -10275284
           1087657825,             -12788912
           1089652780,             -15201743
           1090096348,             -15478589
           1090381510,             -14291201
           1091721997,             -12363346
           1093402461,             -10387560
           1094072982,              -8706491
           1098360245,              -8669812
           1106863706,             -11364643
           1111926115,             -13413453
           1114040858,             -13318930
           1117419818,             -10770222
           1120253107,              -7138689
           1119608150,              -6983356
           1120166150,              -8704417
           1119354546,             -10545447
           1119498938,             -10526371
           1125322286,              -9979094
           1119336490,             -11407020
           1118579638,             -13207975
           1118388332,             -14330969
           1117035891,             -15574792
           1116329870,             -15993106
           1124138660,              -9379513
           1133679362,              -4641780
           1139165440,              -2704497
           1142065682,              -3188424
           1146553998,              -5604967
           1149104206,              -8690756
           1151744746,              -8798464
           1158283345,              -6258682
           1163596221,              -4565426
           1164513079,              -2940487
           1163772157,              -1907443
           1161048326,               -988569
           1164370896,              -1559731
           1178540150,              -5101540
           1187711691,              -7013936
           1192430454,              -8581351
           1194492719,             -10311664
           1196360551,             -11561884
           1203317142,             -11893858
           1211013254,             -13159265
           1213149828,             -15496433
           1216158991,             -16252663
           1218659354,             -15889204
           1219331237,             -15419525
           1219024551,             -15001873
           1220214199,             -15674054
           1226586328,             -20444093
           1229795774,             -24619339
           1232737023,             -27623054
           1239545373,             -29752915
           1246375067,             -32294951
           1247647543,             -33748039
           1247927155,             -32451514
           1252092871,             -29861679
           1254676344,             -28160349
           1255489175,             -27178888
           1255660485,             -26572845
           1257058408,             -26737870
           1262398752,             -25216700
           1271070465,             -18688930
           1276494004,             -15495269
           1278435114,             -13732460
           1279581878,             -12792344
           1281076590,             -11495095
           1281639277,             -10128846
           1282444800,              -9247475
           1288239395,             -11251136
           1293635838,             -13983279
           1296257991,             -14920446
           1302832285,             -12523528
           1308112151,              -9975729
           1307873120,              -9100563
           1308935179,              -9713079
           1310968175,             -10519416
           1312335263,             -11517953
           1313491442,             -12239843
           1313540688,             -12564873
           1313544159,             -12407484
           1321783275,             -12651434
           1329195470,             -13511903
           1331711291,             -14229801
           1331943606,             -14460541
           1335686226,             -13040609
           1342105217,             -10703592
           1345435145,             -10424544
           1347314218,             -11112589
           1348018567,             -11452973
           1348250917,              -9898726
           1351082934,              -7109552
           1354007847,              -6458200
           1354705983,              -8891288
           1355875863,              -7654438
           1357979132,              -5075981
           1360182658,              -2978287
           1361154774,              -1692260
           1360852343,              -1332159
           1360896549,               -650283
           1360548766,               1389763
           1359807064,               2569661
           1359808067,               1930211
           1361697799,              -4556756
           1359427745,               3124613
           1372315168,              14782727
           1382493837,              20152198
           1389375453,              21737515
           1394630029,              22831952
           1398773411,              23671922
           1401910070,              24626242
           1403808492,              26386495
           1405732451,              29484355
           1407337651,              32477913
           1409757141,              34741812
           1417102205,              33012091
           1422769262,              30784628
           1424255713,              31241537
           1428330419,              36075230
           1431653340,              39777887
           1433004108,              41328418
           1433322657,              42584087
           1434827169,              42950629
           1440237109,              43978459
           1451426312,              49863779
           1460075713,              52937354
           1466006269,              54355434
           1469364970,              55300357
           1471233285,              55946881
           1473398525,              57362351
           1475500261,              59427852
           1478138526,              61504938
           1482633570,              61852534
           1486944988,              61280529
           1488270337,              60655379
           1487583022,              60952236
           1487589437,              60401587
           1488502643,              58500565
           1488878490,              57172312
           1488614434,              56944447
           1488651847,              58236619
           1488535200,              59925384
           1487840267,              58981356
           1490076006,              57100409
           1491233260,              55619327
           1490825496,              55209216
           1490620043,              55188505
           1494136396,              52896791
           1501463160,              48171269
           1504587883,              46212225
           1505368070,              45440878
           1504915617,              45614340
           1507049836,              47294826
           1516105557,              48562497
           1521181615,              47703482
           1523365354,              46278103
           1524835934,              45437993
           1526130144,              44929647
           1526378726,              44618321
           1526423916,              43793332
           1526865392,              42615152
           1527843975,              41610648
           1528896620,              40518912
           1529824888,              39295947
           1531173878,              37545328
           1533693697,              35924343
           1535389808,              35068829
           1537241763,              36461738
           1541519436,              38634157
           1543438533,              40042085
           1543140481,              40701904
           1543470938,              40270266
           1548094535,              37367033
           1553274990,              33890444
           1556107219,              31086794
           1559558191,              28546995
           1566111055,              28064256
           1572736500,              29362228
           1576527472,              30576132
           1576943443,              31356917
           1577320483,              30306870
           1581123875,              25531285
           1583768337,              22380564
           1584748709,              20826781
           1586012833,              19939277
           1587854025,              19336708
           1588346197,              18141648
           1590207147,              16798950
           1596002737,              16226273
           1599275314,              16104422
           1599574618,              16243721
           1599770304,              16490514
           1598111148,              16017292
           1603668129,              14441710
           1611695698,              13135348
           1614574485,              12258853
           1615408475,              11512808
           1616476873,              10089016
           1617524139,               7612235
           1621073333,               5897142
           1625337352,               5390105
           1626314620,               6045729
           1624731350,               6289271
           1623290625,                309528
           1626414241,              -5927569
           1627012497,              -9107718
           1625196813,              -9507912
           1629267843,              -6123797
           1637378437,              -3243788
           1643091158,              -1974000
           1645297525,              -1217604
           1645540799,              -1166622
           1645189194,              -1814421
           1657006403,              -6528259
           1666066828,              -6952295
           1671303159,              -7257730
           1673469096,              -7361416
           1674690171,              -7057584
           1677809598,              -5975686
           1682197246,              -4365630
           1685331836,              -3306883
           1686685000,              -2916222
           1687995633,              -3396421
           1689748071,              -4424175
           1689186008,              -5028306
           1689721321,              -4248747
           1693443344,              -1172276
           1692536018,                570092
           1693365832,               -940786
           1694976388,              -2477006
           1695395385,              -3237649
           1695190881,              -4258773
           1697265301,              -5695224
           1702106293,              -7991413
           1705032020,             -10084141
           1706043142,             -11695185
           1705489332,             -12874391
           1703842580,             -12422836
           1703979396,             -10534551
           1705315953,              -8146932
           1706909818,              -6865179
           1707770140,              -6178977
           1707285886,              -5828836
           1708260767,              -6027163
           1715650270,              -7352987
           1720233229,              -8119142
           1721490544,              -8613874
           1722533274,              -9032550
           1723582389,              -9391143
           1723119855,              -9147696
           1722985065,              -8581906
           1726750007,              -8626050
           1734218134,             -12390217
           1738519345,             -14650927
           1740424290,             -15732043
           1740576843,             -16400543
           1740249541,             -16061292
           1741325099,             -13405698
           1741640930,              -8634441
           1741373664,              -7263965
           1750469698,              -9295424
           1761458056,             -11555504
           1769045327,             -11482723
           1773975064,             -11712312
           1777528910,             -11675917
           1779662314,             -11897379
           1780921696,             -11604123
           1781559604,             -11068499
           1783740983,             -10188675
           1802899774,               -524878
           1811485854,               5916824
           1815729888,              10092568
           1818824338,              12465043
           1822532457,              13265188
           1827783924,              13132242
           1831303240,              12437594
           1832451788,              13371404
           1833959529,              15207300
           1834996865,              15916475
           1835075393,              15449978
           1834530146,              14640742
           1834119674,              13581286
           1835231219,              13457766
           1843698631,              16705217
           1849285948,              21312115
           1850587971,              24509241
           1850487804,              27631336
           1850811418,              30189898
           1850176654,              31921188
           1851183310,              30699509
           1858170964,              26181466
           1862123916,              23636913
           1863408027,              22423335
           1863261092,              21901223
           1862421633,              22426781
           1862087826,              24566565
           1863491898,              29301995
           1864874728,              33526225
           1866624265,              36031658
           1867988449,              37850534
           1869071405,              39549707
           1869169583,              40697658
           1868562685,              40784632
           1869593122,              38429410
           1871981492,              35600211
           1871965865,              34055483
           1871083576,              34082592
           1870611085,              35661316
           1878817842,              38991377
           1888650449,              38407673
           1893326869,              38082746
           1894953327,              37900580
           1895605871,              36952827
           1896543644,              33409337
           1897297772,              29337204
           1897676762,              29825874
           1897467216,              36133816
           1893636681,              38806685
           1893941010,              35370196
           1901636963,              32399513
           1909088856,              34066761
           1912692557,              36693114
           1913421857,              38589926
           1912175955,              38744783
           1911327301,              36446886
           1912021113,              32253823
           1912255917,              28991982
           1913109252,              26256186
           1915229620,              23558874
           1919449625,              22613951
           1923079958,              23732470
           1924473568,              25247590
           1925473346,              25902335
           1925918378,              25658008
           1925995217,              25035407
           1925839396,              24260372
           1925548362,              23636086
           1925305040,              24730666
           1927064876,              30116236
           1926296441,              32115774
           1925074899,              31131942
           1927269892,              27119374
           1931191907,              23714963
           1930467059,              23404353
           1930930161,              24944746
           1931225248,              25537833
           1930570934,              25505747
           1929847775,              25144151
           1930800174,              24692874
           1937655532,              27147421
           1942718875,              34255645
           1943203473,              40707314
           1940067976,              41913943
           1939924104,              37497835
           1944258057,              33546831
           1947506107,              31118669
           1949427268,              29826450
           1950753669,              29174465
           1953191634,              29003044
           1958618101,              30112383
           1962298735,              31883572
           1963190382,              34013531
           1962606284,              35203081
           1961244428,              35751710
           1960026073,              37589261
           1959664907,              40699242
           1959625088,              43310948
           1961403781,              46152810
           1967868347,              48253321
           1972133127,              49707438
           1972818531,              51013128
           1972251328,              50595730
           1973513775,              46987556
           1976018751,              43517796
           1975728670,              42515612
           1976071922,              41616589
           1976963673,              40144924
           1976538408,              39324714
           1976164425,              40121865
           1976884838,              42248344
           1975549577,              41930965
           1977528408,              38789983
           1982064219,              36473418
           1984859421,              36393966
           1987519622,              37257803
           1988991869,              37973409
           1988828451,              38725071
           1990094494,              39657519
           1994375059,              41085072
           1996088767,              42116925
           1997061977,              41411534
           1999099333,              38975721
           1999236275,              37355836
           1998466107,              36957349
           1996748262,              36700106
           1998177321,              31634678
           2009175152,              30661497
           2011169181,              36896189
           2007888481,              35967020
           2008760066,              29896712
           2012078861,              25798614
           2013781353,              24100805
           2013679518,              25006409
           2014480273,              26054618
           2013744761,              26149722
           2012782936,              25762144
           2013574723,              24626930
           2018994798,              19662493
           2023136738,              15930645
           2025166935,              13679873
           2025750821,              13130206
           2029358168,              15985505
           2032098230,              18372423
           2032874191,              19927662
           2032668656,              20530702
           2032250149,              20390035
           2032376791,              19139352
           2032911734,              17404140
           2033141315,              15985957
           2034233304,              15777632
           2035883093,              18257980
           2036182150,              18703971
           2036555325,              18322088
           2036293168,              17955654
           2035647044,              18020982
           2035335727,              18893545
           2035265477,              19114875
           2035400046,              18808083
           2035508884,              19170513
           2035997696,              20160205
           2037284304,              21414897
           2037783869,              22526408
           2037411600,              23144481
           2037168202,              23212642
           2039353655,              22580220
           2045353211,              20560081
           2044666417,              19681232
           2043214618,              17210166
           2044225853,              13428721
           2048186998,              10531902
           2052318761,               9354970
           2054822105,               9157009
           2055633413,               9483654
           2055712839,               9730355
           2056297283,              12899357
           2065158246,              21312799
           2070165806,              26119556
           2072454361,              28798231
           2072890188,              30722039
           2072414342,              31675738
           2071985862,              31350848
           2071760998,              30751516
           2071151606,              29788064
           2072563260,              28909876
           2078634402,              28973326
           2083926965,              29998028
           2087187171,              30733755
           2089628296,              31075092
           2091683645,              30578205
           2094419366,              28688741
           2097826558,              27231334
           2101791300,              29544622
           2104889784,              33270726
           2105926360,              35384234
           2105691922,              36619590
           2104803016,              37255556
           2104004203,              37479789
           2105781237,              38669081
           2111623859,              48130261
           2112527660,              51775357
           2111611175,              52566071
           2110224727,              52279216
           2111092444,              52787636
           2116309604,              56000890
           2118752481,              58331247
           2118183669,              58857672
           2118005271,              57737930
           2118851532,              55299000
           2118003888,              57133363
           2118766675,              58533705
           2118841872,              59618355
           2119433091,              61485689
           2121144844,              63447363
           2121941697,              64698012
           2121739824,              65440928
           2121662332,              65643506
           2123562449,              64967846
           2130116173,              59146985
           2135859353,              50636401
           2147453765,              47179228
           2154517162,              48320931
           2156248241,              50775060
           2155125683,              51609759
           2153105240,              50242722
           2151275699,              48748814
           2151283258,              49082865
           2154543327,              56240060
           2157338926,              61668435
           2157263116,              64596240
           2155637467,              64563954
           2155934882,              60259343
           2158169689,              56762481
           2160059271,              54624614
           2161711660,              53198788
           2163056552,              52989444
           2163507302,              54596866
           2162044074,              55056064
           2161053835,              53009031
           2161940698,              50577085
           2165312598,              48752940
           2169737772,              48652281
           2174282416,              47976616
           2177663353,              47329931
           2178920586,              46571022
           2180695917,              45234255
           2181906203,              43862711
           2181427593,              43405043
           2182103867,              44594478
           2183969529,              46748487
           2183301164,              47971951
           2185728074,              48043087
           2190911787,              48283971
           2193034796,              48936364
           2192883788,              49084575
           2192444423,              47651399
           2190690146,              43836120
           2197306332,              45945210
           2203831305,              48560068
           2207065327,              50390618
           2208339426,              51710245
           2208340293,              52352983
           2208949013,              51633367
           2216480544,              49621421
           2221145024,              53423324
           2221477482,              55345951
           2220399509,              54469202
           2221882756,              51869145
           2224370595,              49893229
           2224846123,              49818387
           2224903370,              50754558
           2225073140,              51414241
           2224634289,              51861277
           2223905510,              52481474
           2223495551,              53621858
           2224097170,              56235816
           2225708769,              58921753
           2233063130,              56173681
           2243309528,              49897525
           2251585790,              47295700
           2256654439,              48405103
           2258741050,              51088629
           2256054409,              53009687
           2255129467,              48948099
           2256564490,              44503486
           2259322140,              42589901
           2262953737,              44274052
           2264470243,              46374910
           2263875209,              47088123
           2263938012,              46087964
           2268611152,              44938982
           2272564204,              45149975
           2274428088,              45338947
           2277486334,              44187068
           2280422698,              42923966
           2282191712,              42864887
           2283276197,              43782930
           2283149939,              44724255
           2281994945,              44788252
           2284571854,              44529195
           2290943972,              47119076
           2292639707,              49331722
           2291747482,              49211252
           2291730307,              46797260
           2292597412,              44529631
           2294144021,              43413999
           2296399540,              44398931
           2297953131,              47389803
           2298870076,              50027122
           2301215767,              52249923
           2302792575,              54496700
           2302067170,              54461097
           2305221592,              49976986
           2309532980,              47070234
           2312844377,              46800840
           2314876970,              48458896
           2315823714,              50550461
           2316316195,              52251737
           2317228331,              53796449
           2319809155,              55577204
           2324020175,              57093167
           2328402888,              56998845
           2331152705,              57011128
           2332788558,              56573617
           2333948192,              56009197
           2334598591,              54707841
           2333947719,              54805227
           2330525271,              54941520
           2326596117,              53991731
           2325382867,              52923566
           2323834369,              53928765
           2321009475,              44443094
           2324339328,              38458439
           2328147135,              36066494
           2330358880,              36081054
           2330888366,              36201025
           2333113243,              32996357
           2344807295,              35767635
           2342720304,              40312808
           2341099383,              37962529
           2342320329,              34437215
           2344086738,              32606250
           2345016814,              31937823
           2346565023,              30430492
           2350833554,              27780610
           2354138564,              26820626
           2355339439,              27345491
           2354955040,              27535688
           2353744593,              26244160
           2356547778,              26245485
           2360336382,              29438947
           2360789126,              31296677
           2359852972,              31830719
           2359753438,              31577204
           2362544365,              30876671
           2369346454,              27796837
           2374953859,              25725238
           2378891506,              25343423
           2380849355,              26054622
           2380876543,              27457781
           2379214786,              29096192
           2375969667,              29560914
           2375279171,              26108953
           2377858174,              22445596
           2381129749,              20973636
           2383245482,              20535041
           2384050806,              20818873
           2384169439,              21148186
           2385157272,              20707154
           2397642704,              22934599
           2399610150,              28901549
           2400204712,              25369123
           2406512853,              19682841
           2410951221,              18156030
           2411826123,              17780914
           2412459800,              15354881
           2415071568,              11903330
           2417402548,              10306177
           2419484605,              10848813
           2420112067,              13084562
           2419019459,              14336294
           2423722167,              11087829
           2432555833,               8573103
           2434887035,               7451221
           2435589252,               2957896
           2437540639,                213129
           2439139311,              -1115877
           2440605202,               -545874
           2441144427,                838588
           2439580344,               1319893
           2440025135,               1221861
           2443978364,               3408665
           2445781644,               6392975
           2451203359,               4124908
           2456207552,               3639587
           2457026651,               4262152
           2456780238,               3111298
           2459133838,               -354334
           2462446411,              -1641686
           2464193001,              -1005262
           2463994144,                 76270
           2464239970,               -366009
           2470747037,               -511374
           2475026978,               1444345
           2477954863,               -212821
