0,0
0,-1
-1,-1
0,0
0,0
0,-2
1,-1
0,0
1,1
1,0
2,0
1,1
0,1
0,0
1,0
1,-1
0,0
0,0
1,-1
0,0
0,1
-2,1
-1,-1
0,0
-1,-1
0,0
0,0
-1,0
0,1
1,0
1,0
1,0
-1,0
-1,0
-1,0
-1,0
0,0
2,-1
1,0
0,0
0,-1
-1,-1
0,-2
0,-1
0,0
0,0
-1,-1
0,-1
0,-1
0,-1
0,-1
0,0
-1,0
-1,1
0,-1
0,0
0,0
0,1
0,1
0,-1
0,-1
1,0
0,1
0,0
1,0
1,0
1,-1
1,0
1,1
1,0
1,-1
0,0
0,0
0,-1
0,-1
1,-1
1,0
0,0
-2,0
-1,0
0,0
-1,0
1,0
2,0
0,0
0,1
0,0
-1,0
0,-1
0,-1
0,-1
1,0
0,-1
1,-1
0,0
0,0
1,0
1,1
1,0
0,0
-1,0
0,0
-1,0
-1,1
0,1
1,0
1,-1
0,0
-1,0
0,0
0,1
0,1
0,0
2,0
0,0
0,1
1,-1
0,1
-2,1
0,0
0,-1
0,-2
-1,-1
-2,1
0,0
1,0
0,-1
-1,-2
0,0
0,1
0,0
1,0
1,0
0,0
0,0
-1,-1
-1,-1
-1,0
-1,0
-1,0
0,-1
1,0
1,0
0,0
-1,1
-1,0
-1,0
-1,-1
-1,1
0,0
1,0
1,0
0,0
-1,0
-1,-1
0,-1
0,0
-1,0
-1,0
-1,0
0,0
0,0
1,-1
1,-1
1,0
0,1
0,1
0,0
1,-1
1,0
1,-1
2,-1
0,0
-1,0
0,-1
0,0
0,0
0,1
0,0
1,0
0,-1
-1,0
0,0
0,1
2,1
1,0
0,0
1,0
1,-1
0,0
-1,0
-1,0
0,0
0,0
1,0
1,-1
0,0
1,0
1,0
0,0
0,0
0,0
0,-1
1,0
0,1
-1,0
-1,0
-1,1
0,0
0,0
-1,0
0,0
1,0
0,0
-1,-1
-1,-2
1,-1
1,-1
1,0
1,0
0,-1
1,-1
1,-1
1,0
1,-1
0,0
-1,0
1,1
1,1
0,1
1,1
1,-1
0,-1
-1,0
0,0
1,0
0,1
0,1
0,0
0,0
1,-1
1,0
1,0
0,0
-1,-1
-1,-1
-1,-1
1,1
0,1
-1,0
-1,-1
0,0
0,1
0,0
0,0
0,0
0,0
1,1
1,0
1,-1
0,0
-1,0
0,1
0,1
0,0
-1,0
0,1
0,0
0,0
-1,0
-1,0
0,-1
1,1
2,1
1,0
0,0
0,0
0,1
0,0
-1,0
0,0
1,1
1,0
1,-1
1,-1
0,0
0,-1
-1,0
-1,0
0,-1
0,0
-1,0
-1,0
0,0
0,1
-1,0
-1,-1
-1,0
0,0
0,0
1,0
0,1
1,0
2,0
1,1
0,0
-1,-1
0,0
-1,0
0,-1
0,0
-1,2
-1,1
-1,0
0,-1
-1,0
-1,0
0,-1
0,-1
0,0
0,1
0,1
0,0
1,1
1,1
0,0
0,0
0,0
0,1
-1,0
-1,0
0,0
0,-1
0,0
1,0
1,0
0,-1
0,-1
-1,0
0,-1
-1,0
0,0
1,1
0,0
-1,-1
-1,0
0,0
0,0
0,0
-1,0
0,0
0,0
-1,-1
-1,0
1,0
1,0
0,0
-1,-1
0,-2
0,-1
0,0
0,0
-1,-1
-1,-1
-1,-1
0,-1
1,0
0,1
1,0
0,1
0,1
0,0
0,1
-1,1
0,0
1,-1
0,0
0,0
1,1
0,0
0,0
0,-1
0,0
0,0
-1,0
0,1
0,1
0,1
0,1
0,1
1,1
1,0
0,0
0,2
-1,1
-1,0
0,0
0,1
-1,1
-1,1
1,-1
0,0
-1,1
0,1
-1,0
-1,0
0,-1
0,0
0,0
1,-1
0,-1
0,-1
0,0
1,0
1,-1
1,0
1,0
0,-1
-1,0
-1,0
-1,1
0,1
1,1
1,0
0,0
-1,0
0,0
0,0
0,0
1,-1
1,-1
1,0
0,1
1,0
0,-1
0,1
0,1
1,0
0,0
1,1
0,0
1,-1
0,-1
0,0
0,0
-1,-1
0,0
1,0
1,0
1,0
0,0
0,0
0,0
1,-1
0,-1
0,0
1,1
1,2
1,2
0,1
0,-1
1,-1
0,0
1,-1
0,0
1,0
1,0
0,0
0,0
1,0
0,0
-1,1
-1,0
1,0
0,0
0,0
0,0
0,0
1,0
1,0
1,0
0,1
0,0
1,0
0,1
-1,1
1,1
0,1
-1,1
0,1
-1,1
0,1
1,0
1,0
1,0
0,0
1,-1
1,-1
0,-1
-2,1
-1,0
0,0
1,1
2,0
1,0
1,0
1,0
0,1
-1,0
-1,0
0,-1
-1,0
0,0
0,0
-1,-1
-1,-1
-1,-1
0,-1
0,0
0,1
-1,1
-1,0
-1,1
-1,0
1,1
1,2
0,1
0,0
1,0
0,0
0,0
-1,0
0,0
-1,0
-1,0
0,0
0,1
1,2
0,1
0,0
1,-1
0,-1
0,-1
0,0
-1,0
0,1
0,1
0,0
-1,1
-1,1
-1,2
0,1
1,0
1,1
1,0
0,0
0,-1
0,0
0,1
0,0
0,0
0,0
1,1
0,0
-1,0
0,1
0,1
1,1
1,1
0,-1
0,-1
0,0
0,1
-1,1
0,0
0,0
0,-1
0,-2
1,0
1,0
0,0
0,-1
0,1
0,0
1,-1
1,0
0,0
-1,1
0,0
0,-1
0,-1
0,1
0,-1
1,-1
1,0
1,1
0,1
0,1
0,1
1,0
2,0
0,-1
-1,-1
-1,1
0,1
0,0
0,0
0,0
1,1
0,0
-1,0
-1,1
-1,0
0,1
0,1
0,-1
0,0
0,2
0,0
0,0
0,1
0,0
1,0
1,0
1,0
1,0
0,-1
-1,-1
-1,-1
-1,0
0,1
0,1
0,1
0,1
1,0
0,0
-1,0
0,0
1,0
-1,-1
0,0
1,0
0,0
-1,0
-1,-1
0,0
0,1
0,0
0,0
-1,-1
1,-1
2,0
1,1
1,1
1,1
0,2
-1,0
-1,-1
1,0
2,0
1,0
0,1
1,1
0,0
0,0
0,0
1,0
0,0
0,-1
0,-1
0,0
0,1
0,1
-1,1
0,0
0,-1
0,0
0,1
0,1
-2,-1
0,0
1,0
-1,0
-1,0
0,0
-1,-1
-1,0
0,0
0,0
1,-1
1,0
1,0
1,0
0,0
-1,0
0,-1
0,0
-1,0
-1,0
-1,0
-1,0
-1,0
-1,0
0,-1
-1,-1
0,0
0,0
-1,0
-1,0
0,0
0,-1
0,-1
0,0
0,0
0,0
1,0
0,0
1,0
0,0
0,0
0,0
1,0
1,-1
0,0
0,0
0,0
0,0
0,1
1,0
0,0
-1,0
0,-1
0,-1
0,0
1,0
0,-1
-1,0
0,0
0,0
0,1
0,0
0,0
0,0
-1,0
0,1
0,1
-1,-2
-1,-1
0,0
0,0
0,0
0,0
-1,0
0,0
0,-1
1,-1
0,0
0,0
1,0
1,0
0,0
0,1
0,1
-1,1
0,1
0,0
1,0
1,0
0,0
0,0
1,-1
0,1
0,1
1,1
0,0
0,0
0,0
0,0
-1,0
0,1
0,0
1,0
1,1
0,0
-1,-1
-1,-1
0,-1
0,1
1,0
0,0
-1,0
0,0
0,1
0,0
-1,1
-1,0
-1,0
-1,0
0,0
1,0
0,0
1,0
1,-1
1,1
0,1
0,0
0,0
-1,2
-1,1
0,0
0,1
0,1
0,2
0,1
0,0
-1,-1
0,-2
-1,0
-1,0
0,0
0,0
-1,1
0,0
0,0
0,0
-1,-1
0,0
0,0
1,0
2,-1
1,0
0,-1
0,0
1,1
1,0
0,0
1,-1
1,0
1,1
1,1
-1,0
-1,0
-1,0
0,0
0,0
-1,-1
0,-1
1,-1
0,-1
-1,0
-1,0
1,0
1,0
0,0
-1,1
-1,0
-1,0
-1,1
0,0
1,1
0,0
-1,0
0,0
-1,0
0,-1
1,0
1,0
2,0
0,-1
0,-1
0,0
0,0
1,0
2,0
1,-1
1,0
1,1
1,0
0,-1
0,0
0,1
0,0
0,0
0,-1
1,-1
0,-1
0,-1
0,-1
0,0
-1,-1
0,-1
0,0
0,0
0,0
0,0
0,0
-1,0
-1,0
0,-1
0,-1
0,0
0,0
0,0
0,1
-1,0
-1,0
0,0
0,-1
1,-1
1,-1
1,0
0,-1
0,0
0,1
-1,0
0,-1
0,0
-1,0
0,1
0,1
1,0
1,0
0,0
0,0
0,1
1,-1
1,0
1,0
-1,0
-1,0
-1,0
-1,0
-1,-1
-1,0
0,0
2,0
1,0
0,0
0,1
0,0
0,-1
1,0
0,0
-1,0
0,0
0,-1
-1,0
0,1
0,0
0,0
0,1
0,0
-1,0
-1,0
-1,0
1,0
0,0
0,1
1,1
1,0
0,-1
0,0
0,1
0,0
0,-1
0,1
0,1
1,1
0,0
1,0
0,-1
-1,-1
-1,0
0,0
0,1
0,0
0,0
0,1
0,1
0,0
0,0
0,0
0,0
1,0
1,1
1,1
0,0
1,1
0,2
0,1
1,-1
0,0
0,0
0,0
1,0
1,0
0,0
1,1
0,1
0,0
0,0
0,0
0,-1
1,1
-1,0
-1,0
0,0
-1,-1
0,0
0,0
-1,0
-1,1
-2,1
-1,0
-1,0
-1,0
-1,0
-1,-1
-1,0
-1,0
0,0
1,0
0,-1
-1,-1
0,-1
1,0
0,0
0,0
1,0
3,0
3,1
4,1
4,0
4,1
5,4
6,7
5,9
7,12
10,11
15,8
14,13
16,13
6,19
-9,21
-15,19
-17,18
-14,21
-17,20
-22,15
-18,15
-1,24
-1,24
-9,25
-5,26
7,26
15,23
24,12
29,-1
27,-10
27,-7
27,3
29,0
30,-7
29,-6
19,-18
3,-28
7,-28
17,-27
21,-23
29,-11
27,-15
18,-26
2,-28
-20,-25
-24,-22
-22,-23
-4,-30
11,-31
7,-33
-2,-34
8,-32
1,-33
-12,-32
-13,-29
-30,-15
-35,-5
-35,7
-33,12
-26,24
-21,29
-22,30
-22,29
-30,15
-34,-9
-32,-11
-30,19
-31,22
-38,5
-40,0
-37,14
-33,22
-32,19
-36,5
-36,-15
-25,-27
2,-38
0,-42
-14,-39
-26,-31
-37,-19
-42,-7
-41,-11
-32,-28
-23,-38
-10,-40
14,-40
18,-40
33,-20
42,9
37,26
19,38
14,43
30,34
39,26
22,33
-14,40
-21,43
-24,41
-26,41
-12,45
3,47
29,30
43,21
32,38
26,43
7,49
-15,47
-24,45
-13,50
-16,47
-41,25
-51,-3
-49,-21
-51,-19
-40,-32
-15,-50
-4,-55
-9,-55
-18,-53
-3,-56
-10,-54
-21,-53
-18,-55
-15,-56
0,-55
22,-53
26,-53
37,-45
49,-35
54,-23
56,-16
49,-36
47,-41
35,-51
31,-54
42,-47
21,-53
-25,-55
-43,-49
-51,-29
-54,19
-60,20
-65,4
-66,-4
-63,18
-54,39
-46,47
-47,41
-9,60
33,55
35,56
-2,66
-15,69
-22,63
-54,38
-63,33
-62,30
-62,-14
-49,-52
-49,-56
-53,-52
-65,-29
-73,-1
-71,15
-64,35
-49,56
-38,67
-46,58
-69,30
-74,26
-64,44
-31,68
-14,78
8,76
37,70
29,74
39,71
20,76
-16,79
-14,82
15,79
52,64
58,62
57,65
56,65
20,74
-31,77
-33,81
-37,80
-13,82
-6,82
-11,83
42,73
79,19
83,-35
85,-29
91,-8
90,7
91,10
91,15
91,26
89,23
73,54
50,80
27,92
-1,96
-17,98
-3,99
-17,93
-44,88
-27,96
-37,87
-80,51
-90,49
-79,61
-33,90
-18,102
-15,103
-3,104
-11,106
3,105
29,100
47,86
92,19
80,-62
80,-71
55,-84
4,-106
34,-97
69,-88
80,-77
93,-61
104,-14
88,58
49,99
28,111
39,109
34,108
20,113
59,94
103,48
114,20
98,49
53,99
21,118
-11,116
-25,114
37,110
65,102
47,111
81,77
120,17
116,26
104,62
114,51
122,34
125,25
118,39
110,62
95,82
80,100
91,89
93,76
16,112
-37,122
-29,127
-23,128
22,126
36,125
39,122
97,79
123,8
130,4
130,32
132,22
135,-6
132,-38
130,-39
102,-81
86,-95
115,-63
107,-83
114,-77
109,-88
77,-115
43,-134
35,-136
11,-141
-11,-139
-44,-132
-41,-133
-35,-136
7,-138
-27,-133
-82,-118
-86,-116
-70,-124
-39,-136
-11,-144
25,-139
78,-117
81,-119
21,-136
3,-139
-22,-132
-109,-71
-142,-1
-145,-20
-148,-9
-148,20
-141,39
-78,108
-21,141
-88,93
-143,23
-144,-12
-132,-62
-142,-50
-143,-41
-137,-61
-138,-65
-129,-77
-125,-82
-100,-110
-65,-133
7,-140
63,-133
22,-150
-27,-151
-64,-134
-117,-95
-103,-111
-72,-136
-60,-141
-24,-150
-2,-146
73,-129
49,-134
-33,-148
-47,-146
-45,-144
-90,-125
-121,-96
-147,-40
-151,-4
-137,-60
-134,-81
-138,-75
-124,-96
-105,-109
-12,-135
81,-127
81,-132
106,-111
130,-88
137,-72
124,-78
66,-134
75,-135
117,-93
148,-16
150,1
141,-63
138,-77
114,-109
86,-133
82,-113
139,-17
151,13
126,-77
118,-92
144,2
152,38
147,46
140,66
155,16
154,12
135,69
123,98
132,69
150,-17
154,-22
157,-8
148,-47
136,-54
148,10
155,-11
156,-13
144,-60
113,-106
124,-81
151,-40
148,-46
149,14
145,53
123,88
101,119
121,74
125,-50
32,-140
-40,-150
-93,-123
-134,-58
-151,18
-147,-18
-134,-76
-132,-83
-105,-109
-67,-135
-43,-143
-108,-103
-135,-78
-122,-95
-117,-103
-109,-111
-85,-130
-87,-127
-33,-142
54,-119
131,-12
151,15
154,5
153,29
152,25
151,-19
153,-8
151,-17
135,-70
128,-84
138,-54
149,5
150,-20
147,-41
136,-67
103,-104
47,-144
27,-151
26,-139
111,-71
150,-20
151,-11
153,-7
151,-35
147,-45
124,-88
87,-124
93,-121
77,-130
27,-150
-18,-148
-47,-146
-42,-148
-50,-146
-41,-148
-68,-133
-113,-98
-140,-54
-144,16
-122,88
-117,89
-47,125
47,141
72,136
67,136
69,133
103,109
126,83
133,55
121,-54
104,-102
134,-21
146,27
143,-29
103,-102
106,-96
118,-88
94,-116
117,-88
143,-33
150,0
139,44
113,92
93,116
89,121
75,127
45,134
107,70
134,-42
133,-65
137,-61
127,-72
105,-97
136,-26
150,8
150,-5
145,-11
134,48
105,98
72,132
69,132
12,137
-83,108
-123,69
-47,123
27,146
31,139
-57,123
-123,75
-142,11
-138,-48
-145,-17
-126,66
-108,99
-137,40
-142,22
-105,92
-105,103
-121,77
-142,42
-120,83
-64,132
3,147
55,137
52,136
65,126
14,142
-47,130
-97,109
-79,126
-57,139
-16,148
41,138
54,129
-32,137
-68,132
-100,106
-125,83
-137,54
-134,61
-108,103
-102,111
-82,123
-81,123
-110,99
-129,63
-146,18
-141,47
-126,79
-138,51
-127,71
-82,123
-51,140
-52,135
-90,118
-80,127
-43,141
50,128
126,74
146,35
140,34
109,93
107,100
137,53
144,-20
121,-87
100,-110
123,-48
146,16
149,-20
140,-56
144,-42
142,-48
127,-80
130,-74
133,-70
102,-106
104,-95
133,-65
105,-105
75,-131
72,-131
65,-135
87,-117
124,-56
140,28
138,53
128,59
68,122
30,148
18,150
33,146
77,128
97,113
121,83
145,27
146,-7
129,39
130,66
146,36
149,-7
121,-70
55,-132
11,-148
4,-150
22,-149
61,-131
88,-121
99,-112
101,-110
98,-113
49,-139
52,-135
110,-92
140,-51
140,-59
128,-82
107,-106
77,-125
7,-142
18,-141
96,-103
128,-79
116,-95
100,-113
97,-112
124,-73
132,-67
129,-80
129,-79
134,-66
121,-88
111,-100
53,-130
-17,-146
-15,-148
-54,-138
-95,-116
-108,-104
-119,-92
-114,-96
-85,-123
-92,-117
-44,-127
31,-145
32,-147
13,-151
19,-149
21,-149
-8,-146
-88,-110
-137,-34
-145,37
-144,47
-132,69
-105,108
-75,128
-27,147
4,145
73,115
27,121
-81,106
-137,53
-139,52
-112,95
-93,118
-62,136
-45,143
-45,143
-87,112
-127,73
-135,46
-132,52
-120,77
-141,7
-149,-16
-142,21
-128,74
-120,87
-131,63
-146,4
-134,-50
-99,-107
-111,-99
-134,-61
-146,-5
-146,-23
-144,-12
-141,47
-136,50
-147,-3
-136,-45
-111,-95
-126,-79
-99,-91
-16,-139
-7,-149
7,-149
19,-147
18,-144
-18,-149
-7,-151
15,-150
9,-149
13,-140
88,-111
107,-108
96,-117
100,-110
125,-81
114,-90
39,-134
-63,-127
-111,-101
-81,-117
-11,-145
21,-149
9,-149
24,-144
56,-140
88,-108
135,-54
145,-35
129,-76
112,-101
112,-99
59,-127
-25,-144
-77,-127
-111,-103
-98,-110
-52,-138
-45,-144
-67,-129
-92,-113
-67,-134
-29,-139
59,-126
107,-106
82,-122
55,-137
70,-131
48,-139
92,-107
122,-87
116,-93
138,-47
136,-47
89,-114
63,-138
75,-126
117,-84
132,-67
125,-76
140,-45
147,-29
139,-56
135,-60
91,-107
36,-145
43,-143
75,-130
92,-119
71,-131
32,-139
-44,-139
-50,-142
-9,-148
25,-147
-25,-140
-99,-108
-104,-103
-132,-52
-148,-2
-140,-29
-116,-90
-92,-118
-100,-111
-127,-75
-133,-60
-122,-82
-142,-34
-137,-47
-135,-65
-144,-22
-142,32
-98,104
-45,140
3,150
5,147
-12,147
-43,133
-115,75
-137,47
-112,98
-88,122
-80,127
-98,111
-99,112
-110,94
-138,45
-139,-13
-134,-64
-129,-72
-121,-84
-140,-40
-148,-9
-144,-3
-136,-49
-144,-43
-149,-26
-150,-4
-143,-26
-120,-84
-106,-104
-130,-75
-137,-60
-144,-34
-143,31
-117,93
-69,130
5,142
98,92
138,48
134,65
130,72
141,32
134,-52
124,-83
78,-118
32,-144
34,-145
46,-140
52,-136
-17,-145
-75,-125
-123,-82
-138,-48
-147,-10
-143,-36
-129,-73
-115,-94
-84,-121
-96,-105
-143,-26
-149,-4
-129,-60
-83,-110
-6,-142
38,-143
75,-128
87,-121
55,-138
38,-145
48,-142
43,-142
21,-142
-64,-129
-76,-128
-66,-134
-103,-102
-130,-69
-79,-107
14,-138
94,-104
109,-96
96,-99
134,-5
143,0
119,-81
89,-118
67,-133
36,-143
-45,-131
-122,-76
-124,-77
-59,-121
12,-145
19,-147
58,-135
100,-107
105,-105
50,-136
12,-149
31,-147
49,-137
93,-110
129,-59
140,12
139,49
142,0
104,-93
48,-138
-14,-148
-51,-140
-69,-132
-85,-122
-96,-114
-103,-110
-113,-100
-90,-106
7,-135
53,-138
4,-147
-29,-148
-25,-148
-60,-136
-64,-133
-101,-107
-132,-56
-138,-11
-124,-66
-140,-49
-150,-7
-147,16
-143,35
-121,84
-101,108
-94,116
-101,99
-123,-7
-77,-111
-42,-142
-28,-144
29,-144
54,-138
89,-117
84,-122
72,-130
94,-114
121,-85
142,-41
148,-18
116,-71
45,-139
37,-145
52,-139
23,-146
33,-145
-1,-146
-8,-144
55,-135
59,-138
38,-144
30,-144
-48,-127
-125,-59
-133,-56
-140,-12
-144,12
-148,-20
-143,-7
-100,88
-62,130
-104,101
-130,64
-144,38
-146,31
-141,52
-141,47
-145,22
-127,-48
-95,-111
-103,-106
-133,-65
-127,-72
-95,-109
-56,-136
-51,-142
-25,-145
11,-149
10,-149
55,-127
124,-69
136,-62
129,-76
119,-91
83,-117
-11,-139
-64,-135
-68,-131
-23,-144
-15,-148
-73,-124
-111,-99
-101,-108
-92,-113
-101,-94
-32,-131
-35,-144
-86,-112
-137,-40
-140,-46
-137,-58
-141,-12
-127,70
-110,98
-124,78
-139,34
-140,41
-124,83
-117,94
-102,109
-91,118
-109,100
-125,63
-146,2
-147,-17
-146,-16
-147,14
-147,6
-149,-10
-148,2
-148,2
-148,6
-144,7
-120,81
-104,107
-127,69
-122,76
-38,130
59,131
97,112
71,127
42,143
36,145
32,146
3,150
-26,147
-46,143
-42,143
-77,114
-134,44
-144,35
-125,79
-113,100
-86,122
-41,144
-39,143
15,142
60,136
62,134
75,129
98,108
131,58
147,5
148,11
147,26
148,0
141,-32
103,-97
97,-107
117,-90
112,-92
128,-6
125,70
125,71
89,114
89,121
96,111
48,126
26,143
67,129
33,140
4,148
-30,145
-35,143
39,135
81,125
95,109
41,131
2,149
-20,147
-45,142
-52,140
-66,134
-77,127
-96,108
-56,130
-7,148
14,147
43,134
108,97
134,65
145,37
147,-5
124,-69
116,-78
143,-32
143,-39
146,-26
145,-4
148,6
149,-17
146,-28
144,-14
122,58
50,125
-32,137
15,137
72,128
20,132
-83,107
-121,84
-102,103
-27,138
16,145
-25,144
-54,137
-84,118
-90,117
-87,119
-84,122
-32,139
54,130
83,121
90,118
93,114
94,105
39,138
44,143
53,140
71,130
103,107
65,124
-8,144
-21,145
40,138
43,141
34,143
-9,146
0,149
40,143
45,140
12,146
-19,148
-28,146
-64,129
-19,138
28,144
7,148
21,146
-19,134
-88,114
-107,100
-125,79
-126,76
-136,33
-145,-2
-112,74
-60,134
-83,116
-114,92
-98,112
-47,128
53,131
86,122
114,90
143,29
141,34
145,8
145,-33
138,-51
105,-97
66,-122
120,-61
148,-18
143,-34
122,-82
113,-95
103,-109
107,-105
94,-112
48,-139
70,-110
131,-10
149,4
149,-22
148,-13
146,-26
143,-28
127,-51
93,-111
100,-108
106,-97
134,-16
147,22
141,-18
130,-61
141,-29
105,-81
97,-85
135,13
134,63
107,87
26,136
26,144
79,124
100,109
124,78
102,101
73,126
83,111
134,59
138,42
111,85
116,90
134,65
141,52
142,46
113,83
34,130
-45,136
-77,128
-78,124
-112,90
-127,68
-144,7
-136,-47
-77,-107
6,-143
36,-144
71,-124
99,-108
79,-122
99,-102
55,-128
-40,-131
-121,-74
-144,5
-144,20
-147,-2
-140,-35
-137,8
-121,84
-121,85
-116,90
-80,124
-17,143
54,137
93,117
125,71
143,31
133,60
134,65
137,58
132,67
142,41
125,69
110,99
128,76
117,88
93,114
82,122
107,100
125,82
119,89
129,48
133,-48
94,-111
90,-119
105,-107
108,-103
89,-116
22,-142
-46,-137
-116,-83
-113,-74
-45,-132
-18,-148
-49,-135
-118,-59
-140,32
-112,90
-32,131
58,131
118,84
132,64
124,78
118,84
130,56
81,102
37,144
61,134
96,113
117,88
129,59
45,108
-74,114
-108,103
-109,91
-120,-3
-127,-69
-138,-55
-141,-34
-128,48
-64,121
23,142
41,143
22,143
-28,143
-66,130
-85,121
-102,107
-113,90
-139,31
-148,0
-149,-4
-150,-8
-146,-20
-137,-54
-106,-97
-94,-115
-116,-90
-130,-74
-128,-78
-124,-83
-135,-40
-134,50
-114,96
-113,94
-137,44
-143,41
-131,72
-119,91
-118,92
-100,111
-61,135
-83,110
-99,100
-26,141
-19,143
-70,129
-51,137
-2,149
-6,148
-35,144
-62,135
-87,118
-85,116
-113,87
-120,81
-55,128
-27,145
-49,139
-12,146
38,138
110,88
115,83
57,130
-4,147
-23,149
-4,148
27,147
35,147
59,137
63,131
-27,121
-121,68
-145,24
-137,38
-88,110
-70,129
-15,132
83,117
64,125
-22,137
-88,118
-120,83
-139,20
-113,-71
-54,-131
-15,-142
69,-89
127,28
138,51
141,44
146,28
145,3
131,-64
123,-76
138,-54
122,-80
119,-42
113,70
53,130
-1,147
-28,146
-15,146
-44,139
-53,137
29,135
91,118
57,123
-56,115
-124,76
-131,71
-127,73
-136,13
-129,-67
-115,-94
-116,-88
-137,-53
-97,-84
-7,-138
30,-143
59,-136
64,-133
85,-119
48,-136
-4,-148
-31,-145
-66,-133
-54,-128
-17,-139
-92,-92
-147,-13
-150,25
-144,38
-144,5
-136,-53
-136,-55
-132,-59
-75,-113
4,-144
46,-137
79,-122
102,-105
95,-112
113,-93
81,-112
-9,-143
-49,-140
-24,-143
21,-144
58,-134
78,-126
17,-140
-70,-125
-126,-41
-142,36
-143,43
-146,28
-140,36
-144,-6
-143,-33
-131,-68
-124,-82
-134,-66
-134,-65
-125,-81
-136,-50
-136,33
-116,90
-80,117
-44,142
-14,144
63,130
116,90
119,86
131,52
147,3
149,4
148,5
135,48
132,70
141,49
144,25
145,8
144,-26
146,-18
149,2
144,34
138,59
118,86
118,86
123,74
47,123
-49,129
-106,97
-91,116
-56,138
-30,147
1,148
20,146
59,133
114,78
145,-7
145,-34
147,-26
145,-35
129,-70
116,-94
95,-112
52,-135
10,-148
2,-147
11,-148
29,-144
83,-114
114,-92
70,-124
-6,-146
-20,-147
22,-142
90,-89
130,25
136,32
119,-71
61,-133
12,-149
5,-146
26,-141
-29,-140
-87,-118
-116,-89
-141,-48
-133,-44
-64,-110
-44,-139
-55,-136
6,-133
103,-80
142,-32
113,-72
46,-137
39,-139
98,-91
131,11
141,41
146,10
133,-50
139,-42
142,-35
139,14
132,-1
99,-100
99,-96
132,-4
139,-16
116,-85
127,-63
145,-33
145,0
129,61
115,95
103,107
74,116
-33,127
-97,108
-122,40
-119,-65
-135,-54
-147,-23
-135,-44
-88,-105
-18,-142
-2,-143
66,-120
112,-95
135,-51
148,-23
149,-3
148,20
148,-8
139,-49
135,-53
131,-57
140,-3
126,-56
105,-105
115,-94
126,-78
104,-103
70,-128
50,-133
100,-103
117,-91
126,-70
121,13
112,88
137,42
143,-25
140,-33
109,-82
34,-142
0,-148
-39,-140
-12,-142
60,-129
94,-113
49,-134
11,-147
54,-131
91,-116
66,-134
11,-147
-24,-147
-29,-145
18,-137
98,-102
128,-75
108,-103
87,-122
80,-126
39,-139
10,-142
76,-121
115,-94
131,-54
144,-25
131,-68
98,-109
45,-137
-54,-118
-108,-87
-58,-130
-65,-129
-125,-63
-132,-57
-129,-65
-145,-9
-139,-34
-129,-54
-52,-112
45,-131
92,-115
85,-124
93,-114
118,-87
115,-94
105,-105
119,-50
113,65
18,117
-87,111
-95,113
-66,130
-90,115
-105,107
-107,104
-103,104
-131,56
-141,-1
-92,-82
-17,-143
-25,-148
-49,-142
-80,-123
-124,-74
-147,-16
-143,37
-137,49
-129,-29
-68,-112
-5,-145
15,-147
44,-142
88,-107
114,-83
52,-130
47,-139
57,-138
21,-142
54,-115
127,-66
116,-86
60,-130
3,-147
-4,-149
9,-149
-5,-148
-52,-134
-59,-131
22,-131
78,-125
80,-127
78,-128
81,-125
85,-123
85,-123
77,-128
89,-120
82,-124
92,-113
112,-97
87,-121
96,-107
135,-56
135,-63
121,-86
132,-61
144,-33
146,-4
135,49
139,33
132,-51
104,-105
73,-122
-13,-140
-46,-142
-54,-140
-67,-135
-84,-119
-106,-93
-39,-126
59,-120
118,-77
86,-110
83,-120
85,-120
43,-141
-3,-148
12,-141
92,-106
135,-59
144,-40
138,-52
130,-69
137,-50
112,-92
108,-102
122,-81
118,-86
131,-68
115,-83
26,-131
11,-136
87,-112
127,-71
141,-47
132,-69
125,-78
133,-19
141,14
141,-25
136,34
122,84
119,91
123,85
105,102
119,84
144,39
146,32
133,53
109,99
114,94
128,75
137,47
148,0
148,6
146,26
146,14
143,-36
145,-30
146,-2
140,-40
132,-73
134,-63
144,-40
143,-38
107,-89
72,-128
21,-140
-67,-128
-113,-96
-111,-99
-106,-104
-73,-124
-57,-136
-102,-100
-130,-67
-128,-74
-94,-103
-71,-130
-81,-124
-52,-137
-44,-142
-41,-142
-22,-146
-28,-143
16,-144
40,-141
74,-116
92,-108
31,-142
-22,-146
-59,-134
-92,-116
-108,-103
-130,-74
-139,-54
-135,-57
-130,-71
-102,-98
-63,-131
-78,-126
-67,-128
-65,-126
-121,-56
-120,63
-107,104
-107,103
-120,80
-143,32
-147,-2
-145,20
-140,-5
-98,-88
-1,-133
76,-116
10,-122
-85,-118
-84,-122
-70,-132
-70,-132
-92,-116
-73,-124
-33,-143
-27,-138
64,-103
135,-16
144,-9
137,-57
143,-29
148,-7
137,-49
105,-103
114,-85
132,-2
106,91
71,127
75,126
113,68
128,-48
78,-122
59,-137
57,-138
28,-146
50,-133
110,-65
116,54
75,123
21,137
-26,141
-84,107
-134,58
-134,63
-133,66
-138,54
-140,40
-133,60
-99,100
-67,131
-69,131
-38,137
50,130
68,127
66,123
124,72
109,90
48,134
-13,145
-46,142
8,141
13,135
-81,110
-129,60
-126,-25
-63,-117
4,-145
-10,-145
-46,-141
-26,-144
40,-135
80,-124
74,-124
14,-142
-24,-138
42,-132
31,-144
-11,-149
-31,-147
-39,-143
29,-128
97,-104
131,-41
137,-38
122,-67
132,14
125,-20
67,-122
67,-130
52,-137
44,-138
50,-138
1,-149
4,-149
40,-139
94,-108
118,-37
106,83
119,84
145,30
148,6
146,22
146,9
147,-18
144,2
120,66
35,124
-67,123
-104,106
-108,100
-132,54
-120,67
-25,132
11,148
-11,147
-33,144
-72,111
-132,50
-146,23
-149,12
-149,22
-143,34
-144,-9
-146,-11
-144,8
-142,-32
-128,-62
-92,-111
-106,-101
-135,-31
-140,36
-144,-2
-135,-52
-139,-47
-146,-29
-148,-28
-119,-67
-73,-124
-69,-132
-64,-133
-78,-122
-111,-95
-78,-117
-54,-136
-70,-133
-71,-132
-28,-129
91,-88
134,-61
131,-68
140,-37
148,-17
148,6
149,10
144,-36
125,-83
112,-100
82,-120
44,-141
-27,-130
-106,-101
-110,-101
-88,-119
-92,-116
-112,-93
-108,-99
-126,-79
-137,-57
-135,-55
-101,-103
-97,-112
-122,-84
-140,-21
-136,52
-134,63
-140,42
-146,19
-132,58
-108,102
-118,85
-112,96
-111,98
-105,98
-135,53
-138,53
-120,82
-136,50
-146,29
-146,26
-145,32
-148,9
-145,23
-143,-4
-144,-35
-135,-56
-134,-60
-132,-64
-144,-17
-146,14
-128,64
-92,116
-46,140
-20,145
60,114
123,4
59,-116
-11,-147
-75,-115
-136,-56
-139,3
-77,104
11,143
-28,130
-115,73
-139,12
-135,-47
-140,-34
-126,-68
-126,-79
-135,-64
-140,-48
-137,-52
-125,27
-110,89
-125,2
-113,-89
-130,-73
-143,-43
-145,2
-140,51
-136,60
-141,46
-144,23
-140,-30
-95,-91
10,-133
76,-126
80,-126
88,-117
54,-125
-61,-123
-105,-106
-99,-111
-73,-128
-9,-135
52,-131
-7,-143
-41,-141
16,-138
97,-100
127,-77
118,-91
108,-103
109,-103
111,-92
139,-36
146,-17
143,-38
98,-92
26,-140
32,-145
15,-147
16,-146
-18,-146
-2,-145
27,-146
52,-133
107,-99
131,-53
144,3
145,-19
147,-22
147,-4
142,10
135,-34
142,9
148,7
145,-32
138,-56
140,-51
131,-69
110,-101
85,-119
111,-57
132,45
140,52
132,65
120,84
139,46
142,44
136,58
144,35
142,43
124,72
86,115
97,111
131,60
137,52
123,83
106,107
96,112
67,130
71,131
71,129
56,134
95,112
94,109
52,137
26,147
25,147
40,142
16,144
57,127
105,103
95,115
83,122
26,140
10,147
78,115
139,43
149,11
144,33
139,49
127,67
84,115
74,126
67,131
64,135
57,135
-1,144
-35,145
-4,148
-21,140
-54,138
-17,147
-9,147
-29,145
-71,116
-130,59
-121,76
-53,132
-11,148
-18,146
11,148
49,139
97,106
136,28
144,-34
111,-80
-4,-124
-8,-135
61,-131
106,-96
122,-80
100,-110
110,-88
140,-22
145,-14
131,44
87,113
21,141
-15,148
15,148
55,139
88,121
110,97
76,120
89,97
132,19
120,69
86,116
73,132
93,116
90,118
103,103
122,81
109,96
104,91
21,132
-56,134
-84,122
-55,134
-36,143
15,141
71,128
34,140
-46,116
-124,10
-122,-74
-102,-104
-123,-81
-144,-40
-137,-46
-119,-85
-110,-99
-79,-122
-41,-141
-16,-138
74,-112
130,-63
141,-43
114,-92
82,-125
88,-118
106,-103
43,-128
-43,-140
-48,-140
-16,-147
-5,-146
-72,-103
-141,-6
-146,31
-147,29
-142,43
-130,71
-100,103
-48,137
-79,120
-124,71
-139,-9
-147,-24
-145,22
-144,26
-137,-33
-91,-105
-44,-139
8,-144
53,-137
-5,-137
-41,-137
-7,-147
23,-146
-1,-143
-87,-108
-140,-37
-147,-12
-137,-52
-124,-77
-78,-116
-13,-141
-63,-113
-138,-30
-139,-36
-101,-101
-76,-128
-79,-125
-115,-76
-120,43
-115,68
-136,-24
-91,-98
-50,-135
-91,-115
-105,-102
-130,-18
-130,67
-126,70
-136,9
-146,-26
-136,-49
-69,-104
33,-136
58,-134
17,-136
75,-82
142,-3
127,51
59,123
8,143
49,131
1,127
-85,117
-104,107
-102,108
-123,65
-142,-11
-133,-59
-96,-106
-64,-130
-42,-141
-27,-143
-4,-146
-33,-143
19,-136
99,-98
109,-98
90,-118
117,-83
117,-86
114,-81
139,-6
147,18
148,-3
145,-31
133,23
119,84
135,30
144,-30
138,-50
143,-8
119,68
52,131
12,147
43,143
50,140
59,134
-4,121
-115,73
-136,56
-124,77
-140,35
-149,-7
-150,-3
-149,24
-146,2
-145,-23
-146,-13
-148,0
-136,54
-93,110
-37,144
3,147
81,106
141,31
140,38
113,78
52,131
62,134
78,124
35,142
3,145
66,113
127,69
128,77
130,72
142,35
146,-16
132,-65
130,-73
120,-88
110,-100
126,-60
142,18
145,13
129,-61
111,-98
130,-68
144,-39
145,-33
145,-30
141,-47
141,-36
147,-7
141,-45
121,-84
85,-118
0,-142
-74,-125
-122,-83
-139,-55
-137,3
-110,93
-108,101
-119,88
-137,54
-146,30
-147,-6
-148,10
-144,34
-145,23
-134,-27
-83,-109
-53,-140
-63,-136
-84,-123
-104,-107
-109,-101
-68,-121
-5,-145
-28,-146
-41,-140
18,-141
24,-143
-35,-143
-41,-144
-49,-138
-107,-98
-138,-50
-148,-5
-143,32
-112,92
-100,111
-106,93
-136,37
-113,80
-64,133
-81,121
-119,85
-140,37
-145,16
-141,5
-146,-18
-148,3
-146,-9
-132,-55
-111,-99
-113,-98
-132,-63
-139,17
-131,36
-125,-59
-117,-93
-110,-100
-91,-119
-72,-130
-59,-133
-112,-84
-143,-40
-142,-40
-144,-1
-133,62
-100,108
-64,136
-53,141
-49,142
-51,136
-97,100
-77,118
-43,143
-62,137
-56,139
-36,146
-35,145
-51,140
-45,143
-54,135
-98,106
-124,78
-125,77
-72,121
17,141
17,146
17,142
97,101
143,22
146,-29
147,-4
148,22
149,24
144,10
131,51
140,15
142,-23
141,27
124,75
95,111
55,133
79,122
79,124
64,130
8,141
-48,138
-91,107
-135,35
-140,-35
-124,-74
-68,-124
-8,-146
-30,-142
-85,-118
-28,-126
85,-102
130,-73
128,-76
123,-84
119,-89
120,-81
142,-24
148,-17
143,14
137,57
140,58
130,64
64,120
18,146
0,149
32,142
88,120
109,104
98,111
85,123
83,122
66,132
87,122
96,115
110,99
133,67
143,30
126,-51
37,-130
-45,-140
-87,-119
-77,-128
-66,-133
-112,-81
-146,-20
-145,-5
-133,49
-134,9
-119,-76
-121,-86
-131,-72
-134,-63
-144,-5
-136,-24
-103,-97
-56,-130
37,-127
102,-98
128,-3
123,79
133,61
143,6
118,57
47,129
-22,145
-47,143
-57,138
-54,133
-102,99
-58,120
52,128
108,94
79,113
41,141
71,129
104,103
135,66
132,69
109,97
44,115
-70,119
-101,104
-129,29
-133,-56
-131,-60
-146,-13
-148,4
-148,24
-128,58
-107,86
-141,29
-149,1
-145,-16
-143,20
-145,13
-138,42
-119,91
-116,86
-132,2
-92,-95
-11,-142
13,-147
56,-121
122,-79
133,-64
140,-46
128,-72
96,-106
73,-119
123,-40
144,28
149,14
151,2
148,-16
140,-52
138,-53
126,-78
131,-62
142,-43
147,-13
148,24
148,29
148,19
148,-10
149,-8
148,5
147,13
140,42
141,37
145,-21
130,-69
85,-121
18,-140
-42,-141
-38,-146
-52,-141
-82,-124
-85,-123
-67,-128
-6,-143
48,-136
68,-131
70,-127
112,-95
112,-100
110,-95
136,-53
142,-48
144,-34
137,-58
136,-57
142,-38
136,-59
129,-74
93,-116
73,-130
62,-135
27,-139
-62,-127
-80,-125
-42,-137
30,-136
89,-118
98,-113
47,-134
-18,-146
-11,-148
-28,-146
-50,-141
-80,-126
-100,-112
-92,-119
-86,-121
-61,-134
-45,-144
-78,-127
-119,-87
-141,-49
-146,-24
-136,-50
-138,-34
-135,47
-122,77
-55,126
-23,146
-31,147
5,147
56,130
120,82
127,78
132,64
140,40
145,-18
132,-67
91,-112
53,-138
87,-112
119,-12
125,73
135,50
145,4
138,44
139,53
148,20
143,35
141,27
147,-17
142,-42
146,-29
145,-32
147,0
142,39
136,52
143,-10
146,-6
144,31
144,-13
143,-34
144,-29
139,-40
145,2
149,-5
149,-9
142,-28
119,-78
133,-57
117,-77
62,-132
77,-126
79,-126
28,-140
-57,-131
-83,-124
-74,-129
-46,-139
-29,-147
4,-144
66,-129
105,-103
86,-112
23,-139
59,-127
24,-140
-35,-142
-27,-143
-67,-129
-103,-111
-105,-106
-85,-119
-113,-75
-139,15
-135,-25
-137,-52
-149,6
-146,30
-146,30
-139,53
-106,101
-64,130
-68,126
-45,136
-92,105
-136,41
-143,-22
-137,-52
-126,-73
-132,-63
-137,-51
-147,-17
-145,25
-130,67
-140,43
-140,40
-97,100
-75,129
-43,135
17,146
-22,138
-102,92
-114,84
-41,137
16,144
88,115
115,95
126,80
122,81
86,117
51,138
83,116
130,72
136,62
135,60
131,67
127,75
137,24
137,-49
135,-57
109,-99
51,-136
-30,-143
-56,-139
-27,-142
31,-142
7,-142
-55,-133
1,-135
37,-135
-75,-93
-145,-5
-137,48
-104,102
-120,78
-143,37
-143,3
-128,-66
-125,-77
-141,-36
-112,-82
-82,-122
-51,-133
-18,-146
-61,-133
-105,-101
-136,-50
-144,-3
-120,76
-75,126
-93,111
-108,102
-85,121
-87,121
-36,129
74,111
64,125
39,143
68,129
63,123
-30,135
-65,133
-86,116
-113,96
-129,44
-143,-21
-149,4
-144,26
-144,-14
-145,-24
-130,-50
-110,-98
-101,-110
-111,-98
-133,-61
-107,-96
-62,-132
-32,-146
-41,-142
-80,-118
-49,-130
-17,-148
-25,-148
-18,-145
26,-144
54,-138
11,-144
-55,-139
-68,-134
-77,-128
-74,-130
-88,-119
-123,-79
-111,-82
-14,-128
64,-131
60,-131
-26,-137
-86,-120
-50,-127
28,-141
50,-141
39,-144
19,-148
0,-149
-44,-136
-105,-101
-103,-104
-67,-128
-72,-124
-102,-103
-91,-116
-119,-86
-142,-43
-144,11
-126,76
-73,123
-22,147
-11,149
55,130
128,69
146,34
146,35
147,17
122,-57
37,-134
-3,-148
-22,-147
-54,-140
-74,-126
-123,-74
-141,-9
-140,41
-125,67
-95,113
-90,118
-76,128
-44,141
1,151
15,151
16,151
-3,148
-24,147
-15,149
-56,131
-112,94
-109,100
-35,135
48,139
81,126
69,132
91,116
132,59
144,33
142,-12
139,-50
147,-23
136,25
103,101
108,97
142,21
120,-70
82,-124
76,-129
87,-119
94,-113
57,-132
99,-87
140,-44
146,-25
147,-6
118,46
88,110
129,58
145,11
128,-58
125,-79
139,-33
145,25
149,24
149,12
140,40
141,45
143,41
104,84
20,137
37,139
44,137
37,142
95,98
126,-24
124,-69
140,5
131,68
120,85
91,111
106,102
104,104
47,134
-43,114
-110,-14
-86,-114
-58,-137
-73,-131
-80,-123
-36,-141
-29,-147
-43,-140
-108,-73
-139,-10
-87,-87
-7,-142
18,-148
35,-143
31,-144
33,-142
41,-142
10,-145
73,-111
128,-41
115,66
103,108
128,72
139,54
112,92
105,106
114,97
101,110
80,123
2,127
-104,82
-124,76
-135,59
-142,45
-143,16
-149,-18
-150,1
-148,-8
-143,-26
-139,32
-134,-5
-122,-80
-91,-113
-46,-138
12,-143
1,-145
-51,-141
-68,-134
-55,-135
-83,-107
-93,-107
-67,-133
-99,-94
-138,12
-133,65
-142,28
-149,-6
-148,11
-146,11
-136,-47
-100,-104
-98,-107
-100,-95
-10,-130
77,-122
105,-106
93,-115
109,-95
115,-94
104,-107
93,-115
47,-138
62,-130
102,-105
103,-106
50,-134
0,-148
-36,-144
-68,-130
-107,-105
-94,-114
-83,-124
-109,-101
-126,-79
-124,-84
-126,-80
-119,-88
-106,-102
-96,-112
-105,-101
-129,-75
-119,-89
-88,-112
-18,-143
-29,-144
-95,-110
-119,-87
-113,-98
-108,-101
-77,-126
-71,-132
-74,-132
-81,-126
-99,-112
-109,-102
-131,-67
-148,-12
-148,23
-139,55
-143,33
-149,1
-143,-35
-142,-51
-146,-7
-137,58
-125,84
-122,90
-118,92
-98,104
-1,136
78,125
108,103
116,94
135,59
148,9
149,-4
149,-2
147,2
131,58
94,110
71,132
82,125
107,98
75,120
43,142
74,118
133,23
147,-24
146,2
131,62
136,58
147,29
137,48
110,97
111,101
106,97
48,132
72,122
131,66
148,23
149,0
147,-6
123,52
51,128
28,149
44,142
-15,139
-70,130
-50,139
-45,138
-105,89
-122,70
-42,129
33,144
79,124
117,85
96,107
79,126
68,128
42,141
59,133
94,115
126,48
144,-30
143,-4
105,82
40,137
45,134
107,99
98,101
73,126
117,82
145,26
129,-43
75,-121
93,-106
86,-114
69,-126
87,-118
33,-141
-52,-134
-115,-75
-135,27
-131,-5
-97,-98
-28,-139
26,-146
44,-141
29,-145
-23,-147
-29,-141
41,-138
62,-136
59,-136
89,-120
98,-112
84,-119
121,-57
139,26
134,-20
123,-84
125,-85
96,-111
88,-117
98,-112
118,-72
144,-5
147,-17
145,9
136,49
138,-2
140,-37
135,-42
118,-81
136,-52
140,-45
148,-15
146,4
123,70
79,119
18,141
25,143
78,118
63,130
50,138
15,147
3,148
66,114
139,32
145,12
109,77
62,132
77,128
85,123
99,111
98,113
114,97
110,97
68,130
31,142
-27,140
14,139
86,120
120,70
143,-8
147,11
147,18
131,44
121,73
143,-1
148,-15
148,-7
129,-62
121,-77
132,-62
105,-102
50,-136
11,-147
-37,-137
-50,-131
21,-144
76,-120
120,-85
134,-43
144,10
137,-33
137,-6
109,79
64,130
20,137
-36,142
-30,146
-59,133
-95,111
-124,79
-121,84
-125,77
-101,110
-74,129
-60,135
-67,133
-88,115
-114,97
-100,110
-78,126
-47,143
-49,142
-38,145
-16,148
-39,142
-41,143
37,129
124,71
145,34
141,-28
102,-101
50,-137
-18,-146
-51,-140
-63,-137
-70,-134
-71,-129
-71,-127
-95,-113
-42,-133
28,-141
43,-142
83,-113
131,-64
127,-79
101,-109
104,-86
135,12
140,52
146,31
121,68
86,121
70,132
53,139
99,100
136,58
144,36
126,67
113,91
118,77
82,118
112,80
144,22
146,11
148,3
134,25
62,111
6,149
-27,137
-106,92
-129,78
-136,55
-148,12
-150,9
-148,22
-138,58
-122,87
-84,120
-72,131
-71,132
-23,144
0,148
-32,145
-80,119
-122,83
-134,67
-137,60
-145,27
-146,8
-147,-14
-131,-32
-88,-109
-109,-96
-142,-24
-145,32
-137,52
-78,114
-45,140
-64,136
-78,120
-127,60
-138,50
-136,61
-141,49
-140,42
-110,92
-113,88
-139,52
-144,43
-147,9
-149,-9
-140,37
-138,35
-133,-44
-104,-101
-63,-132
-27,-146
9,-149
16,-147
5,-143
64,-130
76,-129
8,-130
-110,-64
-139,33
-136,59
-135,53
-136,52
-131,61
-144,31
-118,80
-73,129
-60,137
-88,120
-113,93
-135,39
-146,-11
-147,-2
-143,-32
-143,-26
-147,2
-142,31
-130,71
-141,40
-140,41
-131,60
-145,18
-146,-3
-137,-53
-142,-43
-149,3
-147,-2
-123,-66
-118,-85
-137,-54
-144,-31
-144,-17
-147,21
-147,28
-149,9
-149,-13
-146,-28
-149,-14
-144,-35
-137,-59
-132,-68
-140,-38
-130,-67
-132,-71
-146,-19
-125,58
-21,126
70,129
84,124
87,122
59,135
48,140
96,109
129,76
109,96
46,133
-42,131
-97,111
-116,92
-130,76
-87,113
14,138
84,122
89,120
66,132
80,123
36,123
-61,123
7,126
113,88
140,51
140,44
149,2
138,-34
68,-112
-52,-120
-44,-127
-9,-147
-12,-146
-44,-138
-46,-139
-22,-145
-89,-102
-135,-52
-114,-89
-64,-124
31,-132
76,-122
116,-77
142,-41
130,-66
118,-87
133,-10
119,76
47,127
-60,113
-134,41
-141,40
-132,67
-140,43
-139,52
-125,77
-107,103
-116,93
-131,69
-141,44
-145,21
-144,21
-132,69
-134,57
-144,-8
-121,-73
-104,-100
-105,-90
-18,-130
51,-134
52,-137
89,-117
85,-120
49,-140
30,-141
-9,-144
34,-141
42,-143
29,-146
66,-130
95,-114
108,-99
133,-50
145,6
111,73
53,134
64,133
62,135
80,127
86,124
96,115
107,106
106,106
120,82
119,69
83,114
104,104
108,100
138,28
148,-25
149,-24
143,-38
114,-91
117,-83
142,-18
143,37
147,35
147,5
137,30
137,29
136,-53
118,-93
122,-84
137,-54
143,-38
137,-48
86,-111
10,-141
63,-103
124,1
128,69
136,60
98,98
34,141
10,147
-22,146
8,148
26,146
7,144
-40,139
-96,104
-92,108
-44,141
-58,133
-106,99
-132,59
-147,2
-139,-45
-83,-106
6,-138
69,-129
94,-105
118,-87
88,-120
54,-139
37,-145
-1,-146
-45,-143
-29,-143
-1,-148
37,-142
80,-121
85,-119
22,-145
-30,-145
-64,-133
-15,-137
24,-141
85,-86
138,7
140,-9
137,-53
144,0
133,56
84,108
36,140
40,141
35,145
70,133
66,131
-10,135
-84,119
-118,86
-127,75
-96,111
-98,107
-133,51
-143,44
-141,51
-145,31
-142,-17
-143,-42
-139,-50
-144,-26
-139,-46
-124,-83
-97,-111
-74,-129
-108,-93
-145,-28
-147,-26
-138,11
-98,99
-108,91
-141,26
-149,18
-147,34
-133,65
-95,111
-104,105
-120,75
-142,1
-148,-22
-148,-25
-148,-26
-148,-16
-138,39
-118,86
-133,60
-146,6
-147,-12
-146,23
-146,23
-122,71
-50,128
61,126
100,110
73,126
56,138
56,135
111,81
140,46
139,52
134,58
95,106
68,131
75,128
56,137
12,136
-71,125
-89,121
-74,129
-54,137
-88,117
-121,77
-139,46
-104,96
-48,140
-23,147
4,151
32,146
89,117
127,79
125,83
112,92
82,123
82,125
105,99
138,39
145,26
146,10
146,-27
143,-41
124,-81
109,-102
121,-87
104,-105
102,-104
58,-134
18,-149
51,-132
115,-86
142,-45
98,-87
-5,-141
-77,-122
-127,-76
-127,-79
-106,-103
-84,-122
-74,-128
-81,-125
-77,-118
32,-113
127,-64
142,-47
121,-80
104,-104
95,-108
48,-133
98,-67
133,40
117,90
54,119
-26,141
-6,150
17,148
62,129
65,123
-6,142
-2,147
68,118
135,38
126,38
41,122
6,145
46,141
62,127
115,88
106,103
124,81
134,68
127,77
87,110
28,142
-46,130
-99,111
-104,109
-109,104
-99,110
-37,132
19,147
-36,130
-115,52
-132,-49
-98,-105
-79,-127
-91,-119
-88,-120
-68,-133
-51,-137
-22,-145
-75,-124
-72,-124
-26,-145
10,-144
29,-144
-21,-145
2,-146
10,-150
18,-144
65,-133
73,-131
84,-115
130,-62
117,-86
71,-127
43,-141
10,-149
20,-146
76,-120
110,-99
103,-109
102,-107
125,-67
143,-23
143,-34
148,-3
141,-26
113,-92
124,-58
141,27
142,47
139,52
108,98
76,128
70,134
69,134
73,132
97,111
123,85
129,72
143,37
145,0
124,-71
126,-75
139,-57
113,-94
75,-128
100,-104
114,-94
47,-129
-22,-147
-49,-142
-55,-139
-90,-114
-135,-35
-146,29
-141,49
-136,11
-122,-72
-137,-51
-146,17
-144,23
-131,-53
-114,-96
-102,-105
-54,-135
-3,-146
47,-139
25,-142
-61,-127
-67,-124
-51,-138
-105,-97
-144,-28
-150,-9
-142,30
-117,90
-95,115
-35,137
57,128
86,121
95,117
108,101
137,31
110,-75
40,-140
25,-149
-5,-146
-87,-115
-118,-93
-117,-94
-119,-85
-134,-1
-136,31
-140,-27
-150,-1
-148,15
-134,56
-102,106
-49,140
-9,149
47,136
75,126
22,142
-33,141
33,127
107,92
47,124
9,149
17,150
44,141
103,101
124,83
132,67
135,44
130,30
110,92
123,77
141,40
146,17
148,18
144,40
133,60
82,111
-22,126
-116,59
-141,30
-120,86
-109,103
-110,101
-118,92
-117,95
-97,113
-85,121
-113,96
-131,68
-110,86
-45,137
-70,122
-123,78
-140,53
-138,53
-103,102
-82,127
-106,94
-136,6
-128,-63
-140,-14
-135,52
-103,105
-55,134
12,146
20,147
41,131
119,43
128,-58
137,-31
146,-4
135,-55
99,-108
85,-123
90,-119
56,-132
38,-124
121,-56
145,-3
148,15
148,-22
141,-51
145,-22
146,-17
143,-38
148,-28
142,-6
121,71
124,79
145,12
142,-44
129,-68
108,-102
113,-95
130,-72
111,-94
125,-43
145,21
149,14
141,-11
115,-85
128,-47
147,-3
144,-30
112,-87
115,-85
139,-48
143,10
146,27
131,51
92,113
79,127
85,122
75,126
84,120
123,82
132,64
96,107
52,138
4,144
-30,145
-21,147
-29,143
52,131
122,82
143,41
147,22
136,55
119,87
121,84
130,72
141,43
149,3
146,20
142,-11
133,-64
137,-56
115,-87
51,-136
1,-146
40,-138
69,-134
80,-125
110,-99
134,-61
138,-51
119,-88
121,-83
91,-111
36,-145
13,-149
-38,-141
-94,-115
-131,-70
-144,-29
-147,11
-145,34
-143,7
-140,-43
-140,-50
-124,-70
-114,-87
-140,-38
-127,-65
-110,-101
-105,-107
-117,-92
-124,-84
-107,-104
-104,-106
-125,-79
-124,-78
-102,-105
-118,-88
-132,-65
-111,-93
-98,-114
-109,-104
-116,-91
-105,-99
-67,-133
-38,-143
-19,-145
-76,-121
-80,-123
-81,-123
-125,-62
-117,53
-41,137
25,144
85,116
132,59
143,-15
130,-72
128,-74
111,-99
110,-97
131,-69
144,-27
148,11
149,-5
145,-30
147,-6
149,3
142,39
127,77
85,115
21,143
-6,150
-40,136
-109,88
-138,11
-142,-13
-95,87
-24,145
21,148
45,144
64,135
92,118
126,77
140,54
144,44
147,5
141,26
144,9
141,-2
135,55
116,88
127,71
141,49
149,7
148,-19
137,32
99,102
47,138
17,145
67,121
110,100
100,111
91,118
124,57
126,-53
116,-87
141,-26
138,35
96,101
-1,128
-67,131
-48,142
-29,144
-68,112
-133,22
-141,-35
-117,-86
-127,-69
-146,-24
-125,-67
-124,-83
-137,-59
-135,-62
-126,-81
-133,-69
-139,-53
-147,-5
-141,37
-105,93
-112,90
-142,33
-150,3
-144,36
-119,79
-71,127
-77,122
-122,60
-120,-45
-64,-128
-46,-142
-44,-142
-67,-132
-49,-136
-11,-149
-18,-150
-31,-147
-12,-148
-17,-146
5,-136
98,-98
137,-28
142,40
143,38
142,-33
105,-99
46,-139
36,-144
58,-136
74,-128
70,-134
50,-143
31,-148
-15,-145
-67,-131
-107,-103
-137,-49
-147,19
-106,89
-35,143
-10,149
11,149
55,139
95,115
124,73
145,14
138,46
133,67
142,51
146,8
125,-71
73,-126
-8,-145
-73,-128
-97,-109
-101,-101
-131,-64
-139,6
-140,54
-134,67
-136,50
-142,34
-139,38
-122,74
-125,-6
-96,-101
-100,-99
-126,-70
-139,-18
-146,33
-143,39
-143,14
-145,-21
-137,-46
-126,-81
-127,-80
-109,-90
-37,-131
59,-118
78,-119
55,-136
88,-122
100,-112
113,-99
131,-62
138,13
125,78
118,91
78,117
16,141
-27,145
-1,150
59,130
107,100
115,84
139,-5
146,-18
145,14
94,80
-6,136
-35,144
-9,150
-21,144
-7,131
89,111
115,98
135,38
122,-67
100,-108
73,-128
73,-131
84,-124
109,-83
140,8
145,41
145,17
127,-53
112,6
88,110
102,109
120,90
139,55
148,21
148,20
146,-5
113,-84
66,-132
93,-109
118,-88
67,-127
28,-148
20,-148
9,-148
35,-145
33,-145
62,-133
85,-123
100,-111
96,-117
76,-130
69,-132
94,-116
93,-118
64,-131
-13,-143
-73,-127
-116,-87
-102,-98
-123,-66
-140,-48
-133,-68
-130,-74
-131,-70
-131,-69
-135,-55
-135,35
-116,95
-104,108
-111,98
-102,110
-105,108
-98,112
-65,133
-1,141
63,132
24,137
-40,142
-43,141
-77,111
-133,59
-114,83
-32,137
5,150
-6,148
-44,138
-108,86
-143,41
-139,52
-139,41
-146,8
-147,20
-147,22
-125,76
-109,104
-75,121
-38,141
-58,137
-29,141
-7,146
-60,121
-125,31
-147,-4
-131,-33
-85,-113
-31,-140
30,-141
19,-147
19,-146
50,-142
34,-147
11,-150
41,-137
85,-116
21,-137
-59,-134
-75,-130
-84,-125
-72,-130
-66,-133
-58,-138
-26,-140
41,-139
31,-147
15,-150
25,-147
15,-140
-81,-112
-95,-108
-53,-137
-94,-100
-130,15
-89,113
-62,136
-72,131
-73,129
-30,142
-43,139
-15,145
22,148
-14,141
-64,130
-5,135
104,86
132,-17
114,-77
110,29
55,129
52,139
96,116
110,101
114,95
120,84
106,99
84,113
67,128
98,110
56,130
-17,144
-34,144
30,137
102,104
107,94
42,134
-47,129
-73,122
-6,145
-15,146
-14,147
23,147
37,145
68,133
108,101
107,96
17,127
-27,140
51,130
121,72
140,-26
109,-101
77,-130
65,-136
53,-139
65,-132
68,-123
109,-91
96,-107
125,-56
140,-39
106,-101
31,-138
-70,-120
-128,-72
-125,18
-66,123
-9,142
59,135
91,116
97,114
98,112
41,129
-56,127
-98,110
-111,89
-142,19
-148,14
-143,47
-145,5
-140,-7
-85,94
-38,143
-69,126
-116,89
-136,52
-139,46
-94,107
-26,144
19,146
32,133
-67,113
-86,118
-79,122
-112,97
-129,54
-145,-11
-146,-5
-144,39
-124,67
-72,119
-111,59
-130,-50
-98,-106
-47,-138
-10,-146
-34,-135
-75,-126
-73,-128
-109,-95
-78,-116
-20,-143
-63,-128
-104,-99
-138,-16
-146,28
-136,-29
-136,-50
-140,22
-128,-8
-74,-108
5,-142
29,-145
51,-141
62,-136
66,-132
111,-79
132,22
82,108
20,145
-32,142
-77,127
-65,132
8,143
65,133
107,103
116,94
115,92
61,119
-14,144
-61,134
-74,130
-76,124
-122,55
-149,10
-148,16
-138,53
-131,65
-143,9
-148,-1
-142,2
-121,-73
-93,-115
-60,-134
-90,-115
-106,-95
-71,-125
-94,-116
-108,-98
-141,-34
-150,16
-140,54
-131,61
-137,-17
-144,-31
-147,-25
-148,3
-141,32
-114,-46
-61,-129
-76,-127
-119,-82
-140,-52
-127,-72
-139,-40
-151,1
-148,-18
-138,2
-95,101
-76,130
-38,140
-27,140
-96,104
-137,43
-141,37
-106,103
-49,139
-26,145
-47,140
-75,125
-118,70
-135,41
-78,115
-32,146
0,149
40,145
62,137
76,129
107,92
142,5
141,5
127,69
135,55
144,38
146,35
144,45
140,44
112,85
130,54
148,-13
147,-3
143,-24
131,-67
93,-111
28,-135
-74,-120
-127,-74
-147,-17
-151,12
-135,56
-120,90
-104,108
-76,129
-76,130
-102,107
-118,92
-113,99
-86,120
-1,136
86,117
71,128
34,144
49,139
16,146
-9,148
-16,147
25,148
32,147
-27,132
-106,92
-62,114
33,140
88,117
100,111
85,123
105,101
140,34
148,-25
147,-21
149,4
148,11
149,6
146,20
147,28
149,16
145,26
110,81
106,93
136,38
113,83
99,112
121,80
144,36
143,-20
135,-65
131,-75
131,-73
142,-32
134,44
133,58
147,8
144,-31
147,-20
148,-20
139,-55
108,-99
75,-128
83,-119
118,-83
113,-96
89,-115
125,-53
145,11
134,-4
97,-101
102,-101
134,-65
143,-37
148,-4
150,-14
148,-25
145,-46
138,-63
136,-61
145,-38
139,-58
120,-89
124,-76
135,-57
120,-86
133,-30
143,25
144,-21
127,-73
122,-79
57,-126
-33,-143
-76,-128
-43,-135
26,-143
64,-134
76,-126
109,-98
128,-69
131,20
100,102
59,135
37,145
15,145
1,148
1,149
-14,149
25,146
43,141
-29,129
-118,71
-144,38
-146,33
-142,36
-115,87
-77,128
-34,145
-18,148
-27,148
-27,146
21,140
98,87
126,-36
109,-98
127,-54
146,4
124,-56
108,-90
134,-60
112,-97
110,-99
133,-57
148,-12
150,-4
138,-37
122,-76
135,-58
128,-78
128,-74
142,-35
149,-26
147,-25
146,-20
138,-20
123,62
128,28
133,-57
129,-77
129,-80
109,-101
75,-129
61,-137
43,-143
-26,-137
-105,-100
-86,-113
-85,-113
-136,-27
-123,73
-83,123
-41,140
-59,128
-53,129
39,138
101,110
98,112
57,134
-7,143
-44,141
-51,138
-83,119
-104,109
-99,114
-92,119
-64,133
-86,107
-138,43
-146,-8
-131,-61
-96,-110
-62,-134
-62,-135
-84,-120
-131,-53
-147,-7
-146,-26
-144,-45
-143,-42
-145,-24
-149,13
-146,26
-136,52
-106,102
-114,87
-118,89
-123,83
-133,56
-121,-33
-55,-125
-61,-127
-123,-76
-131,-71
-122,-84
-88,-116
-106,-98
-143,-34
-141,42
-98,107
-33,143
17,147
73,125
123,83
141,47
144,41
148,15
147,3
134,55
134,56
145,-3
146,15
149,-5
147,-30
146,-9
128,57
107,103
117,94
123,84
129,56
133,-43
96,-103
32,-143
52,-135
56,-130
-50,-123
-129,-58
-130,30
-70,120
-73,129
-96,111
-129,65
-114,83
-86,120
-112,93
-135,55
-141,-3
-115,-72
-50,-133
-6,-148
14,-148
3,-148
58,-120
130,-40
149,-17
149,-19
146,3
147,22
138,52
132,65
144,38
148,28
151,4
143,-37
137,-47
143,-33
114,-87
67,-127
81,-118
86,-114
108,-99
77,-127
45,-142
6,-149
32,-144
72,-129
94,-114
75,-130
42,-143
-9,-148
-48,-143
-35,-146
-15,-146
-82,-104
-143,-32
-149,-12
-134,45
-110,101
-97,114
-84,123
-109,99
-122,85
-93,113
-69,133
-24,140
82,103
140,43
148,-7
140,-54
103,-101
15,-137
-79,-121
-95,-115
-66,-134
-68,-134
-75,-130
-50,-138
8,-145
59,-129
120,-80
137,-41
134,40
126,80
124,84
133,67
113,94
74,127
27,143
47,130
106,100
73,120
23,142
79,112
105,102
67,130
81,125
105,106
112,102
126,76
136,-10
121,-82
125,-80
138,-48
145,-31
144,5
133,59
138,52
134,57
98,106
44,136
-48,124
-119,82
-140,42
-145,-9
-126,-71
-111,-102
-102,-110
-116,-86
-145,-8
-147,17
-146,-18
-147,-24
-149,-17
-150,-2
-151,9
-150,22
-148,22
-145,-9
-145,-32
-149,-13
-147,-7
-136,-53
-130,-73
-140,-52
-147,-29
-146,15
-121,77
-127,50
-146,14
-141,48
-132,69
-101,107
-56,136
-49,138
-16,147
11,148
-37,137
-76,129
-91,120
-109,97
-137,37
-149,15
-139,51
-120,91
-110,102
-106,105
-114,94
-113,99
-89,121
-96,111
-130,62
-147,26
-147,25
-143,13
-141,-40
-129,-63
-82,-115
-84,-118
-131,-56
-142,30
-133,68
-85,113
-20,146
40,139
95,114
99,111
80,127
87,122
118,86
115,94
116,95
115,91
70,126
42,144
28,147
6,151
12,150
51,137
69,129
23,145
17,148
38,143
57,138
92,118
129,55
129,-52
64,-128
-1,-147
-32,-146
-70,-124
-128,-71
-140,-42
-135,-49
-143,0
-132,-48
-82,-111
19,-133
82,-125
86,-122
117,-84
138,-57
142,-47
139,-19
114,76
48,131
-26,142
-80,122
-102,109
-85,116
-76,111
-134,51
-146,32
-142,12
-131,-59
-139,-34
-142,20
-124,-50
-87,-115
-19,-132
55,-134
33,-145
34,-145
47,-135
103,-102
121,-86
135,-25
128,62
129,71
122,67
99,105
131,61
147,31
145,36
146,8
144,-25
141,18
104,94
48,134
-37,135
-36,138
32,145
58,139
42,138
-44,123
-106,97
-68,130
-18,143
62,130
105,106
127,76
146,31
150,0
150,-9
147,-31
138,-53
128,-75
126,-58
136,-35
118,-86
124,-78
63,-118
-29,-143
-74,-132
-84,-125
-53,-135
9,-146
21,-144
78,-109
114,-93
98,-112
89,-121
81,-127
61,-135
10,-148
-26,-147
-27,-146
3,-144
61,-129
109,-97
127,-77
141,-27
149,14
146,27
134,60
135,65
134,66
135,62
139,52
142,30
136,-52
114,-96
96,-111
53,-135
50,-136
3,-147
-25,-147
-5,-147
-10,-150
-40,-144
-53,-139
-38,-144
-6,-141
78,-111
135,-55
144,-40
129,-67
69,-121
51,-137
70,-132
77,-129
21,-145
-25,-147
-22,-147
0,-147
33,-143
-10,-145
-76,-129
-97,-115
-100,-109
-126,-64
-131,-59
-126,-81
-139,-45
-147,-21
-146,-22
-135,49
-114,99
-121,86
-139,41
-145,13
-144,36
-131,68
-108,102
-67,133
-49,140
-72,119
19,118
125,68
148,8
144,-31
129,-76
114,-92
32,-131
-48,-139
-67,-128
21,-110
127,-34
150,1
148,13
148,26
148,30
136,60
106,101
70,130
70,130
101,107
72,123
31,147
31,148
32,146
48,141
102,105
126,80
120,90
99,107
63,134
29,141
78,96
123,-36
92,-117
74,-131
80,-127
55,-137
23,-147
47,-138
29,-140
39,-130
108,-46
102,83
91,119
85,122
77,127
75,130
83,126
100,113
93,115
33,130
-83,85
-143,-1
-143,-46
-143,-47
-146,-12
-146,31
-146,22
-135,59
-130,73
-139,37
-111,-52
-49,-125
-108,-63
-147,-6
-143,21
-114,91
-90,117
-28,142
19,149
63,129
68,122
-12,136
-93,101
-74,117
-20,148
-26,148
-20,148
8,149
25,147
17,142
-73,106
-132,48
-132,-33
-131,-61
-141,-32
-122,-79
-111,-97
-112,-93
-134,-58
-106,-94
-19,-125
88,-106
137,-45
148,0
146,-6
138,-52
140,-51
140,-54
141,-46
143,6
116,80
96,109
49,128
-12,144
-87,104
-134,63
-140,51
-137,-3
-91,-98
-60,-133
-72,-123
18,-128
100,-104
102,-108
109,-101
110,-101
104,-107
84,-124
39,-141
-6,-146
47,-131
92,-117
117,-80
144,-35
147,-31
147,-28
123,-75
58,-130
-15,-144
-17,-143
51,-135
90,-118
118,-84
139,-51
124,-83
118,-93
90,-114
30,-139
-71,-113
-135,-57
-134,-61
-140,-28
-144,30
-144,4
-138,-49
-145,-33
-147,-26
-123,-74
-74,-124
-22,-145
-8,-144
63,-110
69,-115
-17,-144
-46,-138
-101,-103
-138,-53
-122,-64
-54,-129
-64,-130
-110,-100
-112,-94
-76,-122
-77,-125
-77,-127
-41,-134
45,-135
75,-129
34,-142
-11,-148
32,-138
97,-108
130,-63
148,-9
150,4
144,-23
107,-87
22,-142
17,-143
75,-126
79,-127
67,-128
118,-80
134,-66
115,-94
123,-61
136,33
137,59
146,9
132,-63
103,-108
105,-103
71,-124
48,-141
62,-137
29,-145
-11,-149
-29,-145
-49,-142
-61,-133
-122,-74
-147,-1
-124,53
-38,131
-5,150
-21,148
-22,147
16,147
66,132
59,137
55,140
68,135
54,136
30,141
93,107
138,47
149,-10
147,2
132,57
129,72
122,85
137,41
146,-8
125,53
84,116
80,125
45,139
14,148
35,146
75,128
126,69
148,5
143,2
98,86
9,133
-75,121
-66,134
-67,129
-121,59
-142,-28
-135,-63
-116,-93
-112,-100
-100,-105
-48,-136
-44,-138
-111,-74
-144,-38
-143,-21
-133,52
-140,42
-147,28
-147,20
-142,36
-147,18
-151,-3
-148,-13
-141,39
-111,96
-52,127
66,111
104,102
104,107
93,112
89,108
138,28
149,1
130,-57
86,-120
78,-118
127,-46
148,-6
151,-13
149,-25
140,4
79,98
33,144
52,140
63,133
100,107
56,129
-3,147
10,149
10,150
-37,130
-119,73
-144,32
-146,-9
-148,-19
-136,-31
-91,-104
-112,-90
-146,-30
-134,41
-113,85
-139,23
-147,24
-132,67
-95,110
-51,137
-77,121
-99,111
-63,133
-67,124
-120,75
-140,34
-126,73
-123,79
-135,60
-123,78
-141,31
-149,14
-149,-2
-139,-41
-97,-100
11,-125
97,-108
113,-98
111,-92
140,-38
149,-23
146,8
131,63
98,107
49,138
-2,147
-34,145
-14,148
4,148
-29,145
-7,147
60,131
119,80
129,70
106,102
66,130
63,134
71,132
42,138
0,147
50,137
109,97
130,73
137,59
145,0
142,-44
146,-24
146,-29
134,-68
117,-94
69,-127
13,-146
52,-129
122,-68
147,-28
150,-12
148,-26
131,-62
92,-115
63,-134
80,-116
120,-88
103,-107
37,-135
-42,-140
-85,-121
-72,-129
-28,-140
15,-147
-10,-149
-53,-134
-105,-106
-78,-119
-15,-143
-20,-147
-41,-143
-84,-122
-103,-109
-69,-122
13,-141
62,-134
83,-122
2,-133
-90,-113
-56,-128
-30,-143
-75,-128
-112,-93
-142,-44
-143,-5
-125,74
-109,101
-106,106
-85,123
-100,107
-116,95
-111,100
-104,99
-129,23
-108,-81
-32,-129
67,-121
105,-104
67,-132
51,-141
24,-145
-59,-124
-122,-82
-140,-19
-145,34
-132,56
-83,114
12,131
70,127
80,124
111,94
63,113
26,137
103,97
128,79
127,80
97,110
35,138
-43,137
-90,117
-116,79
-138,-10
-145,-14
-126,58
-47,129
-15,150
10,149
-22,137
-63,132
5,142
49,137
-28,129
-99,104
-60,129
-74,122
-122,83
-138,58
-142,25
-140,-41
-126,-81
-110,-102
-76,-124
-87,-106
-136,-42
-125,-73
-129,-74
-142,-40
-128,-70
-135,-51
-142,-37
-138,-11
-123,73
-75,124
-51,137
-96,106
-126,76
-116,84
-80,125
-56,135
9,148
14,145
-45,139
-53,138
-16,144
23,144
60,128
-16,130
-69,131
-33,145
-33,145
-72,127
-105,104
-127,74
-131,71
-110,101
-75,128
-44,143
9,142
102,99
126,82
98,110
80,126
114,89
145,32
148,6
142,-46
129,-76
125,-75
137,-48
102,-99
63,-134
20,-145
-41,-142
-89,-120
-119,-90
-141,-42
-146,12
-148,16
-145,2
-136,-52
-127,-76
-114,-99
-106,-104
-90,-120
-88,-120
-90,-113
-73,-123
-115,-78
-133,-41
-86,-105
-109,-71
-128,49
-120,85
-130,76
-131,74
-136,27
-118,-72
-109,-104
-120,-89
-123,-84
-127,-78
-119,-90
-132,-65
-141,2
-127,75
-133,67
-131,74
-121,86
-127,75
-133,66
-140,55
-145,21
-146,7
-137,-1
-129,-65
-139,-57
-143,-40
-143,22
-134,66
-141,53
-133,69
-118,94
-110,102
-110,88
-136,42
-99,95
-25,143
-31,142
-69,130
-47,140
0,150
-11,149
26,140
63,129
26,142
-35,130
-87,121
-88,121
-28,138
37,142
40,143
88,117
121,89
111,89
61,129
10,144
-16,145
70,101
138,24
126,65
106,102
49,133
-5,149
-38,141
-60,136
-55,137
-33,139
-90,75
-146,-5
-149,-25
-141,-51
-138,-55
-141,-6
-132,66
-135,65
-138,37
-143,-21
-133,-57
-129,-65
-147,-7
-149,4
-133,-43
-51,-117
9,-147
-20,-149
-44,-145
-49,-141
-28,-137
63,-120
107,-101
64,-131
18,-147
28,-138
84,-120
114,-94
135,-58
144,-10
117,68
66,130
48,142
69,132
46,138
-5,141
6,144
78,124
127,47
146,-19
139,11
97,99
84,119
129,45
119,-66
95,-115
108,-105
86,-118
76,-125
54,-135
-1,-150
-50,-140
-67,-132
-37,-144
-18,-147
27,-144
21,-145
52,-120
129,-61
144,-44
131,-73
121,-86
96,-107
122,-65
147,-12
149,-20
148,-23
146,-23
148,13
144,40
127,74
98,109
50,138
26,148
45,139
102,107
118,91
80,119
31,144
54,134
116,87
134,61
109,97
108,105
87,119
81,123
109,104
130,74
144,30
147,7
144,33
141,-23
122,-83
43,-128
-11,-139
72,-118
109,-105
98,-114
110,-99
126,-66
144,-2
145,35
138,49
50,97
-74,114
-68,131
-14,148
41,139
84,124
82,123
115,79
139,49
138,46
76,99
22,142
37,143
34,143
29,142
17,146
41,141
-33,134
-89,120
-85,122
-98,103
-125,71
-77,119
-82,120
-114,97
-127,73
-143,40
-148,7
-150,-16
-132,-48
-41,-116
12,-145
41,-138
77,-131
102,-97
139,-14
137,50
99,104
105,97
139,14
138,-38
136,31
95,106
100,105
141,40
149,-2
120,-57
35,-135
-4,-149
-19,-144
-32,-139
15,-144
54,-132
26,-142
-42,-139
-90,-119
-77,-127
-38,-144
-13,-148
14,-145
12,-146
47,-140
53,-137
28,-146
14,-148
-46,-132
-87,-116
-86,-115
-132,-62
-147,-15
-147,24
-138,50
-110,97
-61,136
-25,149
-45,132
-115,84
-143,23
-146,-23
-144,-40
-140,-48
-127,-77
-129,-76
-131,-72
-136,-55
-146,-28
-145,-38
-132,-62
-95,-109
-116,-84
-142,-49
-147,-36
-149,-18
-147,17
-144,27
-148,-7
-149,16
-142,48
-133,68
-139,44
-123,67
-51,132
-1,149
-10,144
-85,105
-135,59
-128,75
-107,103
-128,56
-137,-30
-127,-75
-70,-118
-4,-147
31,-146
9,-150
-42,-143
-73,-129
-16,-138
37,-144
20,-149
2,-150
33,-144
33,-147
-16,-147
-63,-136
-62,-138
-46,-141
-32,-145
-83,-123
-123,-81
-139,6
-137,53
-146,24
-148,20
-137,36
-100,106
-77,129
-44,139
35,137
100,100
39,113
-50,135
-37,145
-22,147
-47,139
-35,140
25,146
51,141
53,137
-22,123
-116,38
-142,-35
-148,5
-145,40
-145,19
-132,-42
-95,-108
-90,-121
-81,-125
-36,-142
12,-146
5,-146
-68,-128
-96,-115
-97,-119
-100,-110
-86,-120
-118,-90
-143,-29
-141,-8
-109,-86
-109,-100
-133,-62
-138,-48
-147,-11
-142,-30
-121,-81
-101,-111
-84,-123
-89,-117
-89,-108
-5,-134
77,-122
107,-102
130,-67
142,-17
140,44
134,67
125,80
105,104
73,129
87,122
96,113
36,134
-14,145
48,133
120,66
124,-52
44,-131
-16,-149
-37,-147
-37,-147
-21,-147
-22,-145
5,-149
-19,-144
-69,-122
4,-133
75,-127
89,-121
91,-118
35,-135
-83,-99
-145,-31
-150,8
-145,33
-134,-20
-77,-110
5,-141
9,-141
-78,-120
-111,-96
-84,-115
-79,-126
-122,-74
-142,14
-143,33
-143,-17
-127,-64
-129,-60
-108,-91
-88,-115
-15,-137
29,-147
51,-129
116,-78
133,-45
114,58
32,127
-78,102
-135,43
-108,91
-99,106
-129,46
-101,-67
-3,-135
13,-149
9,-151
6,-151
39,-139
105,-86
143,-13
136,44
136,28
144,-4
123,65
42,128
-27,146
-71,126
-124,65
-146,4
-148,-17
-143,-34
-134,-61
-99,-101
-64,-130
-86,-119
-118,-60
-131,50
-99,109
-109,100
-112,99
-117,91
-130,72
-112,96
-87,120
-83,122
-112,72
-141,-16
-148,-28
-147,6
-145,1
-141,28
-130,68
-141,15
-145,-33
-147,-24
-118,-60
-66,-129
-55,-139
-64,-134
-67,-135
-63,-137
-54,-139
-13,-145
-22,-147
-59,-138
-42,-141
-50,-133
-114,-87
-109,-99
-92,-120
-112,-94
-140,-40
-120,-73
-101,-110
-100,-111
-46,-121
67,-119
99,-109
58,-136
11,-149
-52,-136
-82,-124
-118,-79
-147,1
-139,48
-124,83
-134,62
-146,29
-150,19
-144,30
-128,-41
-116,-93
-124,-85
-139,-26
-143,12
-148,-15
-142,15
-110,94
-93,118
-106,105
-128,68
-121,83
-60,128
-17,144
-71,122
-90,115
-46,140
-27,147
33,144
96,112
123,83
96,111
99,111
98,102
59,132
82,123
46,134
-22,141
-60,135
-10,146
51,141
54,140
1,145
-24,148
-3,150
-32,138
-104,99
-120,93
-105,110
-79,121
-1,143
33,146
46,142
22,144
67,119
125,14
104,-99
40,-137
-51,-133
-45,-133
-18,-144
-66,-134
-98,-113
-127,-77
-127,-77
-109,-102
-122,-79
-144,-41
-140,15
-78,110
-60,133
-30,134
72,120
128,69
131,60
112,94
134,51
142,-34
132,-74
135,-65
134,-59
130,13
99,101
73,130
42,143
22,148
15,149
26,139
103,97
136,62
144,31
106,77
51,136
47,143
34,144
0,147
39,138
2,132
-85,118
-83,122
-40,142
-62,132
-45,138
25,146
64,137
79,129
81,121
19,132
-88,99
-115,91
-101,110
-110,91
-141,22
-147,-16
-145,14
-126,74
-111,99
-127,76
-141,45
-140,44
-134,-29
-116,-93
-101,-111
-83,-125
-64,-134
-86,-122
-109,-102
-128,-76
-117,-92
-110,-103
-107,-103
-72,-129
-87,-115
-134,-55
-92,-88
6,-139
35,-144
44,-135
99,-110
105,-109
117,-87
136,-58
132,-49
142,7
144,-20
146,-4
128,51
100,107
121,82
145,19
132,-54
106,-96
121,-7
108,88
126,67
119,84
135,63
148,27
148,-10
138,19
94,104
39,138
-7,149
-1,149
46,140
83,123
66,133
79,125
118,91
123,85
88,115
45,143
34,148
13,150
4,150
6,149
58,133
90,116
80,126
50,134
1,147
6,149
-8,149
-21,147
30,140
110,81
143,7
142,34
137,62
139,57
106,92
94,112
128,78
140,52
149,8
147,-20
144,-9
142,30
140,-26
142,-45
148,-25
141,23
139,47
146,-14
134,-57
135,5
119,81
78,122
27,140
27,144
62,136
43,140
31,143
88,117
123,85
140,53
126,74
128,68
149,20
148,22
140,-12
100,-102
36,-140
-32,-144
-81,-125
-108,-98
-137,-16
-132,-29
-106,-101
-94,-113
-24,-135
-2,-147
-48,-141
-95,-109
-137,-54
-137,27
-127,74
-140,32
-147,-7
-138,-42
-113,-88
-105,-103
-98,-103
-30,-138
-43,-140
-29,-135
56,-132
100,-108
122,-86
129,-70
141,-3
129,64
111,100
84,115
-3,130
-106,79
-142,41
-133,67
-111,101
-74,128
-73,123
-114,92
-115,96
-115,95
-121,71
-144,3
-149,-10
-150,-6
-148,-2
-144,39
-144,39
-134,64
-106,102
-76,128
-73,130
-80,121
5,131
109,72
143,17
112,79
89,117
128,73
146,38
144,44
139,57
139,53
122,82
110,100
132,62
148,10
150,-17
146,-40
132,-72
98,-112
64,-135
89,-117
122,-84
134,-69
141,-39
147,4
144,-27
145,-31
146,-27
141,-47
141,-49
144,-20
143,-8
111,-87
65,-133
35,-147
26,-147
7,-147
25,-138
93,-114
83,-125
41,-142
48,-118
124,-58
134,-67
139,-44
148,5
138,40
134,54
120,-41
52,-133
22,-149
24,-145
71,-128
88,-122
78,-128
80,-126
94,-112
63,-131
66,-125
91,-111
35,-141
39,-137
87,-121
84,-126
94,-117
73,-130
43,-144
38,-142
61,-121
126,-72
124,-79
92,-117
103,-107
110,-102
82,-123
62,-137
46,-143
30,-143
93,-93
137,-54
104,-101
58,-138
60,-138
90,-117
122,-77
143,-15
141,-28
124,-71
121,17
72,119
25,145
-4,149
21,141
106,90
146,10
146,-19
138,37
141,50
145,30
139,-20
142,-27
145,27
142,38
123,77
116,91
139,52
145,42
142,16
129,-61
135,-46
138,-35
90,-109
84,-104
128,7
101,99
102,100
143,24
145,-36
145,-20
139,36
122,82
123,84
112,96
117,87
142,44
139,49
125,77
96,113
111,99
134,68
143,42
149,20
147,19
131,63
123,84
142,46
123,73
113,90
142,36
149,1
148,-2
133,-55
106,-105
75,-126
-7,-138
-76,-125
-102,-109
-106,-102
-137,-51
-145,-45
-142,-53
-132,-68
-104,-105
-87,-120
-38,-138
11,-148
25,-148
29,-145
85,-106
118,-84
102,-108
111,-97
60,-123
-41,-135
-50,-136
-65,-128
-123,-40
-127,70
-95,115
-93,115
-94,114
-50,139
-68,119
-106,1
-40,-120
33,-143
85,-113
133,-46
148,0
148,-26
144,-23
140,30
137,49
115,87
131,73
133,68
74,110
-2,142
59,115
138,37
146,6
130,63
124,84
132,70
144,42
148,19
133,49
135,53
139,47
130,64
84,111
33,143
2,141
-43,134
19,142
39,143
-24,138
-99,105
-132,50
-133,-39
-134,-62
-145,-33
-146,-31
-146,-36
-146,-33
-146,-5
-146,4
-129,-58
-83,-117
-84,-123
-106,-100
-141,-25
-149,25
-148,21
-144,40
-141,43
-141,-18
-133,-65
-107,-95
-61,-134
-19,-146
-21,-144
-96,-97
-141,-5
-120,79
-90,118
-83,122
-24,144
20,143
98,69
131,-52
122,-85
139,-35
141,-28
135,-61
135,-62
142,-44
146,-30
140,-34
133,40
136,53
140,-24
142,-31
137,36
131,56
144,-7
143,-35
144,2
123,67
31,124
-66,121
-130,54
-140,51
-139,37
-147,-12
-140,-43
-86,-102
-46,-141
-45,-139
4,-140
-11,-139
28,-132
107,-83
144,-7
149,1
146,-30
140,-52
128,-68
56,-123
58,-124
125,-71
146,-18
137,-18
110,-92
123,-72
143,-37
144,-42
145,-14
134,50
77,111
0,144
-4,143
69,126
71,130
84,122
130,71
147,21
134,-51
100,-108
84,-120
119,-84
127,-75
81,-118
42,-139
-42,-133
-87,-119
-29,-140
4,-151
16,-150
18,-148
-28,-144
-99,-94
-144,-21
-133,-52
-129,-54
-134,40
-77,116
17,143
76,130
81,125
54,139
42,144
72,128
70,130
66,135
87,110
135,56
141,41
143,-23
124,-84
117,-94
122,-83
65,-124
-10,-147
-62,-131
-13,-138
43,-144
22,-146
-35,-145
-39,-144
-11,-148
-33,-144
-59,-129
-114,-77
-100,-97
-54,-134
-63,-127
-128,-66
-149,-23
-151,-5
-150,5
-143,-30
-117,-78
-27,-128
61,-131
99,-109
117,-92
120,-86
63,-124
-3,-146
51,-123
127,-54
134,0
81,100
52,140
88,120
121,87
91,103
-9,131
-98,98
-86,113
-58,136
-54,138
-71,131
-87,122
-111,98
-101,104
-9,135
13,141
-62,128
-111,96
-113,97
-78,125
-53,139
-57,131
-99,108
-111,88
-128,-13
-83,-107
-34,-143
-53,-140
-60,-138
-39,-141
42,-130
64,-132
49,-141
39,-144
28,-146
75,-116
126,-73
119,-90
119,-89
129,-76
117,-92
126,-82
116,-95
94,-110
77,-111
115,0
105,97
125,78
141,23
130,-61
116,-95
92,-118
80,-124
118,-69
133,-46
119,-82
129,-77
101,-109
66,-133
76,-122
-4,-129
-106,-97
-136,-27
-129,65
-120,89
-128,29
-123,-70
-105,-106
-61,-129
28,-131
118,-60
143,11
131,65
133,69
144,38
147,17
143,-8
130,-71
93,-110
86,-112
128,-23
145,31
149,-3
141,-46
136,-63
141,-50
126,-69
95,-112
117,-79
145,-12
144,36
146,35
143,2
122,-77
104,-102
57,-135
70,-130
102,-104
135,-43
138,-41
135,-55
123,-74
80,-124
70,-133
61,-130
108,-89
91,-112
27,-145
1,-149
45,-136
100,-108
125,-72
127,22
119,82
126,74
121,80
137,56
140,46
147,21
143,40
135,65
131,71
132,70
144,40
143,41
129,68
117,88
142,37
147,28
148,8
148,-32
111,-86
36,-137
67,-121
101,-109
84,-123
113,-85
139,-51
120,-85
92,-116
73,-128
88,-121
52,-131
-47,-136
-75,-131
-67,-135
-66,-135
-105,-100
-142,-25
-139,11
-125,-62
-112,-97
-84,-121
-73,-130
-107,-99
-133,-5
-102,98
-51,138
-13,145
43,141
48,142
47,142
31,147
19,149
27,145
-7,144
15,142
-8,137
-63,134
-54,140
-66,136
-61,139
-66,131
-71,127
-33,145
-35,144
-26,146
-5,148
24,148
48,142
94,101
129,-18
120,-88
107,-100
86,-119
104,-105
58,-131
6,-149
-36,-143
-39,-140
41,-130
116,-82
143,-43
148,-6
149,13
149,9
148,-12
133,-64
102,-107
32,-136
-4,-141
79,-110
114,-96
95,-115
95,-114
60,-137
28,-149
-7,-151
-13,-149
-21,-146
38,-121
122,-65
120,-86
108,-104
118,-95
110,-102
73,-130
48,-141
0,-145
21,-139
94,-100
138,-27
146,24
139,54
144,40
142,39
119,82
124,68
133,59
131,73
109,90
57,133
35,146
51,139
92,116
118,90
126,83
108,97
42,136
16,149
23,144
-52,128
-107,106
-111,101
-124,76
-142,29
-143,26
-143,-20
-145,-45
-148,-4
-145,-2
-138,-2
-122,76
-109,101
-122,85
-136,57
-132,60
-97,110
-84,124
-106,85
-143,8
-146,-14
-138,40
-95,103
-46,141
-71,123
-124,75
-108,92
-14,136
-12,140
-76,126
-90,121
-67,133
-74,122
-89,118
-31,140
55,135
97,112
55,130
-15,141
-5,142
47,139
106,91
137,54
120,84
131,69
147,13
128,23
34,117
-21,146
-13,147
34,135
103,104
95,115
110,101
134,59
144,27
134,59
131,69
136,53
101,97
62,133
96,111
122,88
134,44
123,-64
103,-106
119,-90
122,-87
95,-114
77,-123
114,-79
64,-109
-61,-114
-123,-68
-110,-97
-125,-77
-146,-11
-139,45
-93,106
-58,138
-71,132
-90,108
-130,21
-96,-85
-23,-143
-28,-147
-51,-140
-39,-145
-43,-141
-101,-92
-122,-72
-62,-124
13,-143
62,-135
56,-137
40,-141
83,-120
98,-112
113,-89
121,9
111,91
120,86
119,86
89,113
73,131
101,108
106,105
99,108
134,60
140,49
141,47
117,69
42,132
65,126
113,97
85,114
47,142
17,145
-17,148
-18,148
-48,142
-67,132
-77,127
-95,112
-91,116
-58,135
-1,145
-4,143
-75,119
-126,72
-144,42
-148,15
-147,23
-125,74
-100,108
-124,74
-144,20
-144,36
-113,87
-47,137
18,145
75,123
128,52
111,75
46,137
4,143
-80,104
-115,91
-121,82
-134,70
-127,80
-116,93
-128,65
-116,84
-112,97
-108,104
-118,89
-130,72
-134,60
-138,54
-141,49
-144,8
-120,-69
-118,-93
-134,-68
-149,-18
-151,15
-148,25
-146,-11
-138,-50
-132,-72
-119,-85
-57,-128
-19,-147
-50,-141
-60,-137
-72,-122
-134,-53
-145,-35
-136,-62
-144,-41
-148,-19
-149,-12
-146,30
-136,63
-113,95
-104,99
-135,59
-143,49
-146,32
-139,45
-109,99
-101,107
-96,114
-86,122
-108,98
-127,76
-142,46
-132,67
-95,114
-97,110
-105,102
-53,135
-12,145
65,120
114,97
103,106
111,96
132,64
142,2
132,-67
113,-96
62,-133
56,-136
108,-91
124,-82
94,-115
112,-88
141,-42
146,-33
147,-4
138,47
114,94
101,111
86,123
95,116
117,89
92,108
93,111
136,25
144,-41
130,-75
97,-111
69,-133
70,-129
18,-144
23,-147
62,-135
98,-105
136,-38
148,-23
144,-38
134,28
130,73
141,48
144,34
137,58
135,63
140,44
150,8
148,-21
130,-71
100,-109
94,-117
76,-127
63,-135
49,-140
21,-148
-35,-124
-112,-83
-101,-105
-99,-106
-60,-133
-46,-143
-75,-127
-123,-73
-145,-21
-148,-8
-145,-15
-144,-28
-146,2
-147,-12
-150,18
-150,20
-151,-1
-151,7
-148,18
-148,0
-145,20
-130,48
-52,124
-27,146
-45,144
-36,147
-14,149
37,143
85,122
97,112
37,137
-10,147
-58,127
-97,111
-42,138
29,144
57,139
61,136
102,106
137,39
148,-21
148,-19
146,21
146,31
144,37
148,27
146,34
139,57
141,33
148,-10
147,-28
126,-66
121,-77
134,-61
143,-32
151,2
151,1
149,-22
141,4
102,91
72,128
54,129
11,144
18,147
48,133
124,51
140,-45
119,-91
112,-95
128,-75
136,-41
143,28
133,69
125,84
97,109
64,134
86,115
133,60
145,39
148,13
145,-39
144,-39
138,-50
107,-102
88,-119
105,-107
108,-106
123,-87
128,-79
103,-102
8,-133
-96,-105
-142,-33
-147,12
-126,-49
-120,-78
-147,-24
-145,19
-131,71
-121,88
-127,74
-122,77
-121,86
-127,82
-127,81
-135,64
-144,44
-142,52
-129,76
-117,83
-139,3
-137,-56
-120,-86
-133,-43
-145,25
-144,-8
-142,-44
-147,-5
-144,38
-96,93
-27,140
-41,142
-24,146
41,141
92,120
111,98
140,40
146,32
133,62
96,107
70,132
77,130
97,112
130,70
133,66
138,49
120,80
93,115
108,101
122,89
130,67
130,-35
88,-118
30,-142
-3,-146
72,-105
137,-47
129,-71
98,-113
84,-122
73,-127
114,-79
135,-55
124,-79
140,-49
147,-32
144,-41
130,-73
117,-94
102,-108
104,-101
121,-19
84,102
18,144
-8,150
-17,148
-39,144
2,145
48,143
49,139
10,145
-38,138
-83,123
-80,127
-65,136
-30,147
4,150
-16,145
-12,146
7,150
-2,145
-79,103
-123,77
-94,114
-86,118
-125,67
-145,32
-144,29
-144,16
-111,87
-79,126
-109,92
-125,79
-123,87
-131,73
-125,82
-129,67
-142,-3
-115,-74
-73,-125
-105,-100
-91,-98
-8,-140
-7,-147
36,-136
88,-118
59,-135
41,-145
41,-146
52,-140
75,-129
63,-135
81,-123
68,-128
0,-146
2,-146
73,-117
103,-104
61,-135
6,-145
-23,-148
16,-145
49,-141
30,-146
-28,-145
-36,-140
34,-137
62,-127
104,-102
121,-77
140,-54
131,-72
105,-106
96,-116
107,-103
84,-120
80,-124
118,-87
138,-60
140,-45
143,-38
125,-81
113,-99
92,-116
51,-139
67,-131
91,-118
69,-133
66,-133
111,-85
139,-2
120,79
105,104
131,61
136,59
136,65
138,57
147,21
150,4
140,-42
98,-105
45,-142
-26,-140
-108,-96
-137,-59
-145,-39
-148,-2
-149,2
-144,41
-142,48
-143,38
-115,87
-86,123
-81,127
-69,133
-59,138
-69,134
-89,118
-112,101
-60,129
-6,149
-17,148
-62,130
-74,127
-5,145
70,122
127,72
136,62
148,27
150,5
150,10
137,-24
47,-115
-14,-147
-26,-147
-35,-146
-50,-137
-111,-89
-141,-42
-110,-85
-92,-114
-50,-116
57,-124
42,-141
17,-149
7,-148
23,-146
24,-144
84,-110
133,-57
144,-36
130,-68
138,-33
145,-22
127,-78
109,-101
102,-110
117,-84
143,-17
146,30
147,29
144,-14
139,22
120,76
82,120
70,130
109,78
142,-17
144,-38
114,-87
43,-129
-59,-122
-22,-133
64,-121
124,-79
137,-59
135,-39
118,58
103,109
79,123
3,138
-49,136
-75,126
-82,123
-114,90
-133,63
-129,56
-134,-28
-98,-102
-63,-134
-75,-127
-54,-138
-21,-145
-26,-147
-45,-142
-77,-128
-55,-128
9,-139
-24,-145
-76,-126
-89,-116
-72,-129
-91,-117
-120,-86
-128,-78
-139,-54
-114,-79
-80,-123
-65,-133
-12,-144
40,-143
33,-146
40,-144
20,-148
14,-149
23,-149
25,-147
65,-130
61,-135
53,-138
62,-136
47,-144
34,-147
39,-145
17,-148
-5,-150
-10,-148
11,-150
19,-150
15,-150
-2,-150
-43,-143
-79,-128
-98,-111
-81,-121
-104,-94
-145,-35
-148,5
-133,60
-127,78
-129,66
-144,34
-145,16
-145,-25
-141,-38
-123,-78
-138,-52
-148,-16
-128,60
-89,120
-84,123
-23,129
81,120
92,116
93,113
44,134
-21,146
8,135
100,95
109,99
77,121
-2,139
-80,120
-94,114
-106,102
-123,83
-119,90
-117,88
-141,41
-148,22
-144,35
-129,-23
-91,-109
-98,-113
-122,-68
-142,18
-147,18
-145,35
-134,65
-88,116
-58,136
-102,71
-136,-18
-139,30
-140,47
-133,45
-95,105
-120,61
-142,-18
-116,-85
-103,-106
-60,-108
42,-133
74,-129
90,-116
127,-60
148,-21
141,-48
103,-97
76,-126
101,-103
136,-45
147,16
148,18
146,4
116,70
84,118
115,93
100,103
53,138
3,143
-75,116
-129,70
-137,62
-141,50
-141,9
-142,-13
-120,69
-97,107
-121,84
-139,56
-143,47
-145,40
-124,79
-65,130
1,145
-19,142
-81,102
-130,-12
-137,-61
-144,-27
-143,21
-146,12
-136,51
-107,100
-119,85
-131,70
-140,26
-143,31
-118,91
-103,110
-121,84
-136,60
-131,69
-108,98
-84,124
-69,132
-60,135
-52,141
-34,148
-19,149
-36,142
-55,137
-14,145
-36,142
-36,145
-2,144
-52,129
-10,135
32,143
22,148
75,128
113,95
92,111
97,110
128,65
113,87
106,105
83,120
107,91
143,38
121,-35
70,-122
101,-105
122,-88
134,-63
141,-51
141,-47
137,8
107,92
115,93
102,104
69,131
67,132
83,122
73,129
103,98
139,3
140,-54
135,-67
126,-83
125,-78
142,-50
139,-59
130,-66
90,-113
52,-139
52,-139
66,-134
40,-139
-14,-142
50,-127
67,-125
12,-144
58,-129
68,-124
-14,-140
17,-138
40,-137
15,-131
108,-71
144,-34
143,-13
142,33
143,44
113,79
55,133
20,148
-9,150
-44,139
-84,121
-116,86
-136,2
-139,-46
-149,-6
-138,-27
-76,-111
-21,-147
-40,-144
-45,-145
-45,-144
-71,-133
-83,-127
-104,-99
-143,-34
-132,-41
-101,-101
-123,-80
-145,-26
-150,12
-143,37
-145,24
-146,-15
-121,-75
-94,-115
-85,-123
-85,-123
-100,-111
-129,-63
-150,-10
-142,-34
-136,-36
-137,47
-132,66
-138,-1
-114,-85
-102,-109
-129,-76
-139,-62
-146,-34
-147,-22
-148,-22
-151,-14
-151,9
-147,30
-142,-11
-115,-86
-82,-124
-94,-117
-115,-97
-114,-98
-120,-90
-115,-97
-95,-110
-41,-138
-7,-148
-31,-145
-15,-148
6,-152
-7,-151
-34,-145
-57,-138
-103,-94
-144,-38
-143,17
-85,103
20,141
74,130
108,103
138,51
149,13
130,54
59,120
34,145
42,142
27,146
-1,146
-31,146
-44,141
-65,129
-92,118
-54,138
-29,148
1,147
13,139
-61,130
-93,117
-59,135
5,145
39,143
54,137
92,118
71,128
32,144
-5,148
10,148
44,141
16,145
10,147
-37,132
-117,67
-147,7
-147,-28
-141,-45
-106,-92
-22,-133
65,-128
112,-92
139,-37
146,20
137,51
138,2
134,-67
117,-90
78,-127
51,-140
39,-143
71,-128
98,-112
92,-116
111,-53
106,73
114,87
145,33
145,-21
142,-51
136,-61
104,-104
70,-133
49,-143
35,-147
68,-127
122,-70
138,18
121,80
138,46
147,-14
113,-77
14,-137
-51,-140
-48,-141
0,-143
40,-142
66,-133
106,-93
142,-28
144,16
97,87
16,142
-2,151
12,151
28,148
64,133
81,125
40,138
29,145
34,145
-1,137
-98,90
-135,67
-126,81
-125,80
-131,58
-133,59
-124,77
-143,29
-145,32
-129,2
-75,-106
-62,-136
-61,-139
-62,-138
-38,-143
-12,-149
-25,-147
-47,-142
-63,-136
-52,-132
41,-131
79,-123
17,-142
-35,-146
-15,-145
15,-148
-1,-150
-12,-150
-17,-149
9,-141
69,-126
51,-138
51,-140
61,-137
52,-139
-14,-143
-44,-143
-63,-134
-100,-112
-87,-105
10,-132
29,-144
-22,-144
-9,-146
-35,-139
-18,-136
21,-146
37,-139
33,-141
-1,-149
12,-148
-12,-150
-17,-149
-38,-144
-59,-137
-55,-138
-34,-146
-14,-148
50,-122
127,-60
145,-6
148,2
127,46
50,122
11,147
8,145
-18,147
16,147
4,142
-33,143
-42,142
-69,129
-56,133
17,145
54,140
43,142
42,140
85,118
19,125
-47,138
8,144
86,116
135,49
145,32
132,66
107,103
104,108
121,62
144,-10
146,18
148,20
146,22
145,-14
136,-58
105,-101
40,-138
19,-145
86,-104
137,-55
117,-87
81,-125
40,-143
-17,-144
-76,-128
-107,-99
-139,-37
-138,-45
-116,-88
-105,-105
-121,-88
-123,-86
-133,-61
-147,1
-141,42
-142,4
-146,-36
-149,-4
-135,-23
-114,-92
-94,-116
-92,-119
-88,-122
-79,-129
-82,-125
-119,-88
-145,-25
-137,48
-96,109
-22,139
70,124
119,87
139,50
144,10
140,-11
132,58
123,85
123,87
106,102
61,129
7,141
-28,145
-1,149
-27,141
-74,128
-59,136
-23,146
-49,139
-25,143
-34,137
-98,103
-121,88
-104,108
-88,120
-77,126
-109,81
-133,47
-75,116
2,147
21,146
39,143
22,148
-15,147
-59,133
-97,114
-97,115
-111,94
-138,27
-146,-20
-145,-18
-127,-69
-132,-53
-147,9
-147,37
-139,60
-128,77
-122,87
-126,76
-142,14
-138,-45
-124,-82
-111,-98
-94,-115
-114,-85
-145,-7
-132,64
-105,107
-79,126
-40,142
3,149
29,146
48,139
38,143
25,143
-23,145
-75,124
-107,104
-127,59
-148,17
-130,56
-42,126
-4,147
-43,142
-52,142
-63,136
-68,131
-40,141
-37,144
-53,127
-118,31
-114,-80
-73,-128
-65,-135
-75,-124
-126,-69
-125,-72
-123,-82
-139,-59
-142,-32
-136,36
-139,31
-111,81
-36,141
-4,144
-68,124
-80,127
-60,137
-26,146
-17,149
-21,147
-78,119
-127,59
-145,-12
-137,-49
-127,-60
-140,26
-140,52
-139,54
-125,79
-106,102
-128,57
-145,4
-139,34
-130,68
-131,-7
-126,-60
-143,17
-139,58
-120,87
-116,93
-128,72
-98,105
-86,118
-44,139
-42,139
-102,96
-114,86
-46,135
-18,149
18,145
70,131
77,125
40,139
-20,144
-55,134
-108,97
-138,42
-148,0
-147,18
-134,-20
-68,-109
-18,-145
-23,-145
18,-147
-2,-147
1,-147
-45,-137
-46,-139
-23,-146
17,-142
-5,-145
-13,-150
-28,-147
-11,-143
64,-124
57,-129
56,-132
45,-140
21,-147
64,-121
112,-94
76,-124
42,-142
12,-149
7,-147
68,-109
135,-17
144,-17
112,-85
45,-140
3,-149
-21,-149
0,-149
16,-150
47,-141
73,-131
61,-135
6,-146
-12,-151
-14,-151
-41,-144
-13,-144
14,-148
1,-150
-8,-151
-3,-150
0,-149
11,-147
-14,-146
-90,-90
-138,23
-122,84
-108,105
-96,114
-55,140
-10,145
53,137
72,131
76,127
0,121
-90,106
-86,120
-75,128
-37,145
-2,151
31,148
67,133
56,131
-23,139
-91,100
-138,17
-137,-52
-136,-61
-146,-35
-139,28
-130,71
-142,46
-112,85
-49,139
-49,136
-102,105
-99,108
-66,133
-62,135
-44,142
-19,144
56,135
109,94
141,6
125,18
94,106
95,113
39,138
-14,145
-40,137
28,142
67,136
86,124
115,97
113,95
106,98
124,73
104,104
96,114
71,127
25,143
22,147
65,131
111,99
64,120
-41,126
-118,77
-142,28
-142,42
-137,58
-132,70
-130,71
-137,38
-75,101
-29,139
-97,86
-143,1
-148,-20
-148,-24
-142,-36
-100,-99
-58,-136
-22,-144
46,-133
99,-110
129,-64
144,-41
137,-63
117,-93
106,-106
115,-96
121,-88
134,-53
139,20
137,46
145,-16
147,-9
134,-36
98,-105
68,-129
31,-146
0,-149
16,-144
81,-116
121,-78
143,-18
133,-43
99,-108
118,-86
128,-77
79,-118
-6,-143
-41,-144
4,-140
53,-138
32,-148
32,-146
79,-121
117,-90
137,-55
130,-69
108,-102
110,-96
135,-49
103,-83
21,-144
-35,-145
-81,-124
-119,-80
-137,17
-137,57
-146,29
-147,-9
-137,-54
-129,-70
-135,-54
-141,20
-122,84
-127,77
-141,45
-144,41
-144,39
-149,26
-149,17
-146,13
-138,-40
-106,-99
-92,-117
-117,-91
-94,-105
-26,-142
-33,-142
-102,-95
-141,-44
-145,-41
-145,-39
-137,-55
-138,-59
-144,-11
-137,56
-116,87
-74,128
-78,125
-112,94
-136,34
-140,-42
-137,-45
-143,26
-136,-1
-94,-96
-1,-130
95,-106
125,-80
136,-59
89,-104
-15,-138
-23,-143
46,-138
80,-125
78,-118
-3,-142
-74,-118
-137,-54
-148,-27
-147,-22
-136,-52
-138,-50
-144,11
-134,65
-136,51
-146,26
-136,-16
-107,-95
-127,-67
-140,-39
-130,-64
-143,-38
-146,-37
-149,-14
-133,-44
-122,-82
-87,-98
-7,-139
-29,-143
-94,-108
-75,-110
2,-144
-39,-137
-106,-102
-129,-77
-134,-70
-117,-80
-42,-132
21,-145
72,-128
117,-89
141,-53
142,-47
147,-18
145,-34
144,-42
143,-9
133,58
114,95
93,118
86,124
73,131
99,107
134,65
137,57
145,4
138,-10
109,83
90,119
121,76
147,1
145,-44
132,-73
122,-88
121,-88
132,-51
147,1
147,-6
132,-64
126,-74
140,-14
148,6
135,33
83,112
49,140
55,139
48,139
-16,140
-76,127
-99,113
-108,104
-96,115
-59,138
-7,149
17,150
26,148
4,147
-28,145
28,138
93,116
119,90
136,60
146,0
133,-66
86,-116
63,-134
69,-135
51,-141
36,-142
75,-126
118,-85
128,-73
106,-105
72,-132
32,-146
-19,-145
-88,-103
-134,10
-144,36
-138,52
-92,109
-37,146
-28,149
4,147
54,139
61,134
-4,139
-73,127
-69,132
-77,121
-100,108
-52,137
-6,149
13,150
54,140
66,136
72,131
41,141
30,148
28,147
48,141
88,113
111,97
119,91
128,77
133,19
92,-96
85,-120
84,-122
87,-114
128,-73
135,-55
138,-49
117,-93
98,-113
110,-56
98,80
62,134
26,141
3,151
35,142
57,132
22,146
13,148
52,138
46,135
-36,136
-80,128
-93,119
-82,125
-49,141
-69,126
-55,128
35,137
13,143
-28,141
-95,98
-121,87
-130,71
-143,41
-127,74
-81,122
-41,144
-42,143
-30,145
-84,108
-130,69
-123,84
-123,84
-128,78
-113,94
-73,131
-71,131
-95,112
-71,130
-79,119
-125,29
-139,-20
-112,71
-33,138
-51,131
-60,130
7,148
38,146
25,145
-46,132
-109,95
-132,65
-142,41
-133,66
-134,58
-140,-17
-114,-87
-81,-123
-106,-89
-145,-8
-144,-19
-133,-67
-137,-58
-144,9
-145,5
-128,-65
-104,-103
-131,-36
-146,29
-147,19
-148,10
-115,72
-15,137
55,136
99,110
113,98
127,77
111,98
81,123
34,139
-22,146
-36,139
-97,97
-113,94
-123,84
-122,84
-138,49
-149,17
-148,8
-132,53
-103,106
-111,96
-136,42
-139,47
-134,64
-142,42
-146,31
-136,58
-117,95
-89,112
-28,145
-12,145
-57,129
-75,121
-118,88
-123,87
-89,110
-20,143
17,147
14,148
19,149
16,144
-54,131
-99,110
-89,117
-29,141
-12,141
-86,108
-127,76
-115,95
-102,108
-116,89
-133,61
-117,92
-73,128
-29,142
-86,102
-139,43
-143,45
-131,77
-102,102
-41,139
-59,135
-63,134
-2,146
37,145
8,147
-16,148
-3,149
15,146
20,138
-45,135
-15,145
56,135
89,122
98,114
79,123
108,72
145,4
123,60
73,122
-5,140
-60,137
-95,113
-122,89
-128,81
-129,65
-128,-24
-119,-90
-115,-98
-116,-95
-127,-81
-140,-53
-140,-50
-143,8
-111,90
-45,136
-17,144
-60,135
-79,127
-61,133
-102,96
-121,79
-92,114
-86,120
-28,141
5,148
-40,135
-54,131
3,145
-15,146
-1,146
-19,142
-64,132
-82,122
-84,121
-70,126
7,143
68,132
85,123
37,137
-6,148
-4,144
-69,122
-52,133
25,145
91,113
128,79
126,82
108,98
85,121
100,110
95,115
107,104
130,74
148,29
146,-21
114,-92
43,-135
-61,-126
-124,-81
-145,-29
-143,33
-93,104
-18,147
2,151
12,150
27,148
21,146
-14,144
44,134
63,134
64,136
84,124
108,102
119,90
132,70
141,35
141,-25
136,25
132,71
139,58
136,62
128,76
122,83
137,49
143,20
125,-66
97,-114
75,-127
46,-143
4,-146
-73,-122
-115,-96
-98,-105
-66,-131
-89,-117
-67,-127
-73,-130
-96,-117
-114,-99
-110,-95
-60,-132
-30,-148
6,-146
67,-128
52,-135
78,-115
111,-100
96,-116
69,-129
-8,-142
-84,-120
-83,-121
-79,-125
-109,-103
-130,-74
-140,-42
-133,43
-93,115
-77,127
-98,111
-120,82
-143,36
-146,25
-128,74
-120,90
-138,55
-147,32
-144,37
-136,59
-144,26
-146,20
-129,75
-110,104
-80,125
-21,147
14,150
19,149
53,139
80,127
99,112
74,127
72,131
93,119
77,129
64,138
95,109
140,29
134,-48
138,-32
149,11
150,-15
150,-19
149,-14
143,25
141,52
134,59
99,105
67,131
91,108
138,26
145,-26
121,-82
102,-111
71,-130
33,-146
23,-148
52,-140
68,-133
10,-134
-51,-135
-15,-143
39,-134
-33,-123
-124,-76
-136,-66
-138,-61
-145,-14
-144,35
-135,63
-134,62
-144,27
-143,-25
-125,-75
-132,-62
-148,-13
-147,-21
-118,-72
-82,-120
-115,-89
-124,-76
-83,-115
-2,-136
88,-106
133,-37
146,0
145,-38
140,-31
141,-4
96,-92
66,-133
56,-140
37,-145
17,-145
-28,-142
5,-142
19,-141
77,-91
136,10
138,40
145,-15
141,-48
112,-97
116,-72
124,40
96,111
101,112
122,87
124,81
96,111
94,110
122,81
134,63
142,52
141,50
148,15
146,-30
136,-63
108,-95
59,-136
70,-129
82,-124
91,-117
82,-124
94,-116
62,-135
3,-145
-78,-120
-111,-98
-93,-117
-70,-130
-29,-144
14,-148
