-2,16
-4,15
-7,14
-9,13
-12,10
-14,9
-15,8
-15,5
-14,2
-14,0
-15,0
-15,-3
-15,-7
-14,-8
-12,-10
-10,-11
-7,-14
-5,-16
-3,-16
-1,-15
0,-15
3,-14
6,-13
8,-13
11,-12
13,-11
14,-8
15,-5
14,-2
15,-1
15,2
15,3
13,5
12,7
11,10
9,13
8,13
5,13
3,15
0,16
-2,16
-4,15
-7,14
-10,13
-11,11
-12,10
-15,8
-16,4
-16,2
-15,-1
-15,-2
-15,-5
-15,-7
-15,-8
-13,-11
-9,-11
-6,-13
-4,-16
-2,-15
0,-15
1,-17
3,-16
6,-16
9,-13
11,-12
11,-10
13,-7
14,-5
15,-3
15,-1
15,1
15,5
13,7
12,9
11,9
9,11
7,13
6,15
4,15
1,15
-1,15
-4,14
-6,12
-8,13
-9,11
-13,10
-14,7
-14,4
-14,3
-15,1
-16,-2
-16,-5
-15,-7
-14,-9
-12,-11
-10,-11
-8,-12
-6,-15
-4,-15
-1,-15
2,-16
5,-16
6,-13
8,-12
10,-11
13,-7
12,-7
14,-6
15,-5
15,-2
15,2
16,4
14,7
12,9
11,10
10,11
8,12
6,13
4,14
2,17
-2,16
-5,15
-6,15
-8,13
-11,11
-14,9
-14,7
-15,5
-16,3
-15,1
-15,-1
-15,-3
-16,-6
-14,-8
-11,-11
-9,-12
-8,-13
-6,-14
-3,-14
0,-15
1,-15
2,-13
5,-13
8,-13
10,-11
11,-8
12,-5
15,-3
16,-3
15,-1
15,1
16,3
15,5
13,8
12,10
10,12
7,12
6,14
3,15
1,16
-1,16
-3,16
-5,15
-8,14
-9,12
-11,11
-13,8
-15,4
-16,4
-15,2
-15,-1
-15,-4
-15,-8
-13,-10
-13,-11
-11,-13
-8,-14
-5,-14
-3,-14
-1,-15
2,-15
3,-14
6,-14
8,-13
10,-12
12,-11
14,-8
15,-5
14,-3
16,-1
16,1
14,4
13,7
13,9
11,10
8,11
7,13
5,15
4,15
1,16
-1,15
-4,15
-6,14
-9,14
-10,12
-11,9
-12,6
-14,6
-15,4
-16,1
-15,-1
-14,-3
-14,-6
-13,-9
-11,-10
-8,-11
-7,-12
-5,-13
-3,-15
0,-15
3,-14
5,-14
7,-14
8,-14
9,-11
12,-9
14,-8
14,-6
15,-3
15,-1
15,2
14,3
14,6
13,8
12,10
9,13
8,14
6,15
4,16
2,16
-1,15
-4,15
-6,13
-9,12
-11,10
-12,8
-14,9
-14,7
-14,3
-17,0
-17,-3
-17,-4
-15,-6
-14,-9
-11,-11
-7,-14
-6,-14
-5,-14
-3,-15
-1,-16
0,-15
4,-16
7,-14
9,-14
9,-12
12,-11
14,-9
14,-5
15,-3
17,-2
16,2
14,4
14,7
13,9
12,11
10,12
7,12
4,13
3,13
2,15
-1,15
-5,14
-6,13
-7,13
-10,13
-12,10
-15,8
-16,5
-16,5
-15,2
-15,-2
-15,-5
-15,-6
-14,-9
-12,-12
-10,-13
-9,-14
-5,-14
-3,-15
-1,-16
1,-16
4,-14
7,-13
9,-13
11,-12
12,-10
13,-9
14,-6
15,-2
15,-1
14,1
15,3
15,6
14,9
13,10
11,11
8,13
6,13
4,16
0,15
-2,15
-4,14
-6,13
-9,12
-11,10
-11,9
-13,8
-15,5
-16,3
-17,1
-15,-2
-14,-4
-14,-7
-13,-9
-11,-10
-10,-10
-8,-12
-6,-15
-4,-16
-2,-17
1,-16
5,-15
6,-14
7,-13
9,-12
13,-10
14,-8
14,-6
15,-4
15,-1
14,0
14,4
13,8
12,10
11,12
9,12
8,13
5,13
3,15
1,15
-2,16
-4,17
-6,15
-9,14
-10,11
-12,8
-13,7
-15,5
-17,4
-17,0
-16,-2
-16,-4
-14,-7
-14,-10
-14,-11
-11,-12
-9,-13
-6,-14
-3,-15
0,-15
3,-14
3,-15
5,-14
7,-13
11,-12
13,-11
14,-8
15,-6
17,-4
16,-1
15,3
14,4
14,6
13,9
13,11
9,12
7,13
5,14
3,15
1,17
-1,17
-3,16
-7,15
-10,15
-10,12
-13,10
-15,10
-14,7
-14,4
-15,1
-16,-2
-16,-4
-16,-5
-14,-8
-11,-9
-8,-12
-6,-14
-5,-14
-4,-15
-2,-14
1,-14
5,-14
7,-14
9,-13
11,-11
13,-9
13,-7
14,-4
15,-2
15,0
15,2
14,3
13,5
12,8
11,12
8,13
6,14
5,15
3,16
0,16
-1,16
-3,16
-6,15
-9,13
-10,12
-12,8
-14,6
-16,6
-15,4
-14,1
-15,-2
-15,-4
-14,-5
-13,-8
-11,-11
-10,-12
-8,-13
-6,-16
-5,-17
-1,-16
2,-15
4,-14
5,-13
8,-12
11,-11
13,-10
13,-9
14,-7
16,-4
16,0
14,3
13,4
13,7
13,10
11,13
9,13
6,14
5,15
4,15
1,14
-1,14
-4,15
-7,14
-9,13
-10,10
-10,8
-13,8
-15,6
-15,2
-15,-1
-15,-3
-15,-4
-14,-7
-12,-8
-12,-11
-11,-12
-8,-13
-5,-13
-3,-14
-1,-14
1,-15
3,-15
7,-14
9,-12
12,-11
14,-10
13,-8
13,-6
16,-5
17,-2
14,1
15,4
15,6
14,8
12,11
10,12
8,12
5,13
3,14
1,15
-1,16
-4,16
-7,15
-10,13
-11,12
-12,9
-15,7
-14,5
-15,3
-16,-1
-15,-3
-15,-4
-13,-6
-13,-8
-13,-11
-11,-12
-9,-13
-6,-14
-3,-16
-1,-16
3,-16
4,-15
6,-14
8,-13
10,-12
12,-9
14,-6
14,-4
14,-3
15,0
15,2
13,4
13,7
13,10
11,10
10,11
7,13
4,13
3,14
2,16
0,15
-3,14
-7,14
-9,13
-10,11
-13,10
-14,9
-16,6
-16,4
-14,1
-15,-2
-15,-4
-14,-6
-13,-10
-12,-13
-9,-14
-7,-15
-5,-16
-2,-17
-1,-17
1,-16
4,-17
6,-17
8,-16
9,-14
9,-12
9,-9
10,-5
11,0
10,4
8,7
12,14
18,20
14,26
9,29
1,30
-10,26
-19,18
-25,15
-26,18
-25,26
-26,30
-32,17
-36,9
-39,7
-41,2
-32,-11
-14,-22
-6,-25
0,-24
7,-19
12,-18
17,-15
19,-14
19,-19
21,-22
21,-27
21,-29
18,-39
19,-42
17,-43
10,-46
15,-45
12,-46
8,-45
-3,-39
-3,-36
22,-35
38,-28
40,-26
33,-29
24,-31
22,-29
25,-24
34,-19
35,-16
31,-16
29,-13
31,-7
11,-15
-10,-23
-14,-26
-14,-23
2,-23
10,-23
8,-24
7,-27
14,-26
10,-29
15,-10
21,14
24,-1
28,-17
29,-21
23,-33
4,-51
-21,-54
-37,-46
-27,-51
6,-52
37,-35
48,-14
52,-12
53,-15
54,-22
56,-4
54,13
53,23
50,30
39,40
40,42
39,45
27,53
41,48
37,50
9,58
-16,54
-38,40
-46,25
-49,3
-50,-2
-45,-14
-42,-22
-31,-31
-31,-35
-22,-41
-19,-46
-27,-48
-40,-47
-31,-49
-13,-57
-17,-61
-14,-63
-17,-65
-11,-66
13,-64
34,-52
48,-31
54,-17
53,2
58,-1
61,-29
53,-52
40,-64
53,-50
67,-34
75,-20
76,-16
69,-35
59,-46
49,-53
52,-46
60,-38
42,-47
32,-50
54,-36
56,-34
34,-45
10,-52
0,-53
6,-48
41,-28
59,-2
56,-12
43,-34
2,-49
-60,-36
-85,-13
-88,-9
-84,18
-61,48
-38,65
-38,64
-20,65
-7,64
-25,54
-65,27
-75,20
-70,15
-64,-40
-47,-75
-36,-83
-29,-86
-28,-82
-27,-82
-8,-85
25,-87
12,-83
-36,-63
-50,-51
-60,-30
-64,18
-48,63
-8,85
30,93
43,92
49,90
44,90
10,100
-24,96
-64,70
-87,19
-82,-30
-72,-47
-93,-19
-84,-34
-45,-75
-36,-83
-3,-85
13,-90
10,-94
28,-87
61,-56
78,-9
78,27
73,39
64,49
37,73
38,76
47,73
65,62
76,55
79,56
79,61
73,71
79,70
88,66
99,56
94,58
99,-20
56,-92
60,-87
98,-56
111,-39
95,-55
26,-83
-64,-59
-102,1
-102,26
-61,-42
-5,-94
-3,-99
-36,-97
-71,-82
-52,-87
24,-85
86,-25
103,4
82,42
0,97
-61,107
-60,107
-82,88
-119,31
-128,-17
-89,-77
-12,-126
-7,-139
-21,-137
31,-123
80,-112
51,-126
-27,-125
-28,-123
20,-137
32,-131
74,-118
61,-126
64,-119
107,-52
136,30
118,80
97,106
51,130
-1,139
-66,112
-111,70
-125,54
-129,47
-132,10
-132,-24
-116,-53
-83,-99
-79,-107
-121,-70
-137,-49
-120,-83
-124,-86
-121,-84
-53,-122
13,-139
45,-132
12,-143
-55,-141
-103,-120
-49,-137
35,-147
14,-159
-12,-162
-14,-162
-54,-151
-90,-130
-85,-130
-108,-100
-131,-46
-117,46
-100,92
-80,106
-12,141
-19,137
-89,109
-83,123
-62,139
-87,120
-74,134
-81,136
-114,108
-139,65
-132,90
-131,102
-112,119
-24,159
-30,162
-78,154
-77,152
-114,127
-120,127
-138,104
-164,59
-173,39
-167,24
-154,-51
-157,7
-159,35
-161,-56
-156,-84
-165,-24
-159,47
-142,73
-83,118
-61,124
-131,35
-158,-28
-157,-12
-148,-51
-146,-52
-127,45
-55,138
-57,137
-120,57
-136,-39
-90,-111
-77,-134
-101,-116
-116,-96
-143,-58
-151,-34
-137,-66
-131,-89
-106,-109
-54,-140
17,-146
40,-150
22,-155
1,-158
10,-159
22,-158
74,-133
115,-102
121,-80
149,-17
155,-28
152,-48
156,-15
129,59
101,112
138,66
125,87
119,102
122,103
127,100
76,130
44,154
84,141
128,115
110,129
55,151
-36,150
-84,136
-103,125
-61,153
-22,172
-34,172
20,172
121,135
170,61
180,24
178,15
159,-49
99,-119
26,-154
6,-159
-7,-158
3,-150
50,-146
20,-159
-38,-160
-77,-156
-81,-155
-134,-118
-169,-81
-181,-20
-173,56
-166,60
-180,5
-181,-12
-177,-30
-178,-23
-176,-21
-171,-36
-164,0
-156,42
-162,3
-161,-21
-155,-34
-131,-85
-90,-139
-108,-120
-139,-70
-120,-95
-109,-113
-84,-133
-35,-152
9,-157
74,-146
98,-135
112,-122
123,-112
89,-127
34,-149
48,-146
24,-150
-41,-149
-112,-111
-169,-18
-163,70
-117,136
-46,169
5,173
43,162
65,150
62,150
77,135
131,67
154,26
156,-2
139,-81
123,-121
61,-163
6,-184
6,-182
49,-177
63,-174
46,-179
-3,-173
-91,-133
-69,-144
-19,-167
11,-166
-66,-132
-134,-28
-113,93
-31,160
5,176
-41,165
-48,162
-18,176
31,174
27,174
-36,174
-101,136
-154,55
-164,-19
-160,-50
-172,-11
-158,-44
-111,-116
-113,-127
-117,-129
-92,-144
-53,-160
27,-149
114,-99
141,-72
144,-68
153,-31
157,-26
159,-27
162,-23
153,-72
136,-114
122,-130
103,-148
108,-145
84,-160
96,-152
135,-106
165,-60
118,-115
89,-146
104,-134
139,-92
171,-29
169,-44
129,-91
21,-138
-91,-99
-151,-21
-137,-48
-104,-109
-124,-90
-158,-41
-169,5
-168,7
-155,-55
-105,-111
-65,-140
-135,-87
-152,-80
-136,-111
-100,-137
-64,-161
-91,-149
-147,-97
-172,-39
-158,-61
-130,-117
-148,-79
-166,-30
-165,-38
-162,-24
-138,44
-87,114
-47,135
17,152
66,143
86,136
112,122
97,135
102,136
62,152
-23,144
-118,59
-145,-20
-123,-67
-43,-127
1,-145
-62,-125
-82,-123
-106,-105
-143,-62
-118,-90
-96,-122
-119,-105
-157,-31
-169,51
-165,72
-171,59
-168,60
-161,75
-166,52
-179,12
-180,0
-176,-16
-172,-44
-170,-53
-170,-42
-171,-17
-164,18
-148,58
-137,74
-140,60
-122,74
-51,134
-48,140
-28,143
16,154
-19,155
-41,151
-19,158
24,166
63,160
87,153
83,156
123,115
151,83
145,101
161,65
167,32
162,41
153,66
140,92
146,78
142,81
143,66
150,22
144,-28
117,-90
107,-107
116,-97
126,-88
104,-115
79,-141
62,-154
20,-169
-18,-177
-45,-174
-8,-171
84,-141
123,-121
71,-156
19,-175
54,-169
63,-165
73,-162
42,-171
39,-168
-9,-162
-48,-155
-47,-151
-16,-158
-19,-156
-51,-144
-67,-136
-67,-134
-87,-122
-122,-85
-134,-70
-122,-89
-91,-115
-83,-120
-117,-95
-67,-131
-12,-144
46,-138
31,-147
63,-133
99,-107
53,-141
32,-158
70,-139
91,-129
78,-142
29,-165
-38,-170
-105,-140
-146,-100
-118,-125
-74,-159
-108,-137
-113,-131
-137,-81
-156,-8
-148,38
-130,73
-63,122
65,135
108,126
60,152
28,164
40,165
72,156
115,131
91,149
84,158
67,163
36,175
72,161
110,138
95,144
120,114
91,131
-11,164
27,156
103,125
50,149
2,170
-10,168
-20,166
-13,162
-55,151
-88,141
-120,118
-133,106
-103,122
-20,146
54,135
73,128
93,117
112,103
96,115
105,112
80,128
52,143
83,134
81,138
27,152
14,160
30,163
22,162
-34,151
-60,149
-12,167
38,171
63,166
58,171
67,166
121,124
153,82
162,38
163,27
155,54
144,81
149,55
143,-23
126,-80
103,-107
110,-99
117,-94
103,-109
70,-135
-21,-160
-104,-139
-147,-104
-140,-112
-154,-68
-170,6
-168,-1
-161,-48
-141,-87
-146,-7
-118,84
-100,111
-111,101
-129,60
-138,-26
-125,-89
-140,-44
-148,11
-146,-7
-139,-54
-114,-88
-69,-130
-73,-126
-10,-142
26,-152
33,-149
44,-141
28,-138
-65,-129
-90,-123
-116,-100
-150,0
-103,127
-82,152
-84,152
-39,170
-74,150
-141,101
-145,99
-143,104
-140,103
-128,106
-159,52
-166,42
-151,69
-149,70
-134,87
-92,121
-84,125
-75,128
-10,143
15,140
-73,113
-116,81
-137,-9
-146,-39
-144,-28
-135,19
-132,53
-147,-2
-136,-49
-107,-92
-33,-138
15,-153
24,-151
34,-145
43,-140
26,-137
69,-129
46,-140
71,-116
126,-9
113,106
111,125
113,118
128,93
139,64
129,76
127,83
132,71
132,68
140,40
144,17
133,-70
96,-136
92,-145
120,-121
138,-86
159,-11
151,44
120,94
105,110
73,133
53,148
57,150
85,142
100,138
79,147
67,155
92,148
102,142
132,117
132,120
134,123
136,117
158,75
169,12
163,-23
135,-69
92,-118
95,-116
98,-113
109,-99
62,-125
-35,-146
-24,-151
32,-150
42,-152
16,-161
-17,-163
-73,-158
-81,-158
-113,-139
-108,-140
-39,-160
13,-175
5,-179
-16,-179
-14,-178
-38,-174
-72,-152
-136,-73
-156,-19
-148,-40
-124,-93
-125,-98
-143,-50
-149,-19
-124,-64
-61,-135
2,-151
76,-140
68,-142
-8,-146
-19,-148
-32,-141
-106,-101
-127,-80
-151,-8
-145,74
-109,123
-151,62
-170,44
-170,5
-173,-13
-171,-7
-159,-59
-167,12
-158,77
-144,5
-59,-129
-6,-163
-72,-150
-35,-156
6,-175
3,-175
54,-160
60,-166
40,-175
46,-165
113,-129
139,-111
151,-64
143,51
142,82
170,5
165,-67
128,-115
29,-151
-39,-151
3,-156
60,-148
118,-106
161,-46
150,-66
128,-94
144,-66
141,-56
156,13
161,37
154,58
155,23
150,-29
149,-9
150,30
148,37
149,22
142,-36
143,-37
148,3
139,45
120,82
117,83
144,36
148,-25
126,-105
114,-130
121,-116
151,-55
164,-27
168,-14
171,-21
167,4
132,77
49,133
8,152
72,145
126,113
121,120
144,97
173,52
172,48
155,83
158,77
174,26
170,23
161,60
146,92
121,125
120,110
133,-15
94,-110
77,-127
31,-145
-39,-147
-108,-123
-138,-101
-168,-34
-175,22
-150,-51
-59,-143
-52,-156
-138,-102
-168,-55
-165,-60
-146,-92
-143,-98
-149,-67
-140,41
-114,88
-145,19
-156,-24
-154,-20
-139,25
-69,114
-8,152
6,153
-56,136
-77,132
-54,142
-84,123
-26,156
13,171
-29,165
-59,162
-66,161
-70,161
-34,169
37,171
67,159
-9,160
-104,138
-97,150
-87,156
-103,147
-96,152
-90,151
-123,121
-160,74
-170,32
-165,-42
-138,-106
-119,-133
-83,-155
-66,-167
-62,-169
-63,-163
-126,-111
-152,-28
-136,64
-142,21
-145,-59
-140,-78
-148,-17
-128,57
-38,131
25,150
-65,111
-135,51
-145,25
-129,70
-90,124
13,154
107,136
133,113
110,124
147,62
154,54
160,23
156,54
140,87
111,119
7,143
-105,140
-123,123
-157,32
-159,-46
-102,-120
-86,-144
-140,-98
-174,-32
-176,7
-158,-51
-156,-64
-167,-1
-168,-22
-167,-5
-166,-20
-164,-10
-159,-34
-148,-70
-105,-120
-8,-160
74,-160
115,-133
154,-88
167,-55
170,14
159,74
163,68
177,22
166,53
134,108
83,154
69,165
73,158
133,101
156,63
153,-14
112,-93
123,-81
140,-54
140,-46
130,-61
81,-118
106,-84
142,-27
139,31
136,62
130,72
122,86
136,54
143,22
143,-34
140,-64
110,-122
84,-151
84,-148
124,-113
148,-82
127,-117
59,-161
22,-173
75,-154
110,-138
68,-160
33,-167
76,-146
71,-145
23,-160
40,-157
50,-153
66,-147
79,-139
84,-133
55,-139
11,-141
-71,-121
-89,-119
-120,-92
-125,-83
-60,-133
-28,-149
26,-138
106,-84
142,-18
140,42
143,15
137,-57
127,-83
117,-101
95,-125
42,-158
-43,-163
-111,-140
-126,-129
-109,-139
-123,-114
-160,-35
-163,6
-160,-4
-154,-25
-148,-57
-146,-63
-150,-32
-148,18
-131,63
-86,118
-98,105
-80,122
-9,162
4,168
-8,170
-24,168
-33,168
48,159
107,139
62,161
0,175
7,176
36,170
44,166
65,154
120,90
143,18
91,85
-10,156
-16,157
43,150
-5,150
-106,111
-147,87
-157,60
-170,14
-155,52
-126,100
-121,99
-140,30
-145,-72
-148,-83
-157,-44
-149,19
-117,88
-87,120
-34,144
37,151
84,142
77,144
39,160
38,165
25,167
41,165
82,154
119,122
166,44
171,17
164,-4
155,-28
154,-28
99,-100
-11,-136
-104,-112
-130,-95
-114,-102
-66,-139
-103,-121
-112,-116
-79,-143
-115,-125
-145,-90
-102,-126
-77,-155
-38,-160
60,-137
101,-117
30,-165
21,-171
72,-159
95,-149
87,-148
129,-108
145,-98
110,-129
77,-156
114,-133
92,-143
49,-162
35,-163
-26,-155
-89,-118
-110,-96
-137,-39
-122,61
-47,155
-26,173
-34,170
-57,164
-71,161
-25,174
1,179
-58,162
-123,120
-116,131
-56,167
-32,172
-21,172
-19,170
-4,167
11,161
32,153
15,150
-27,151
35,141
114,79
149,-11
144,-69
129,-106
105,-132
26,-165
-76,-148
-80,-150
-53,-161
-109,-70
-114,73
-37,137
14,154
51,152
28,156
-27,152
-78,128
-51,147
-1,167
17,172
13,174
43,167
117,129
149,85
164,25
161,7
134,74
53,149
-24,172
-41,172
-18,171
14,170
24,164
77,135
111,82
134,-28
139,-19
137,34
145,-18
147,-47
150,-28
150,-1
128,57
74,115
-17,130
-116,57
-135,-65
-105,-133
-118,-108
-142,-76
-135,-87
-132,-87
-115,-102
-86,-132
-36,-144
75,-134
101,-130
67,-150
73,-147
91,-136
94,-130
115,-111
95,-120
28,-145
36,-131
116,-88
146,-42
156,-4
140,-49
102,-102
26,-141
-62,-138
-132,-100
-157,-63
-174,0
-175,7
-174,35
-153,72
-124,111
-126,107
-140,77
-163,24
-157,-55
-121,-122
-73,-158
-7,-171
35,-173
53,-169
33,-171
-8,-174
12,-172
57,-162
124,-114
158,-80
163,-72
166,-61
135,-92
98,-126
147,-71
166,-46
165,-38
142,-76
137,-79
106,-106
56,-136
70,-130
93,-110
125,-83
140,-34
153,14
146,37
105,106
48,152
77,136
105,113
128,73
95,98
1,146
-51,152
-56,147
-95,123
-135,89
-140,82
-147,21
-139,-86
-100,-138
-45,-168
-52,-160
-125,-95
-150,-6
-118,73
-26,138
32,156
59,153
85,145
90,145
98,143
108,135
85,151
110,138
135,115
149,89
165,30
160,-36
122,-87
78,-123
57,-128
29,-131
105,-90
136,-34
123,74
91,132
31,157
13,161
72,134
74,134
75,133
77,131
87,122
107,98
140,36
153,-1
148,23
91,88
-32,125
-60,126
17,141
-4,142
-62,129
-88,117
-58,136
-51,141
-57,139
-67,130
-101,109
-97,119
-40,145
66,151
136,105
162,19
107,-97
29,-146
54,-134
117,-85
158,-8
159,-9
137,44
108,121
61,144
-30,169
-66,163
-89,154
-100,146
-83,152
-41,154
61,134
67,125
-6,153
-40,152
-58,144
-110,107
-152,60
-141,76
-147,29
-126,-90
-42,-157
59,-158
68,-161
35,-171
73,-158
65,-163
13,-165
-71,-133
-86,-128
-56,-145
9,-157
80,-135
148,-73
171,-32
171,-17
157,51
100,132
7,163
-97,124
-142,87
-155,53
-163,5
-168,19
-166,57
-159,81
-156,85
-166,49
-174,42
-148,83
-79,145
-99,127
-115,119
-27,146
80,115
130,67
132,71
129,72
88,110
55,128
-3,141
-6,144
-37,138
-75,115
-130,41
-145,-23
-111,63
-17,142
57,143
79,129
5,152
-29,155
-73,129
-125,65
-117,-42
-65,-126
-14,-145
-11,-148
-19,-143
39,-141
60,-136
-21,-136
-83,-124
-60,-135
-43,-132
70,-95
138,-49
102,-94
61,-131
105,-91
132,-17
106,82
121,74
139,41
103,96
102,102
137,36
148,-22
152,2
146,36
137,66
118,89
103,102
153,29
155,39
158,41
168,-1
138,68
73,135
33,157
19,160
3,155
-70,126
-129,72
-135,68
-98,116
-55,147
-115,90
-143,70
-136,96
-136,102
-147,85
-152,38
-149,-28
-136,66
-113,135
-143,100
-165,61
-171,46
-153,88
-109,134
-66,156
-43,156
-94,125
-150,65
-166,36
-168,-26
-166,-11
-157,49
-159,12
-153,-63
-124,-113
-92,-146
-72,-157
-18,-172
-23,-169
-68,-153
-33,-159
23,-169
1,-164
-53,-150
-76,-133
-21,-145
46,-153
93,-130
144,-72
150,-67
129,-99
106,-112
41,-137
-70,-104
-137,-66
-153,-39
-166,-2
-165,-12
-165,-20
-165,-37
-165,9
-140,90
-144,12
-79,-118
-6,-159
-17,-162
-95,-141
-136,-115
-139,-112
-120,-131
-85,-149
-18,-168
-31,-172
-14,-173
20,-177
-36,-169
-64,-163
-22,-173
-7,-175
-62,-155
-74,-143
-39,-158
-72,-140
-21,-146
57,-155
66,-152
59,-153
31,-153
-38,-144
-78,-127
-65,-128
-18,-143
-36,-141
-44,-133
-106,-94
-129,-85
-152,-48
-161,-31
-159,-52
-163,-49
-148,-71
-124,-111
-134,-105
-119,-119
-108,-131
-148,-87
-166,-53
-136,-106
-146,-94
-163,-10
-114,92
-89,125
-100,119
-56,139
-24,145
-18,146
-5,148
26,133
134,65
148,57
93,123
78,139
133,92
157,72
156,79
162,9
108,-108
42,-151
51,-149
42,-151
27,-152
12,-149
8,-143
-56,-108
-149,-18
-161,24
-159,-5
-164,28
-170,20
-154,72
-121,127
-136,113
-159,69
-164,-19
-170,-27
-173,-13
-170,-49
-173,2
-168,38
-167,30
-173,-3
-160,28
-114,101
-122,92
-148,36
-153,-44
-120,-110
-70,-149
6,-169
36,-173
36,-168
-30,-158
-47,-153
16,-161
27,-163
47,-155
43,-148
-59,-128
-106,-98
-138,-23
-146,-7
-141,-47
-149,2
-152,25
-158,16
-140,89
-113,134
-121,128
-93,145
-89,146
-58,159
-15,171
-44,156
-107,135
-121,125
-133,108
-148,89
-137,94
-113,111
-154,40
-165,17
-157,44
-152,-33
-143,-93
-140,-90
-53,-142
42,-169
90,-141
153,-61
165,15
166,42
169,37
175,27
178,13
178,-14
163,-60
118,-118
82,-137
121,-103
152,-68
155,-58
156,-51
149,-62
146,-61
154,-30
154,-24
106,-95
27,-143
-33,-144
-91,-129
-103,-125
-140,-75
-169,27
-169,53
-120,103
29,115
125,2
92,-118
72,-141
121,-77
150,-11
147,26
141,54
145,55
127,77
56,121
-6,144
-7,148
16,150
58,138
128,101
143,90
111,122
113,127
93,132
-9,149
-76,137
-99,122
-97,128
-96,135
-100,133
-113,123
-130,105
-148,76
-149,48
-110,-59
-97,-114
-131,-89
-151,-64
-162,-45
-143,-81
-113,-119
-124,-109
-167,-31
-175,-4
-135,-79
-18,-146
26,-163
-8,-173
-59,-159
-144,-74
-162,20
-113,96
-72,131
-70,130
-97,109
-97,111
-40,140
25,147
55,138
-12,138
-79,117
-124,63
-136,-22
-119,-89
-85,-125
-86,-122
-59,-124
23,-147
84,-116
151,-11
164,3
155,-49
148,-63
112,-97
75,-121
-22,-122
-133,-70
-168,8
-154,-16
-117,-100
-143,-83
-146,-90
-139,-104
-111,-123
-13,-148
82,-124
97,-123
82,-139
45,-160
74,-128
142,-33
156,-21
154,-52
153,1
137,67
82,119
35,143
90,109
153,-10
165,-59
175,-26
178,-12
170,-37
133,-101
141,-99
166,-52
171,-22
149,54
88,143
27,171
20,172
87,148
128,121
131,111
149,45
153,20
153,39
151,20
136,67
139,61
148,24
133,-24
72,-121
17,-157
47,-134
99,-109
50,-150
18,-165
20,-166
65,-151
92,-142
113,-113
144,-82
143,-94
157,-51
158,-2
130,76
117,103
81,130
106,123
133,106
121,111
129,85
172,-11
171,8
166,46
148,91
153,94
134,110
92,146
134,100
160,66
143,99
136,107
107,128
57,160
-1,172
-45,170
-80,156
-123,125
-158,79
-173,35
-178,5
-171,33
-168,20
-173,-40
-174,-42
-168,7
-142,68
-155,-2
-152,-78
-147,-91
-129,-119
-136,-109
-148,-74
-156,-8
-143,31
-118,72
-134,50
-118,88
-93,116
-55,142
-9,157
32,161
77,151
102,140
118,124
46,147
-64,143
-80,148
-54,162
13,172
59,168
90,150
134,96
136,87
61,141
-46,162
-67,157
39,150
101,119
97,123
107,108
133,58
123,75
131,62
141,30
117,71
66,123
-3,144
-54,140
-47,139
15,145
32,144
31,144
12,143
86,115
142,80
153,68
138,87
84,133
48,154
70,151
89,144
120,124
82,138
12,164
-20,164
-45,163
-45,166
-13,168
65,162
95,147
125,120
121,123
76,151
14,174
27,169
88,137
104,124
108,114
135,68
145,32
147,9
145,-16
142,-40
139,10
117,81
123,64
135,-49
69,-141
-24,-173
-51,-172
-43,-175
-73,-160
-114,-126
-127,-101
-147,-43
-145,-54
-126,-91
-107,-111
-120,-90
-80,-129
-34,-155
6,-157
76,-139
101,-131
97,-126
134,-92
129,-93
131,-79
155,-49
139,-73
122,-94
107,-106
91,-118
72,-129
62,-133
-5,-145
-28,-147
9,-153
-12,-158
-62,-149
-132,-107
-165,-66
-155,-82
-152,-65
-159,41
-153,68
-147,74
-117,106
-95,122
-89,121
-118,93
-143,55
-147,44
-132,55
-147,0
-138,-53
-100,-116
-119,-53
-120,76
-97,114
-123,81
-141,49
-130,77
-127,47
-134,-37
-147,-10
-133,64
-128,69
-144,47
-117,120
-98,146
-112,134
-104,144
-89,155
-114,124
-159,57
-169,52
-160,-8
-130,-100
-98,-131
-27,-156
30,-156
42,-154
-9,-168
-23,-174
-33,-171
-52,-167
10,-167
74,-156
71,-163
52,-172
34,-177
20,-178
26,-174
-4,-176
-8,-172
5,-169
50,-160
55,-159
-25,-155
-64,-143
-91,-118
-126,-78
-133,-69
-127,-75
-123,-70
-92,-110
-114,-91
-145,-39
-142,-49
-153,-30
-164,14
-164,46
-151,86
-120,129
-65,163
-22,173
-28,165
-111,118
-155,84
-158,71
-175,20
-177,-13
-175,-6
-167,42
-137,88
-117,109
-130,92
-87,108
37,129
69,127
107,84
153,-32
159,-55
167,9
167,-9
147,-90
149,-95
166,-54
175,-1
168,42
113,116
46,160
14,166
-21,167
-25,168
-30,168
7,176
41,172
31,174
-35,169
-68,166
-84,155
-122,115
-159,35
-169,31
-170,21
-164,-45
-163,-61
-171,-33
-176,31
-170,54
-162,71
-167,53
-163,36
-149,-59
-112,-134
-128,-105
-163,-13
-163,-5
-158,4
-148,31
-154,-30
-152,-53
-154,-29
-150,-14
-131,50
-112,92
-131,62
-137,11
-129,-63
-115,-94
-129,-42
-119,79
-62,149
-56,156
-51,152
-116,90
-145,71
-118,121
-95,142
-127,111
-149,60
-167,22
-168,22
-167,50
-173,39
-174,37
-165,67
-172,51
-175,42
-141,86
-117,114
-121,114
-127,98
-148,70
-119,106
-119,96
-153,36
-158,35
-149,49
-150,42
-154,4
-145,32
-134,65
-145,39
-145,34
-123,75
-74,122
25,151
117,121
162,72
155,80
119,128
103,146
123,128
158,60
155,51
101,135
66,167
37,170
-18,175
-49,171
-60,168
-10,173
-11,171
-86,137
-159,48
-180,4
-180,-3
-172,-36
-161,-73
-170,-34
-159,45
-159,41
-171,10
-154,-49
-101,-135
-80,-156
-127,-97
-155,11
-151,38
-153,13
-147,-6
-113,-99
-108,-120
-118,-105
-117,-102
-137,-37
-115,-50
-20,-138
15,-158
70,-131
151,-62
172,8
159,73
141,105
150,88
148,81
57,126
-81,134
-98,144
-114,135
-138,99
-151,83
-86,142
-28,169
-56,164
-76,150
-143,62
-167,-32
-141,-92
-155,-85
-163,-70
-170,-3
-164,15
-161,-54
-165,-54
-168,-31
-160,-46
-146,-88
-145,-79
-138,14
-98,97
-125,70
-141,46
-146,28
-134,56
-131,50
-121,66
-139,1
-139,-43
-119,-73
-114,-87
-141,-24
-140,57
-136,83
-122,113
-128,100
-149,18
-157,-1
-162,33
-140,-36
-110,-104
-145,-61
-143,-75
-136,-98
-144,-89
-164,-54
-138,-83
-78,-143
-99,-131
-113,-119
-84,-147
-86,-145
-4,-165
42,-167
47,-166
43,-166
102,-130
146,-83
155,-39
120,64
49,137
-29,136
-81,116
-34,141
45,140
144,68
174,-5
175,16
177,17
172,40
175,14
172,-32
165,-44
150,-68
143,-60
152,39
130,112
137,99
143,91
112,128
114,118
145,42
150,10
147,32
121,80
77,135
0,155
-101,121
-152,84
-130,108
-112,125
-114,121
-100,126
-84,134
-60,139
17,140
100,104
139,63
159,6
160,13
158,38
126,90
115,116
139,95
138,88
64,136
59,149
95,140
47,157
49,158
86,153
73,161
49,169
56,165
127,98
159,-5
160,-8
163,6
159,-2
149,-36
151,-28
142,-49
112,-92
94,-114
105,-100
121,-81
118,-85
56,-138
-41,-153
-93,-144
-74,-156
-97,-146
-123,-127
-154,-46
-161,32
-119,93
-71,132
-26,139
38,142
35,145
27,148
10,144
-74,101
-131,-8
-104,-109
-81,-138
-104,-109
-136,-54
-131,-67
-117,-92
-132,-35
-137,48
-103,112
-121,72
-154,21
-151,52
-152,46
-142,84
-134,104
-87,148
-87,155
-86,153
-41,164
-97,126
-141,107
-156,78
-172,17
-178,-23
-175,-29
-172,-30
-171,28
-167,35
-163,38
-157,50
-143,68
-114,100
-145,47
-153,20
-99,97
-46,139
31,143
105,110
157,46
148,71
133,98
98,132
98,141
78,144
-23,144
-63,147
4,159
111,125
132,116
87,151
89,155
123,123
147,27
125,-80
139,-50
158,1
134,66
105,125
107,123
124,94
143,26
146,-7
131,27
78,114
-6,154
0,157
40,144
23,149
39,142
101,93
132,68
140,61
128,70
105,106
109,107
135,77
126,84
62,133
-1,148
-22,150
-44,143
-12,152
28,158
73,143
103,137
45,152
-48,147
-45,155
46,163
86,157
50,169
-18,171
-90,144
-112,133
-75,161
-40,174
-31,174
32,158
111,115
138,43
141,-40
132,-68
113,-96
103,-108
121,-86
134,-61
81,-107
-43,-158
-60,-162
-3,-169
-38,-165
-127,-106
-164,-26
-165,-5
-154,26
-125,79
-97,108
-74,116
48,125
74,129
0,150
-54,137
-82,121
-21,148
75,149
58,148
-48,142
-29,149
-32,145
-124,82
-140,-7
-120,-82
-105,-107
-97,-116
-90,-121
-67,-126
6,-142
37,-143
86,-104
133,-60
109,-90
37,-142
-61,-144
-79,-142
-16,-160
59,-131
121,-93
114,-110
126,-81
136,-72
107,-123
133,-82
142,-69
105,-135
53,-164
-21,-174
-81,-141
-141,-72
-145,-54
-139,-35
-119,-85
-126,-86
-136,-53
-119,-83
-91,-111
-57,-140
-9,-147
-19,-141
-80,-122
-70,-129
-91,-113
-85,-118
-47,-137
-81,-117
-95,-108
-62,-135
-28,-143
39,-137
102,-100
126,-75
101,-103
46,-144
27,-152
77,-124
109,-102
93,-122
81,-139
76,-143
104,-124
113,-115
56,-156
30,-174
21,-178
37,-168
111,-121
153,-75
154,-84
157,-84
140,-110
96,-148
36,-167
-22,-164
-64,-146
-64,-142
-87,-121
-133,-48
-139,-39
-128,-71
-125,-79
-122,-82
-134,-59
-134,-64
-144,-45
-161,18
-159,58
-150,83
-121,120
-61,165
-68,162
-111,135
-129,122
-124,126
-109,137
-97,139
-20,155
7,157
6,156
-11,154
-20,152
-4,152
7,149
42,139
94,108
96,109
99,113
129,88
124,98
124,102
126,104
115,119
143,88
173,35
172,4
133,-97
103,-138
88,-141
-3,-131
-123,-39
-149,39
-131,92
-112,124
-111,129
-100,141
-94,149
-62,167
-30,175
-74,137
-156,42
-175,7
-176,-4
-172,-32
-175,-26
-178,-1
-175,25
-163,67
-150,86
-146,14
-109,-121
-93,-152
-129,-112
-149,0
-134,82
-148,54
-160,6
-160,1
-153,31
-140,46
-146,-24
-134,-83
-107,-119
-60,-144
-1,-166
-14,-164
-61,-139
-106,-106
-100,-111
-19,-129
99,-116
134,-96
155,-39
153,57
152,64
138,-43
109,-104
112,-100
104,-106
102,-103
132,-58
132,-63
92,-113
96,-92
140,-23
146,-34
143,-25
136,38
130,68
122,67
113,71
137,-38
127,-94
144,-34
146,-33
102,-130
56,-166
-12,-175
-45,-172
-53,-164
-10,-168
53,-167
45,-166
27,-164
89,-147
65,-146
-39,-145
-72,-132
-116,-86
-118,-76
-67,-125
-33,-144
20,-132
101,-110
37,-130
-38,-134
9,-140
-3,-147
-53,-139
-106,-114
-83,-125
-69,-134
-92,-125
-44,-145
39,-133
97,-108
129,-61
141,-16
144,25
141,39
142,25
117,74
55,124
-20,145
-27,142
35,137
12,141
14,134
121,73
165,-10
168,-48
167,-57
160,-75
166,-63
175,-32
178,-6
173,31
150,87
150,79
168,-6
173,-1
167,-25
157,-52
166,-25
156,-49
134,-83
105,-111
83,-124
78,-124
101,-105
96,-107
12,-143
-6,-153
4,-157
1,-158
-2,-161
-42,-156
-113,-131
-133,-114
-108,-138
-103,-145
-62,-159
-83,-150
-143,-91
-155,14
-145,66
-133,82
-130,82
-122,87
-128,76
-129,55
-139,-31
-147,-47
-141,-21
-77,-100
-52,-148
-91,-125
-103,-113
-69,-126
3,-152
59,-143
101,-125
80,-131
-23,-129
-57,-129
-51,-137
-108,-87
-161,-11
-157,43
-140,102
-156,83
-149,93
-77,146
-31,165
-106,122
-163,60
-174,31
-177,26
-161,61
-107,122
-32,148
60,132
58,132
33,143
-12,145
-2,146
-11,143
-23,143
58,130
132,80
163,22
170,0
171,14
164,43
146,88
131,111
104,135
96,145
130,108
163,69
124,110
50,161
41,172
58,167
93,153
96,151
108,137
119,122
126,106
147,43
156,16
150,21
139,56
142,10
142,-38
105,-96
60,-143
73,-135
76,-135
108,-105
130,-93
113,-118
41,-155
-48,-168
-65,-166
-78,-163
-100,-144
-83,-144
-30,-173
-1,-174
-56,-136
-138,-33
-149,4
-147,9
-143,-19
-140,9
-129,73
-116,99
-87,129
-102,115
-124,34
-102,-86
-62,-133
-85,-121
-117,-95
-105,-103
-108,-102
-148,-52
-159,-35
-139,-76
-74,-113
17,-137
-44,-143
-95,-134
-98,-133
-131,-109
-138,-104
-160,-65
-177,-33
-175,-20
-149,-65
-141,-99
-163,-63
-151,-90
-153,-80
-153,-77
-141,-92
-106,-131
-130,-88
-158,-29
-141,-56
-117,-111
-101,-126
-108,-111
-137,-70
-127,-82
-127,-79
-115,-85
-53,-134
-21,-152
-6,-149
-12,-144
-79,-120
-28,-130
27,-143
-16,-146
-80,-121
-131,-78
-115,-96
-127,-93
-120,-96
-44,-134
50,-130
94,-111
79,-121
20,-154
35,-151
64,-142
63,-146
63,-145
110,-108
127,-97
134,-84
138,-3
96,97
76,124
89,114
47,137
63,136
95,117
136,84
128,100
126,104
137,94
120,117
134,109
150,94
169,58
172,45
164,71
160,82
158,73
132,116
129,125
107,137
86,149
139,93
153,67
136,97
126,112
139,54
133,-51
67,-121
-37,-146
-120,-115
-148,-92
-160,-44
-162,57
-134,106
-99,132
-84,136
-81,130
3,141
45,138
24,143
45,139
-1,135
-59,133
-68,132
-37,143
-19,149
-18,150
-37,146
-51,143
-3,149
100,126
126,114
56,147
3,167
5,172
23,169
98,139
143,103
156,13
128,-85
137,-68
155,-38
137,-70
96,-111
27,-143
-21,-148
18,-141
60,-132
103,-97
125,-75
140,-16
144,36
147,26
147,-15
133,-73
118,-105
130,-72
152,-16
156,-12
157,-39
160,-34
161,-26
131,-100
73,-161
40,-173
66,-164
91,-151
105,-143
55,-156
-53,-145
-88,-125
-56,-139
12,-146
-26,-138
-113,-81
-144,9
-151,8
-149,0
-98,-72
-54,-134
-81,-126
-60,-132
29,-127
124,-59
139,-53
118,-91
111,-97
75,-126
76,-114
123,-64
98,-108
78,-131
103,-110
118,-98
91,-128
17,-163
-15,-174
3,-174
60,-146
115,-119
84,-151
75,-156
129,-108
155,-65
101,-117
-23,-159
-104,-120
-137,-77
-98,-112
-21,-157
34,-160
1,-152
-89,-113
-123,-77
-80,-112
12,-144
87,-129
95,-123
79,-125
109,-107
120,-87
153,-17
143,69
115,127
66,148
-20,170
-74,158
-121,131
-130,123
-138,108
-166,52
-177,24
-161,64
-124,113
-107,115
-158,52
-172,26
-160,48
-161,37
-161,38
-155,48
-142,68
-147,46
-150,-18
-111,-102
-55,-159
-28,-169
-16,-171
-22,-167
17,-166
58,-160
91,-144
54,-153
-9,-156
-21,-154
-19,-153
-33,-144
-101,-85
-150,9
-139,74
-53,146
-17,175
-67,161
-74,161
-74,162
-20,165
43,162
-17,165
-31,171
-20,169
-46,163
-24,164
13,158
-35,149
-31,150
-51,135
-100,121
-115,99
-152,59
-161,12
-160,-11
-148,46
-150,46
-135,68
-116,92
-135,33
-128,-66
-67,-141
-90,-103
-138,11
-143,31
-134,62
-130,81
-137,70
-145,36
-139,-35
-119,-84
-82,-118
-28,-142
-52,-132
-110,-101
-109,-102
-118,-102
-151,-57
-168,-16
-169,-13
-172,6
-172,-8
-171,-41
-176,-34
-176,13
-175,24
-179,-24
-180,-24
-179,9
-176,11
-166,36
-131,93
-56,137
15,144
84,121
106,110
124,94
153,54
165,-5
133,-101
92,-152
63,-159
46,-163
-3,-156
-12,-158
26,-163
19,-161
2,-159
-46,-146
-54,-140
5,-146
62,-142
76,-136
85,-121
129,-79
132,-82
133,-77
125,-84
97,-113
95,-114
98,-110
102,-108
120,-77
143,-30
144,-4
137,-41
125,-82
95,-124
45,-157
-58,-141
-158,-59
-174,-20
-170,-22
-158,-61
-130,-114
-115,-128
-139,-89
-156,-44
-157,1
-143,-30
-128,-76
-132,21
-113,93
-65,120
43,151
93,144
112,133
154,88
172,51
144,88
114,128
35,149
-60,159
-65,163
-23,174
-2,178
-58,163
-99,149
-102,146
-129,91
-151,-22
-68,-117
-1,-153
-4,-158
-5,-160
-47,-158
-100,-140
-147,-94
-169,-49
-141,-92
-109,-136
-31,-154
40,-168
17,-177
-6,-181
-3,-179
-41,-168
-84,-150
-73,-156
-23,-164
59,-161
130,-113
146,-102
111,-138
115,-129
141,-108
143,-93
170,-23
177,4
166,34
165,45
133,96
87,154
90,140
153,45
162,-16
152,4
137,84
126,111
97,134
75,150
52,155
-4,166
-74,145
-147,88
-172,51
-174,39
-175,12
-169,-46
-155,-87
-151,-97
-128,-119
-91,-150
-8,-157
99,-129
102,-142
68,-165
5,-170
-57,-163
-54,-162
-99,-117
-116,-100
-69,-141
19,-150
101,-134
54,-156
-6,-159
25,-150
23,-149
-69,-120
-56,-121
-5,-149
-36,-143
-36,-132
62,-120
129,-72
131,-72
121,-79
133,-59
90,-112
94,-111
120,-87
112,-97
117,-81
140,-44
141,-25
118,59
76,123
116,65
147,-21
151,-33
141,-70
121,-112
121,-114
124,-110
73,-157
12,-176
-59,-164
-94,-142
-134,-82
-149,-43
-137,-62
-128,7
-114,90
-111,90
-136,43
-108,84
-13,158
61,161
122,127
162,51
168,-13
156,43
158,52
162,28
155,22
135,-60
82,-115
-4,-146
-43,-146
-24,-150
-62,-139
-13,-128
99,-93
108,-101
87,-125
110,-100
136,-42
144,-2
125,-76
128,-94
132,-83
127,12
86,109
55,137
72,131
93,120
115,103
102,115
61,135
55,144
111,117
121,109
90,140
105,134
128,118
130,120
155,67
165,-37
160,-11
134,96
126,123
120,129
131,117
149,87
142,92
138,30
117,-80
134,-59
137,-49
106,-97
124,-75
139,-21
143,13
146,6
146,-16
128,19
53,125
19,155
59,134
95,111
74,127
64,134
27,138
-14,146
-22,145
-74,120
-111,96
-26,130
84,131
113,119
107,126
124,114
150,85
172,27
176,6
145,69
87,144
61,163
82,156
131,110
160,6
154,-60
139,-81
105,-109
47,-137
39,-135
88,-114
116,-90
113,-90
60,-126
68,-129
94,-114
85,-118
72,-130
98,-112
110,-100
131,-73
125,-89
96,-129
115,-108
148,-41
154,4
130,57
87,119
54,138
-2,145
-56,132
-114,71
-151,-6
-152,2
-143,-37
-132,-82
-106,-108
-87,-131
-94,-123
-94,-119
-101,-110
-112,-94
-99,-108
-82,-123
-101,-102
-146,-41
-153,-31
-156,-15
-162,36
-165,35
-168,35
-167,42
-165,-5
-168,0
-157,79
-135,117
-73,150
1,164
58,137
129,48
147,1
148,-9
142,-54
139,-5
145,40
150,29
140,57
97,104
-2,129
-91,109
-48,115
82,119
141,79
132,85
106,123
121,114
122,112
159,21
160,-68
166,-61
160,-68
153,-78
133,-102
121,-109
102,-120
99,-119
87,-123
131,-53
155,46
157,41
151,51
147,22
142,-47
140,-39
129,44
124,92
136,64
82,107
-8,158
-22,164
-4,160
-15,151
-35,151
15,149
49,141
100,100
148,34
155,11
149,46
141,66
151,51
143,62
123,100
123,108
123,115
116,122
93,135
36,152
47,153
122,119
165,51
174,30
160,71
135,113
150,56
161,-32
160,-40
156,0
134,89
144,75
157,34
151,56
148,41
151,-7
147,31
139,68
127,87
133,73
116,84
69,129
-5,148
-34,155
-33,154
-23,153
-3,151
10,148
62,131
125,77
147,53
125,83
92,122
101,119
138,80
164,-10
164,-57
172,7
166,59
151,86
162,73
174,16
175,-35
164,-57
124,-104
116,-106
141,-76
101,-118
97,-116
141,-35
159,6
149,-38
98,-100
20,-143
44,-126
117,-83
114,-86
21,-139
-88,-138
-113,-127
-43,-146
54,-139
112,-100
125,-86
79,-136
29,-169
-6,-175
4,-168
93,-133
133,-104
150,-33
154,32
120,77
22,132
-40,141
-48,138
-54,137
-65,122
-126,44
-118,65
-66,139
-72,138
-105,108
-102,120
-113,114
-105,128
-40,159
-12,154
-120,77
-157,24
-142,78
-122,126
-140,75
-167,2
-164,-34
-152,-67
-104,-107
23,-124
115,-83
141,-28
147,8
144,30
144,29
140,-40
124,-98
116,-109
105,-126
127,-82
134,32
114,98
113,102
129,88
120,98
55,123
-41,135
-59,134
-3,149
9,148
-75,117
-115,92
-135,59
-114,85
-14,151
19,165
10,171
47,168
28,168
-11,162
-106,99
-152,68
-154,63
-162,13
-139,-49
-95,-117
-120,-102
-159,-50
-169,-30
-132,-86
-95,-134
-115,-126
-131,-112
-134,-109
-77,-147
-14,-167
54,-148
115,-103
139,-22
133,61
118,94
93,114
86,122
93,118
50,131
-6,143
67,126
145,74
172,18
176,-6
175,-5
162,-70
164,-60
165,17
132,107
117,133
111,140
67,160
65,164
114,134
81,144
45,169
79,160
84,154
106,134
108,130
130,96
147,53
148,42
131,67
89,127
69,140
115,86
144,-2
146,-36
148,-32
145,-43
146,-44
122,-104
103,-136
96,-144
57,-161
-29,-171
-70,-157
-132,-81
-155,-12
-146,40
-135,65
-130,73
-117,93
-104,108
-112,100
-87,122
-47,148
-93,115
-96,122
-117,84
-148,8
-153,9
-154,34
-156,8
-161,-12
-164,8
-158,49
-159,6
-166,4
-129,99
-20,158
85,133
133,70
142,-17
88,-109
22,-156
53,-122
128,-7
142,43
149,14
148,11
147,32
150,28
127,71
67,123
19,144
-15,146
-12,147
-12,148
-1,151
-17,148
-62,133
-101,108
-105,106
-107,100
-113,93
-76,136
-59,149
13,159
120,116
168,53
169,47
150,-13
40,-115
-81,-117
-143,-46
-162,26
-160,62
-166,47
-170,41
-173,13
-174,3
-138,-50
-19,-129
83,-110
135,-32
146,-24
145,-39
139,-59
147,-16
150,4
147,-48
139,-31
99,83
56,131
13,140
-7,146
4,149
-6,148
27,146
49,143
29,151
-31,117
-85,-36
1,-145
101,-130
130,-114
134,-107
159,-57
168,27
169,42
171,24
138,80
73,155
40,175
46,172
95,144
128,111
145,75
141,72
118,110
123,99
142,41
124,76
92,126
78,138
83,130
122,77
144,37
141,-29
94,-123
-9,-164
-84,-150
-46,-166
-74,-149
-146,-80
-148,-74
-99,-128
-10,-170
51,-170
37,-170
-27,-159
-86,-128
-30,-151
78,-129
140,-96
44,-138
-75,-122
-137,-39
-151,7
-153,12
-151,-13
-129,-59
-61,-122
2,-142
84,-104
140,9
128,102
119,120
137,84
148,18
127,-66
76,-123
85,-113
129,-61
108,-89
102,-103
114,-102
62,-145
9,-169
32,-162
104,-119
138,-89
148,-55
135,25
51,115
-70,90
-147,-9
-155,-42
-154,-6
-148,-17
-136,-64
-144,-25
-135,-56
-107,-106
-63,-138
-10,-157
7,-160
-8,-156
-41,-141
-52,-130
39,-136
75,-135
61,-138
12,-147
16,-144
78,-122
106,-105
91,-112
37,-139
73,-118
129,-58
140,-46
135,-66
131,-75
117,-95
114,-100
116,-101
121,-33
75,101
18,146
-20,149
4,145
101,75
151,-41
157,-37
160,17
161,34
167,18
155,46
116,108
107,122
143,84
63,96
-97,74
-132,69
-111,104
-81,130
-3,161
17,172
-2,171
-56,148
-126,72
-124,-48
-99,-109
-68,-127
-74,-128
-89,-123
-88,-127
-106,-119
-80,-132
-44,-151
-8,-150
81,-99
140,-40
130,-64
66,-134
-20,-164
-101,-134
-136,-115
-122,-132
-112,-139
-107,-142
-50,-150
1,-171
-27,-174
9,-177
8,-179
-49,-167
-83,-151
-102,-130
-127,-85
-146,-34
-145,-22
-133,-66
-134,-63
-130,-63
-138,10
-119,93
-78,142
0,159
103,136
120,118
24,161
-21,176
-8,178
33,163
0,157
-64,165
-37,172
-64,162
-74,162
-74,155
-136,101
-171,48
-175,27
-168,-10
-145,-88
-159,-74
-142,-97
-112,-139
-132,-110
-160,-66
-127,-111
-97,-147
-125,-122
-129,-114
-99,-141
-91,-146
-76,-150
-8,-168
42,-171
16,-170
-21,-163
-19,-159
-84,-124
-98,-115
-87,-124
-104,-105
-77,-125
-91,-113
-141,-42
-145,-26
-102,-94
-61,-127
3,-142
5,-147
-37,-145
-32,-148
-40,-147
-106,-112
-160,-37
-171,46
-162,74
-137,108
-98,140
-59,154
-50,153
2,156
40,144
65,134
34,138
15,140
100,99
147,45
161,-14
166,-26
168,-28
161,-70
147,-102
141,-112
140,-81
161,26
172,36
178,-8
168,-57
143,-101
143,-94
166,-24
172,35
171,47
162,68
126,113
54,162
-5,175
-61,165
-84,158
-76,163
-60,171
-33,175
10,175
22,171
0,172
-23,170
-25,166
-6,164
-13,162
-18,161
12,153
57,139
28,143
-3,150
38,141
65,133
114,89
160,8
164,-44
158,-74
158,-79
158,-83
119,-123
26,-163
-32,-154
-114,-63
-146,21
-141,9
-132,-55
-133,-63
-100,-94
-55,-138
-54,-139
-30,-146
1,-140
95,-106
132,-86
108,-104
59,-133
75,-127
53,-138
68,-116
133,-36
141,46
124,87
88,121
118,60
125,-64
118,-97
134,-69
136,-71
135,-80
132,-89
130,-90
128,-79
106,44
21,134
-16,148
-37,144
-56,137
-27,144
61,136
89,127
39,147
20,154
-12,150
-84,104
-134,64
-125,88
-94,124
-61,150
-18,158
59,165
60,170
48,174
24,174
-55,157
-62,164
-9,177
43,168
42,167
-33,161
-95,150
-82,156
-14,168
8,168
-36,158
-97,140
-115,130
-138,105
-141,99
-129,108
-135,97
-124,102
-147,64
-152,35
-146,-62
-111,-128
-64,-163
-47,-170
-19,-176
14,-177
32,-173
49,-169
62,-164
44,-166
67,-156
80,-151
36,-160
18,-157
-36,-149
-55,-141
-15,-147
48,-143
56,-141
45,-144
42,-144
16,-149
32,-142
-37,-131
-134,-71
-170,-16
-174,13
-177,12
-175,-6
-173,-29
-170,-33
-166,-50
-171,-44
-162,-67
-167,-43
-166,-60
-171,-41
-170,-35
-170,-8
-163,-19
-154,-71
-107,-122
-40,-171
-4,-179
8,-179
-14,-174
-60,-156
-114,-109
-129,-88
-99,-114
-47,-153
-44,-155
-90,-123
-114,-98
-114,-94
-109,-100
-124,-81
-133,-71
-143,-51
-135,-59
-105,-105
-82,-125
-86,-125
-90,-124
-120,-103
-153,-64
-164,-44
-174,1
-171,45
-165,68
-142,101
-78,148
-47,159
-8,145
99,96
136,62
148,28
148,-15
126,33
98,106
127,80
141,63
156,12
140,42
86,123
57,143
-4,133
-106,47
-143,-32
-146,8
-143,10
-130,-59
-90,-115
-23,-135
101,-110
121,-113
74,-142
50,-147
16,-148
-48,-139
-89,-117
-129,-85
-129,-86
-75,-107
44,-126
72,-128
22,-146
3,-153
5,-155
-46,-154
-110,-128
-128,-119
-123,-127
-95,-132
32,-135
118,-101
134,-86
114,-115
51,-162
-15,-174
-13,-173
-13,-177
24,-174
83,-149
138,-105
133,-121
106,-147
104,-138
147,-91
153,-88
165,-67
150,-87
95,-135
97,-125
149,-75
121,-103
44,-146
-7,-149
-45,-138
-93,-115
-80,-123
-28,-144
-32,-144
-81,-126
-90,-121
-141,-75
-159,-55
-144,-82
-114,-120
-111,-128
-114,-129
-100,-138
-64,-155
-108,-129
-119,-129
-109,-141
-63,-151
30,-166
58,-164
69,-158
30,-174
-30,-159
-128,-52
-134,60
-128,77
-45,121
59,140
116,117
136,102
132,101
113,122
144,97
105,121
41,163
48,166
-28,139
-124,89
-121,108
-58,159
-37,164
-98,139
-126,117
-144,30
-156,-27
-165,35
-167,34
-129,82
-53,162
-34,171
-11,169
7,160
77,125
34,131
-53,150
-75,144
-89,131
-133,77
-164,-18
-146,-89
-114,-136
-124,-125
-127,-110
-25,-147
89,-147
136,-113
157,-76
160,5
150,69
171,17
176,-34
169,-64
161,-75
166,-16
172,8
146,-75
88,-132
107,-99
162,-9
155,66
147,93
161,35
155,-5
126,80
101,138
109,119
100,128
75,146
49,161
19,166
-20,164
-61,159
-49,158
-103,96
-153,-41
-124,-124
-96,-146
-18,-159
67,-151
112,-121
124,-118
113,-131
139,-84
161,-31
157,-71
150,-91
161,-22
147,64
105,121
95,134
90,136
139,80
175,7
175,27
177,27
176,22
160,-42
136,-93
98,-122
44,-146
-20,-144
-39,-141
-39,-141
-96,-112
-152,-22
-128,98
-30,164
77,137
140,52
136,-41
123,-73
142,-6
141,-14
86,-113
54,-144
113,-63
145,-23
147,-50
151,-32
142,31
146,40
153,-42
140,-101
111,-136
106,-133
149,-31
169,10
173,6
172,-32
171,-31
169,-27
143,-102
129,-122
119,-122
90,-125
147,-33
169,-23
150,-72
151,-59
159,-45
131,-88
109,-109
75,-128
49,-128
122,-34
146,63
114,111
17,154
-90,138
-150,93
-153,95
-101,132
-15,158
1,159
-16,150
-104,116
-122,104
-47,138
-4,152
51,138
109,100
95,106
4,132
-81,122
-90,119
-112,93
-66,118
-22,146
-54,141
-35,149
-11,156
-35,147
-102,95
-132,76
-116,98
-131,44
-125,-49
-126,-69
-148,21
-147,76
-111,123
-40,167
-42,172
-12,172
2,166
-98,133
-153,85
-154,88
-165,52
-159,74
-116,129
-120,118
-130,107
-36,148
13,155
-14,156
9,152
48,135
11,139
-12,151
-28,143
-108,89
-154,18
-158,-22
-154,22
-150,40
-145,47
-138,54
-138,49
-121,81
-114,92
-136,49
-142,26
-145,3
-133,54
-58,137
5,168
-57,145
-121,107
-120,116
-90,148
-73,158
-56,166
-69,162
-98,136
-153,77
-165,61
-146,98
-103,145
-89,155
-79,154
-65,153
-108,127
-149,82
-158,74
-159,73
-156,72
-137,94
-119,111
-98,121
-108,101
-142,66
-149,52
-151,35
-158,-10
-135,41
-75,122
-28,146
64,133
141,76
157,-42
162,-73
161,-73
117,-123
112,-124
148,-46
164,48
171,35
152,73
128,123
117,135
126,122
147,75
159,7
155,-15
149,-14
145,51
136,80
121,99
129,83
140,63
147,31
149,12
149,7
147,-19
134,35
118,89
126,80
133,70
139,61
150,35
160,2
161,13
161,24
147,61
99,109
41,146
60,144
97,131
121,117
139,97
167,59
177,29
173,-31
146,-89
153,-49
162,-39
144,-88
141,-86
111,-109
74,-134
75,-134
71,-135
44,-138
-34,-142
-77,-130
-42,-143
-72,-129
-133,-91
-65,-128
1,-155
-61,-146
-123,-122
-145,-91
-172,-46
-173,-47
-163,-72
-164,-65
-161,-71
-169,-46
-166,-48
-153,-77
-159,-56
-162,-30
-155,-16
-142,49
-142,8
-129,-83
-104,-125
-112,-90
-133,28
-82,110
3,154
-3,164
-24,163
-24,165
38,169
59,161
130,101
152,82
135,112
131,109
95,145
71,163
66,164
90,144
73,151
8,167
-76,150
-74,157
-14,162
-26,157
-71,152
-7,155
74,128
90,111
63,131
103,96
85,110
36,135
-48,135
-84,125
-109,109
-109,107
-111,101
-105,104
-93,115
-94,115
-103,107
-101,109
-73,132
-88,118
-117,93
-126,80
-138,63
-128,87
-139,64
-149,23
-135,-50
-135,-64
-147,-42
-157,-14
-166,8
-167,23
-168,32
-160,70
-101,129
37,147
120,104
128,93
126,88
102,112
113,96
141,40
144,-25
130,-76
100,-108
131,-52
146,-55
137,-91
144,-78
156,-32
155,-51
142,-101
150,-87
167,-45
165,4
137,79
118,113
118,116
153,70
177,-4
178,-20
168,-47
142,-96
104,-131
96,-129
131,-92
91,-121
19,-145
-72,-110
-148,-31
-130,-47
-54,-127
-54,-138
-58,-142
-66,-139
-20,-149
-49,-146
-81,-138
-18,-150
-44,-146
-141,-81
-171,13
-169,12
-171,-30
-161,43
-151,77
-157,49
-163,12
-136,-66
-111,-134
-130,-109
-147,-70
-125,-108
-108,-126
-25,-151
64,-163
64,-165
98,-134
160,-63
175,-42
162,-57
105,-123
83,-144
115,-112
162,-38
165,-39
144,-76
130,-96
136,-82
129,-86
73,-127
51,-139
41,-141
10,-148
30,-145
28,-149
37,-147
38,-151
48,-147
66,-140
64,-143
31,-159
18,-163
46,-157
79,-139
74,-147
8,-172
-65,-162
-106,-144
-92,-152
-131,-105
-156,-59
-139,-86
-136,-88
-153,-26
-142,39
-78,115
-43,134
-111,86
-138,49
-145,12
-138,51
-138,59
-145,47
-140,59
-145,26
-152,20
-144,72
-124,114
-109,136
-85,151
-8,172
46,171
49,168
101,127
146,57
151,3
141,-37
113,-93
66,-136
-8,-155
-34,-163
-54,-155
-139,-94
-174,-21
-158,36
-93,117
-72,134
-36,144
-45,141
-35,143
-28,143
-74,115
-116,92
-103,106
-81,123
-108,97
-108,98
-59,139
-21,156
34,163
56,162
78,156
74,157
85,152
114,138
114,136
143,97
162,32
153,-42
150,-55
153,-44
143,-55
122,-88
132,-57
134,-54
115,-93
101,-110
110,-78
136,21
147,22
149,-4
129,-68
90,-131
95,-127
132,-77
151,-36
128,-88
66,-157
62,-163
83,-155
51,-167
-23,-168
-85,-141
0,-149
120,-108
159,-72
143,-43
102,100
82,146
133,92
172,39
165,58
132,113
111,141
109,143
73,155
-24,161
-92,144
-91,148
-81,155
-117,129
-147,85
-164,38
-166,58
-143,107
-109,143
-97,148
-124,126
-133,116
-161,59
-173,41
-166,54
-172,-8
-175,-24
-163,40
-129,99
-116,107
-126,89
-92,119
-107,104
-116,97
-88,121
-102,109
-118,93
-97,109
-48,140
-10,151
-53,124
-112,90
-112,100
-119,97
-117,97
-137,65
-144,39
-137,-34
-88,-103
31,-123
122,-78
157,9
162,46
161,49
154,61
155,41
124,-36
16,-134
-46,-152
-58,-153
-20,-152
56,-137
86,-127
46,-148
-23,-166
-40,-168
-24,-166
66,-139
128,-101
132,-100
127,-111
130,-111
110,-136
98,-146
125,-121
89,-147
67,-153
113,-126
24,-153
-88,-122
-110,-103
-105,-113
-120,-90
-65,-119
44,-145
105,-127
142,-73
157,35
77,132
-19,171
-68,159
-116,117
-151,74
-161,56
-164,43
-166,7
-120,-66
-40,-140
-1,-151
43,-145
57,-142
22,-155
-31,-159
-88,-150
-125,-122
-161,-69
-161,-58
-100,-130
0,-164
51,-166
43,-171
22,-178
45,-169
51,-168
-23,-172
-69,-158
-78,-150
-81,-143
-83,-141
-74,-145
-64,-144
-27,-159
31,-158
67,-150
8,-151
0,-148
80,-132
135,-61
153,56
165,48
171,12
168,20
155,60
126,111
102,139
128,103
114,113
88,142
101,128
99,126
115,100
134,68
134,63
114,95
85,126
65,139
34,147
-11,151
-24,149
41,131
131,62
154,-27
129,-106
85,-154
25,-173
-30,-172
-87,-133
-131,-19
-118,82
-131,61
-139,37
-94,103
-75,132
-86,122
-9,157
71,157
54,161
-47,139
-129,86
-149,51
-155,27
-142,-38
-135,-77
-137,-75
-92,-110
19,-130
98,-97
132,1
146,33
142,-16
88,-106
92,-105
132,-58
139,9
133,60
132,64
145,-6
141,-23
130,55
87,103
-28,118
-135,32
-156,-45
-153,3
-152,2
-123,-86
-52,-155
17,-172
4,-173
23,-158
124,-100
170,-45
164,-62
109,-124
75,-146
120,-105
164,-31
173,9
165,-21
149,-14
106,111
76,162
97,146
128,115
123,116
124,112
136,82
149,46
151,22
145,21
123,79
118,100
121,94
129,30
68,-107
-54,-155
-64,-161
-84,-154
-104,-147
-106,-143
-60,-167
-42,-175
-64,-166
-39,-168
55,-145
148,-60
167,-6
164,27
154,-58
135,-110
167,-53
168,-57
118,-113
71,-143
131,-69
166,38
173,48
154,75
73,139
24,172
21,177
12,178
38,173
25,165
-82,87
-134,-57
-146,-75
-156,-65
-129,-102
-126,-107
-164,-54
-177,-17
-162,-63
-112,-122
-24,-154
46,-157
62,-155
44,-164
24,-169
30,-170
65,-149
132,-103
147,-86
158,-41
149,33
129,92
145,80
136,81
40,133
-32,147
-16,152
-55,141
-88,128
-109,87
-102,-46
-86,-119
-122,-84
-122,-78
-90,-114
-95,-110
-60,-117
-23,-132
-120,-44
-139,85
-130,111
-162,55
-158,74
-142,109
-153,93
-152,96
-155,91
-136,109
-142,23
-117,-114
-54,-159
-25,-169
-35,-170
0,-174
-25,-174
-83,-160
-107,-143
-130,-109
-86,-136
-16,-172
66,-158
135,-111
157,-84
107,-129
50,-167
9,-164
-89,-113
-130,-59
-61,-118
-56,-138
-65,-131
-76,-118
-131,-15
-143,40
-143,-25
-114,-88
-45,-123
23,-139
68,-116
111,-92
61,-130
12,-142
17,-133
98,-99
89,-106
40,-136
102,-80
135,-43
137,8
128,69
102,107
83,120
18,144
-37,148
-90,122
-113,100
-103,103
-142,56
-145,-26
-115,-118
-87,-149
-107,-128
-63,-145
19,-169
80,-150
133,-116
158,-65
165,20
134,99
149,89
164,70
152,84
117,133
117,137
112,140
82,157
10,171
-2,174
12,172
-8,169
74,149
118,103
144,46
136,75
141,67
139,70
137,68
141,49
124,64
65,130
41,149
26,145
-35,147
4,147
80,125
115,90
150,4
148,-67
99,-139
62,-168
10,-176
26,-169
43,-170
31,-173
9,-170
-51,-155
-71,-143
-115,-89
-138,9
-115,97
-60,147
-18,170
1,171
61,164
66,165
-1,168
-84,145
-127,109
-153,53
-161,-7
-154,-48
-162,-41
-164,-38
-161,-39
-166,46
-144,105
-115,136
-110,139
-110,136
-124,113
-164,42
-172,35
-159,53
-150,-40
-116,-129
-143,-107
-162,-50
-162,3
-159,-39
-159,-47
-149,-5
-132,69
-137,61
-143,16
-137,-63
-122,-99
-129,-77
-117,-97
-120,-94
-136,-59
-122,-65
-48,-133
-32,-148
-28,-142
31,-148
40,-146
87,-109
143,-65
113,-90
-1,-132
-60,-134
-68,-131
-134,-80
-166,-20
-164,-4
-147,86
-145,106
-143,107
-143,95
-168,14
-170,-43
-141,-101
-97,-145
-12,-159
83,-135
140,-51
159,-5
159,-28
143,13
56,113
-29,140
-56,134
-51,132
-107,92
-137,41
-140,29
-80,108
2,156
-8,158
-58,142
-51,152
-71,142
-60,147
-18,172
-22,174
-37,172
-63,158
-112,129
-140,80
-150,-16
-155,-24
-136,87
-118,132
-133,122
-133,120
-148,100
-162,68
-177,6
-176,-12
-163,-58
-164,-60
-137,-99
-111,-137
-90,-153
-124,-123
-162,-65
-167,-34
-153,25
-150,34
-162,-12
-159,-7
-155,5
-152,21
-151,17
-143,43
-134,65
-141,44
-143,35
-133,67
-120,96
-102,120
-100,126
-105,125
-70,150
-23,167
-62,154
-8,164
24,172
-39,170
-54,169
2,176
17,179
36,172
68,156
104,120
135,69
121,79
78,132
83,112
131,24
107,78
96,115
126,73
143,-13
137,-80
143,-73
147,-18
140,54
78,106
9,141
16,145
76,127
136,86
155,65
168,34
176,-8
174,-8
158,-54
142,-98
166,-35
156,58
104,136
70,163
35,166
-47,155
-100,136
-116,123
-136,88
-148,-3
-139,-71
-141,-78
-148,-72
-148,-76
-161,-53
-173,10
-176,26
-172,-7
-164,-58
-174,-18
-180,-3
-165,27
-113,110
-110,120
-119,113
-109,115
-67,137
-49,142
23,140
79,126
90,117
137,71
137,83
152,64
165,3
152,-85
143,-104
162,-77
167,-68
165,-65
169,-13
147,79
122,130
102,145
40,162
-37,163
-61,157
9,169
111,117
160,51
158,49
142,84
135,97
148,59
146,53
143,52
147,2
148,-23
147,16
144,7
133,-67
134,-72
127,-85
124,-97
89,-134
10,-170
-8,-175
59,-150
132,-99
149,-77
157,-11
155,4
125,-107
101,-150
94,-151
122,-128
92,-141
-30,-144
-121,-77
-144,-15
-138,-44
-106,-87
-61,-132
-100,-106
-137,-42
-154,22
-155,31
-158,28
-153,-10
-140,-60
-158,-24
-164,-19
-152,-55
-115,-98
-24,-139
-26,-149
-78,-146
-73,-149
-52,-154
-14,-161
-4,-166
28,-156
98,-115
121,-91
74,-139
100,-115
132,-98
94,-136
58,-165
103,-136
144,-91
156,-72
128,-108
77,-157
72,-163
78,-157
104,-145
96,-150
78,-156
79,-150
92,-142
82,-145
69,-148
51,-150
-12,-147
-11,-144
12,-148
-20,-145
14,-144
34,-142
-40,-138
-91,-125
-96,-126
-92,-130
-124,-97
-156,-63
-165,-54
-179,-5
-138,72
-29,150
-22,159
-59,154
-41,156
11,148
84,110
76,121
109,92
151,18
138,25
87,111
78,129
116,103
134,89
115,100
41,142
31,153
47,154
64,152
46,151
-1,155
74,143
115,135
132,118
161,73
160,82
165,63
152,86
136,116
97,142
49,167
-32,154
-123,123
-141,111
-154,87
-168,53
-150,91
-67,146
27,159
-28,142
-139,71
-165,-37
-169,-64
-148,-89
-104,-142
-106,-145
-114,-139
-73,-146
33,-163
86,-151
117,-128
146,-79
166,-48
153,-85
98,-142
109,-130
134,-116
142,-80
175,-12
177,-1
167,48
147,94
155,87
152,96
146,98
169,44
169,39
151,79
150,85
159,65
152,77
134,102
136,100
150,53
121,91
54,154
52,156
38,143
-92,120
-156,84
-148,96
-149,92
-119,114
-115,117
-131,106
-125,108
-94,128
-94,125
-76,128
24,134
117,92
148,59
142,62
110,108
76,131
33,148
51,149
49,150
48,154
35,159
57,153
111,131
84,146
68,156
135,79
160,-38
133,-91
72,-131
-20,-140
-37,-142
17,-142
77,-124
88,-122
69,-130
106,-93
114,-92
76,-125
66,-135
29,-149
-49,-153
-54,-156
-20,-168
-64,-154
-136,-113
-128,-124
-115,-137
-80,-154
-55,-171
-64,-167
-53,-168
4,-176
11,-179
7,-165
96,-137
98,-144
9,-165
-59,-154
-117,-98
-143,-39
-134,-62
-114,-96
-90,-120
-47,-137
34,-148
107,-110
161,-34
158,-52
146,-75
158,-37
167,-4
157,-27
148,-48
152,-29
154,11
149,40
112,104
111,112
116,107
103,122
92,126
103,111
125,82
110,95
68,131
43,141
-14,147
-30,147
54,120
139,23
128,-97
83,-153
24,-174
-26,-173
-46,-165
-90,-141
-95,-136
-63,-150
32,-156
101,-141
66,-152
57,-153
70,-146
82,-126
143,-90
146,-87
154,-67
157,-10
96,112
43,171
47,172
77,154
70,148
3,173
12,175
8,177
9,175
35,162
-25,149
-97,141
-61,160
-54,161
-66,152
-89,141
-35,151
58,134
106,103
125,77
107,92
56,134
30,144
25,144
59,138
79,131
121,104
125,102
118,114
86,124
-34,125
-98,112
-50,139
20,164
40,166
63,161
51,165
-3,166
-51,162
-15,169
-28,160
-82,151
-86,152
-94,148
-111,133
-141,103
-106,135
9,157
114,108
118,103
82,136
94,123
100,119
87,130
117,90
138,47
146,-15
146,-36
130,26
101,104
70,121
-21,136
-57,138
-44,142
-95,103
-143,48
-156,14
-153,3
-132,-64
-129,-90
-121,-97
-103,-118
-92,-126
-101,-115
-129,-76
-143,-33
-147,13
-133,77
-140,56
-154,27
-153,-3
-145,-45
-155,-5
-161,8
-164,26
-161,46
-132,-51
-50,-126
53,-125
37,-142
-28,-152
-78,-143
-32,-152
7,-156
47,-148
10,-163
5,-164
59,-151
108,-109
129,-94
88,-143
49,-168
66,-146
139,-87
158,-50
165,7
165,26
170,1
172,-38
170,-38
154,44
106,127
97,141
103,139
89,150
94,151
95,151
94,152
118,132
155,83
170,39
167,-5
154,-43
93,-104
3,-142
-84,-120
-129,-96
-105,-114
-84,-132
-58,-138
-1,-154
-32,-153
-106,-130
-118,-127
-119,-128
-112,-132
-104,-141
-107,-141
-90,-154
-131,-110
-167,-40
-162,-52
-150,-90
-108,-121
23,-149
128,-106
138,-108
115,-137
122,-131
126,-121
161,-54
166,-61
160,-82
150,-92
159,-43
137,72
63,155
69,157
130,121
137,111
134,107
98,143
124,116
152,78
134,104
116,125
133,95
125,101
80,140
27,167
-21,170
-67,158
-97,144
-84,147
-31,160
9,158
13,152
-11,154
35,141
105,101
127,81
100,105
63,134
27,138
-60,124
-106,101
-81,121
-15,143
84,128
126,109
145,72
167,-34
134,-109
117,-124
134,-108
88,-138
15,-157
15,-152
72,-138
78,-134
60,-136
80,-129
82,-122
127,-71
153,18
145,79
125,112
104,130
96,128
136,58
128,74
105,117
88,129
60,146
61,143
86,125
110,100
136,51
137,31
48,111
-30,147
-25,150
1,150
34,142
86,124
80,128
41,142
-30,140
-63,134
-92,109
-126,72
-128,75
-117,96
-97,115
-14,149
53,164
35,169
-15,167
-85,129
-134,83
-80,127
14,175
56,166
107,130
58,154
71,153
111,127
115,118
142,63
149,32
145,29
136,-15
115,-93
124,-78
142,-17
149,-11
148,-29
146,-41
150,-37
145,-8
99,87
23,141
-12,148
5,149
6,146
-54,134
-78,127
-58,136
-11,147
38,149
-24,141
-82,126
-60,136
52,146
124,121
163,71
174,50
168,64
167,64
148,96
139,113
138,109
82,136
19,173
49,171
86,151
125,109
146,70
147,56
146,-5
97,-95
21,-148
8,-158
18,-158
-45,-158
-105,-139
-77,-150
-49,-168
-101,-135
-158,-75
-164,-57
-157,-73
-138,-100
-119,-124
-146,-84
-156,-25
-155,0
-149,3
-133,39
-143,-28
-147,-44
-149,-28
-143,-24
-105,-94
-62,-140
-10,-152
32,-154
-3,-150
28,-143
29,-140
-66,-127
-108,-102
-117,-89
-112,-93
-152,-4
-159,10
-148,-61
-112,-103
-26,-139
64,-124
100,-109
71,-133
1,-157
-12,-148
95,-72
148,-26
141,-48
100,-120
93,-130
137,-50
153,16
155,27
159,12
161,-17
120,48
72,123
110,98
86,123
128,81
169,26
174,7
175,18
176,8
178,-23
180,-6
179,19
167,59
164,53
160,-28
128,-91
124,-96
52,-131
-17,-147
0,-146
39,-138
6,-146
-14,-150
-18,-152
-20,-152
36,-141
90,-116
108,-101
112,-98
66,-135
49,-149
10,-164
11,-165
80,-138
107,-127
99,-136
84,-151
96,-141
131,-101
154,-36
153,33
160,14
166,-51
147,-99
127,-127
118,-132
49,-157
-27,-161
-57,-148
-39,-153
-43,-151
-7,-154
6,-158
-35,-147
-85,-119
-99,-104
-28,-136
49,-138
56,-137
-16,-144
-62,-136
-90,-124
-98,-123
-128,-99
-148,-78
-166,-33
-176,14
-175,18
-176,-6
-173,-46
-174,-6
-165,60
-131,103
-92,133
-104,124
-88,131
-45,142
-76,122
-111,106
-52,134
-37,138
-67,133
-64,135
-28,142
71,128
151,62
157,54
150,81
161,-12
105,-122
100,-133
74,-137
-28,-147
-68,-136
-57,-136
-56,-134
-115,-86
-152,-21
-139,-45
-117,-97
-114,-105
-93,-120
-76,-133
-81,-132
-21,-142
77,-115
107,-105
58,-136
1,-159
-38,-163
-64,-160
-62,-157
17,-153
35,-149
-55,-161
-95,-145
-151,-64
-166,-16
-140,48
-84,123
-59,137
-66,127
-121,66
-142,-26
-118,-105
-102,-127
-91,-132
-69,-137
-20,-161
-12,-163
13,-162
58,-152
112,-112
154,-4
161,66
160,-15
129,-95
120,-99
150,-31
163,23
162,10
155,-17
111,-84
64,-129
108,-70
138,8
110,-69
68,-137
35,-151
0,-161
13,-163
-45,-157
-103,-137
-147,-83
-153,14
-143,66
-163,12
-153,35
-133,79
-120,95
-87,124
-95,113
-100,109
-71,129
-99,98
-132,8
-107,-97
-64,-147
-84,-132
-95,-123
-83,-129
-89,-122
-65,-136
-57,-138
-82,-125
-108,-101
-107,-103
-95,-111
-76,-128
-85,-126
-51,-135
36,-130
49,-133
-21,-147
-4,-149
-22,-148
-8,-149
-13,-157
-74,-149
-138,-84
-176,8
-175,33
-166,46
-100,106
17,140
97,107
80,119
15,145
-38,140
-109,84
-154,19
-151,36
-132,73
-117,93
-130,45
-137,-48
-143,-29
-132,59
-95,117
-106,79
-136,27
-69,113
59,150
106,145
115,138
137,118
155,87
150,86
150,79
142,85
97,139
35,164
-18,175
-9,176
-18,172
-68,162
-100,145
-149,92
-175,35
-178,22
-175,24
-157,-38
-110,-128
-49,-165
-18,-173
-56,-165
-88,-150
-137,-102
-143,-101
-116,-128
-92,-148
-95,-141
-134,-82
-156,-17
-153,8
-149,25
-145,19
-136,-49
-125,-85
-141,-32
-138,-20
-81,-107
-32,-147
-85,-115
-131,-72
-151,-25
-156,8
-146,24
-84,124
-94,135
-147,79
-164,45
-161,62
-164,63
-169,59
-142,99
-130,110
-161,17
-156,-72
-156,-83
-168,-63
-155,-80
-69,-135
35,-159
69,-152
103,-128
132,-97
143,-78
156,-34
160,0
158,-17
91,-117
-19,-169
-37,-171
-34,-170
-27,-167
-47,-156
-24,-151
57,-155
43,-161
23,-154
105,-99
169,-36
168,-46
151,-78
126,-102
89,-122
15,-141
-2,-146
-44,-142
-43,-138
46,-121
109,-96
49,-132
-44,-143
-116,-114
-125,-102
-31,-136
62,-136
85,-129
85,-129
116,-70
142,-36
140,-66
130,-86
140,-33
150,16
122,70
91,117
51,136
0,141
-85,98
-94,105
-47,139
-2,153
0,155
-53,128
-121,80
-138,49
-144,34
-119,87
-102,111
-119,99
-116,103
-135,74
-102,124
-40,170
-14,177
37,175
73,164
65,163
-4,173
-31,178
-41,171
-97,145
-88,153
-50,166
-59,161
-80,153
-12,156
25,151
-35,153
-14,150
61,135
56,139
30,147
41,143
48,140
-4,139
-84,115
-69,130
-39,145
-15,148
-37,139
-72,126
-34,143
42,151
74,148
96,138
40,142
-52,143
-54,148
-98,117
-120,102
-94,135
-80,143
-115,105
-114,122
-103,138
-138,94
-158,68
-158,70
-110,131
-63,168
-60,168
-81,153
-112,132
-91,148
-81,152
-77,151
-129,110
-165,57
-172,-2
-169,-54
-155,-89
-132,-119
-82,-153
-9,-176
-2,-180
-2,-179
-40,-172
-33,-169
59,-157
71,-152
-44,-153
-92,-136
-62,-146
4,-165
52,-160
95,-144
81,-147
-2,-144
-91,-113
-102,-105
-79,-122
-89,-117
-109,-102
-128,-76
-154,-12
-148,76
-137,110
-103,143
-116,125
-158,37
-159,-46
-133,-97
-141,-85
-174,-16
-164,55
-141,107
-108,134
-55,155
-50,153
-92,125
-144,75
-109,103
-105,103
-149,16
-152,-73
-156,-69
-162,-34
-152,29
-139,62
-145,28
-144,15
-108,95
-70,136
-32,151
42,153
101,136
102,142
119,129
155,73
170,-10
152,-70
134,-94
128,-94
66,-129
86,-95
150,-22
138,-63
95,-109
53,-138
69,-130
71,-128
-2,-149
-47,-152
-59,-143
-135,-87
-157,-77
-156,-79
-172,-42
-168,-58
-156,-89
-161,-60
-155,40
-135,90
-131,93
-132,91
-138,76
-141,65
-134,66
-49,115
45,143
25,149
36,148
71,144
54,154
51,159
50,162
58,162
34,159
-71,101
-138,48
-123,100
-105,130
-89,143
-124,112
-144,95
-150,85
-155,76
-146,93
-147,32
-133,-80
-121,-110
-148,-77
-167,8
-133,110
-81,151
2,158
61,140
76,129
71,129
17,150
-3,153
-11,151
-35,147
23,137
90,118
85,123
65,134
49,138
-35,126
-80,115
-23,147
-5,154
4,157
30,158
46,159
17,159
-31,156
1,164
13,162
-48,157
-45,159
61,152
143,74
144,-49
117,-98
54,-132
29,-145
34,-144
67,-119
130,-24
135,72
103,120
64,147
58,140
112,96
66,125
34,150
58,141
43,148
55,140
38,137
-42,142
-78,131
-118,91
-150,44
-158,-4
-155,15
-131,78
-121,89
-123,82
-57,123
46,146
105,129
103,131
75,146
1,136
-113,72
-145,7
-137,44
-84,133
-40,167
-52,160
-113,112
-148,78
-148,70
-157,14
-156,30
-102,130
-91,152
-129,115
-166,49
-171,34
-172,-10
-175,-8
-164,-48
-147,-98
-120,-121
-64,-157
-61,-164
-46,-165
15,-167
86,-120
143,-13
143,48
148,46
159,7
156,-62
149,-94
121,-122
69,-161
98,-142
148,-86
165,-66
152,-92
109,-133
61,-158
38,-161
-17,-154
27,-138
120,-103
97,-119
16,-148
-1,-148
10,-148
32,-145
22,-145
-37,-141
-67,-134
-16,-127
93,-98
123,-72
43,-119
-59,-147
-95,-137
-144,-88
-163,-70
-141,-97
-92,-145
-45,-158
31,-160
78,-128
141,-41
153,-38
140,-85
118,-125
112,-137
113,-135
85,-158
76,-161
94,-153
102,-148
133,-114
117,-129
101,-139
147,-88
167,-61
148,-90
115,-125
124,-108
160,-49
167,-29
159,27
125,116
106,146
117,136
140,98
152,10
151,-26
157,11
155,14
149,-26
146,-31
147,-16
148,-4
149,12
145,-26
134,-69
101,-114
102,-111
139,-37
137,38
100,101
72,130
110,85
148,-32
151,-50
147,38
104,106
94,120
150,60
171,25
175,3
175,-8
143,67
36,138
-30,150
43,151
82,151
119,127
159,53
160,-44
154,-65
151,-67
141,-56
125,66
87,150
24,171
-32,174
-22,175
-43,156
-124,120
-115,138
-62,157
27,157
18,159
-38,158
-82,141
-30,153
59,127
123,63
97,101
74,130
68,132
28,136
-49,135
-54,138
-78,127
-48,136
2,145
-61,122
-116,91
-105,105
-89,118
-121,59
-121,-52
-99,-116
-95,-121
-69,-133
-33,-149
-2,-152
11,-151
-57,-132
-124,-75
-142,-50
-127,-83
-100,-110
-92,-120
-135,-79
-153,-60
-133,-85
-117,-111
-141,-68
-171,0
-172,1
-168,58
-163,73
-163,67
-168,48
-152,79
-105,118
-3,145
22,146
6,149
20,145
29,140
58,135
36,143
-9,146
-32,145
-14,149
25,148
55,146
38,154
33,158
21,161
38,160
95,145
115,136
126,126
102,141
77,162
85,160
96,152
99,144
13,160
-54,169
-17,180
12,180
38,172
56,160
110,117
111,116
79,143
80,135
130,63
139,44
126,67
138,3
147,-3
145,25
135,40
150,-24
148,-67
134,-101
100,-140
23,-169
-9,-173
64,-156
89,-154
84,-149
145,-77
165,-64
165,-70
160,-79
108,-124
31,-160
44,-155
93,-137
128,-105
143,-90
107,-119
21,-145
-33,-144
-42,-136
-85,-112
-42,-137
-38,-144
-39,-144
-51,-135
-113,-105
-95,-127
-75,-142
-103,-131
-93,-134
-22,-153
21,-158
-2,-167
-50,-162
-48,-163
-5,-171
-73,-145
-156,-55
-166,22
-163,-9
-148,-81
-130,-116
-142,-97
-152,-52
-143,27
-136,61
-133,29
-113,-83
-87,-131
-115,-99
-96,-118
-113,-97
-130,-70
-98,-106
-98,-114
-108,-103
-68,-125
-13,-146
-24,-147
-69,-131
-108,-104
-124,-93
-100,-114
-99,-120
-109,-113
-97,-126
-124,-107
-141,-85
-82,-125
-8,-155
38,-151
36,-155
13,-164
7,-168
-19,-172
-68,-162
-50,-159
58,-149
97,-142
56,-163
8,-180
-13,-179
4,-178
-44,-166
-106,-131
-94,-135
-53,-161
-74,-144
-108,-117
-74,-136
-22,-158
36,-150
54,-148
45,-152
83,-139
122,-110
111,-117
59,-144
-12,-143
-95,-111
-141,-52
-157,-8
-135,-64
-114,-104
-116,-89
-149,35
-150,96
-139,115
-128,126
-76,155
-83,149
-92,143
-39,158
11,154
36,145
-2,152
9,153
29,148
23,148
16,147
65,130
124,76
158,31
154,52
105,98
45,140
104,115
135,98
159,22
162,-72
142,-102
152,-66
159,-63
152,-82
156,-75
155,-76
163,-52
161,-43
159,4
160,14
149,28
90,127
12,175
40,170
94,142
98,136
126,102
143,63
116,83
39,149
-16,165
-57,159
-80,148
-104,131
-121,116
-115,119
-84,130
-38,142
-95,118
-114,109
-131,66
-155,-23
-145,7
-133,56
-141,-35
-120,-108
-137,-69
-144,-53
-113,-92
-85,-134
-110,-108
-123,-83
-76,-120
-72,-122
-128,-64
-144,28
-138,84
-127,104
-104,131
-40,164
31,174
25,175
-58,153
-132,114
-146,103
-151,94
-157,86
-150,101
-153,90
-154,81
-92,137
-23,159
22,154
-7,158
4,156
15,153
55,136
48,138
4,147
-51,140
-92,122
-113,101
-138,59
-152,-17
-143,-71
-148,-50
-143,-59
-146,-14
-133,60
-133,38
-141,-30
-145,7
-133,68
-111,111
-125,83
-134,-6
-125,-73
-144,-43
-149,-1
-122,97
-86,150
-110,134
-139,93
-165,36
-167,-11
-166,-36
-156,-64
-154,-77
-150,-82
-163,-43
-180,-13
-180,-18
-175,20
-166,60
-124,108
-82,139
-68,140
31,127
131,58
148,47
141,65
135,75
151,51
161,27
165,-29
163,-46
143,-93
141,-12
75,117
50,151
105,131
155,78
169,59
170,55
160,79
142,107
94,141
-20,144
-106,124
-78,154
-75,154
-121,123
-132,116
-125,121
-91,152
-118,133
-145,103
-144,39
-136,-79
-158,-38
-175,33
-177,30
-175,30
-163,58
-173,26
-179,5
-174,-5
-151,-68
-118,-129
-79,-150
-3,-176
3,-178
-51,-169
-39,-170
-58,-156
-117,-116
-119,-113
-79,-136
-26,-165
-13,-166
-39,-156
-72,-140
-83,-130
-81,-128
-17,-141
30,-151
-15,-149
20,-138
79,-130
101,-108
140,-68
126,-82
16,-113
-124,-78
-122,-87
-32,-136
45,-138
74,-115
132,-33
149,9
149,20
141,44
75,101
-63,127
-143,76
-153,71
-151,72
-164,12
-169,-23
-166,7
-157,34
-156,20
-138,-60
-89,-142
-51,-164
-27,-173
-40,-167
-35,-165
-17,-169
-54,-152
-102,-116
-131,-65
-99,-83
-66,-127
-116,-92
-137,-56
-149,-22
-152,-17
-154,-15
-124,-57
-51,-128
-30,-143
6,-129
115,-71
153,-14
119,-60
36,-136
-21,-150
-80,-139
-96,-132
-63,-153
-20,-158
66,-125
127,-83
113,-100
62,-152
29,-169
-29,-170
-30,-161
86,-99
149,7
162,10
146,38
111,103
123,100
128,100
151,73
150,76
126,109
111,129
128,116
160,69
169,43
169,18
145,-77
79,-133
-17,-146
-92,-112
-117,-90
-107,-104
-100,-107
-41,-135
15,-143
62,-132
45,-142
42,-136
-40,-129
-118,-113
-146,-87
-170,-38
-152,57
-90,140
-105,128
-154,79
-150,83
-140,87
-163,42
-164,46
-154,61
-155,42
-164,-10
-164,-38
-160,-9
-148,46
-138,55
-147,-3
-148,-51
-150,-23
-150,9
-146,23
-144,-10
-144,-12
-115,77
-25,154
-9,165
-64,150
-94,137
-86,147
-62,162
-93,136
-139,95
-139,100
-151,64
-160,33
-146,94
-125,131
-114,140
-121,132
-136,117
-115,135
-117,131
-124,124
-108,127
-153,61
-165,37
-126,103
-96,126
-32,145
-36,146
-70,135
-92,123
-103,112
-80,123
-104,98
-136,54
-147,-15
-147,-51
-132,-82
-138,-59
-127,39
-71,131
-35,155
-55,146
-78,140
-71,143
-117,98
-144,61
-149,7
-152,-19
-148,-23
-137,-61
-157,-8
-160,56
-129,117
-123,127
-126,122
-83,155
-52,167
-26,171
-51,157
-124,118
-137,109
-67,145
-37,157
-63,150
-46,151
-15,155
-5,152
48,139
85,117
48,135
46,138
41,138
20,147
36,148
38,149
30,151
81,135
102,130
33,140
-45,144
-20,156
-46,150
-47,156
-23,164
44,165
108,142
78,151
43,170
86,153
135,92
144,86
138,104
144,78
154,28
133,66
76,140
25,168
37,163
76,143
78,139
71,140
51,145
32,152
63,136
101,108
123,82
117,89
127,65
138,-58
132,-109
145,-87
106,-130
60,-167
72,-157
-19,-151
-82,-144
-98,-131
-107,-107
0,-136
74,-154
72,-154
94,-141
93,-137
74,-141
118,-110
124,-109
114,-113
138,-80
156,-10
165,24
156,-32
156,-21
144,46
106,124
50,160
-15,169
-92,141
-107,138
-114,129
-153,88
-172,49
-169,51
-165,50
-171,-10
-158,-77
-164,-65
-168,-34
-108,-109
1,-164
82,-150
125,-119
141,-85
164,-11
165,25
163,38
169,11
168,-52
169,-45
170,24
172,31
154,-55
89,-136
-11,-147
-75,-132
-74,-130
-108,-90
-150,-12
-150,-13
-137,-59
-145,-52
-129,-71
-107,-108
-63,-127
-51,-141
-102,-117
-152,-65
-162,-54
-171,-25
-178,15
-169,48
-155,85
-113,117
-54,154
-46,155
-51,151
-90,129
-122,103
-152,41
-166,-17
-164,-13
-160,-38
-161,-31
-159,-32
-157,-18
-155,-12
-141,30
-113,90
-41,133
29,154
-18,152
-54,148
-64,147
-63,150
-41,159
-15,170
-68,133
-140,52
-157,30
-153,43
-92,124
-17,175
-21,176
-25,177
-25,175
-22,176
3,175
19,170
54,156
97,119
119,92
122,82
112,88
141,7
147,-32
151,-13
144,29
136,63
129,78
103,104
57,135
40,141
65,132
29,143
-4,149
-26,149
-29,147
45,144
105,128
104,132
103,138
120,125
111,123
22,159
-10,170
-8,173
-9,174
29,163
100,144
124,127
134,116
110,134
80,155
87,146
133,99
149,49
140,-25
124,-78
117,-90
119,-83
86,-108
-25,-151
-116,-122
-91,-137
-68,-160
-88,-154
-30,-154
74,-144
123,-104
148,-27
143,43
115,95
96,117
41,132
-60,121
-115,90
-133,56
-147,30
-135,60
-115,96
-121,73
-136,-17
-141,-41
-148,0
-147,33
-138,73
-142,62
-140,76
-103,132
-45,169
-5,179
20,176
83,148
125,114
111,129
116,122
126,104
139,63
140,52
142,37
145,14
126,75
126,74
138,-6
95,-113
76,-142
100,-128
84,-140
128,-65
122,55
94,110
135,18
151,-74
159,-47
162,16
167,-8
167,-63
171,-55
175,-18
166,41
164,67
152,82
129,117
119,124
49,155
-20,165
-12,169
49,169
43,168
-32,172
-62,167
-93,143
-123,122
-137,93
-166,30
-158,-26
-139,-88
-146,-83
-165,-13
-155,78
-121,124
-130,115
-134,113
-140,92
-169,10
-173,7
-166,29
-162,-35
-124,-114
-86,-156
-39,-173
23,-174
77,-158
117,-132
142,-109
139,-114
82,-151
12,-172
3,-171
10,-168
-24,-159
-74,-138
-110,-96
-136,8
-122,88
-44,146
-23,158
-114,89
-135,77
-128,94
-156,20
-158,-21
-134,-72
-85,-119
-96,-118
-143,-82
-161,-49
-174,6
-177,4
-178,-1
-178,18
-154,65
-130,108
-163,53
-177,15
-171,-27
-124,-108
-80,-159
-57,-167
3,-174
13,-178
-4,-179
-21,-177
-4,-170
32,-171
-39,-164
-106,-120
-141,-67
-146,-30
-122,50
-60,135
-67,126
-125,75
-138,62
-133,72
-140,52
-122,103
-118,115
-117,117
-95,143
-123,112
-148,87
-153,83
-160,68
-162,22
-162,-37
-169,15
-164,61
-173,37
-177,16
-179,2
-178,21
-159,65
-113,125
-83,142
-59,145
-28,147
-84,124
-97,123
-39,144
7,149
20,148
3,146
20,146
72,134
60,141
70,143
94,134
132,105
135,104
139,101
159,79
121,115
50,158
1,168
41,168
90,156
91,155
64,165
75,160
88,154
77,162
72,165
62,167
69,160
115,113
149,48
151,-5
148,-21
145,11
141,51
140,-4
138,-57
140,-62
126,-91
122,-100
124,-105
98,-135
65,-161
71,-161
56,-169
73,-156
24,-152
-110,-102
-146,12
-127,78
-107,101
-116,87
-137,58
-121,87
-109,106
-121,81
-130,0
-83,-109
-46,-146
-40,-144
-31,-144
-54,-134
-118,-88
-144,-50
-116,-86
-40,-132
62,-112
137,-55
150,-36
150,-29
146,-35
139,-51
138,-50
137,-42
69,-117
31,-154
92,-103
119,-78
46,-149
-22,-173
-24,-168
71,-127
132,-87
100,-137
112,-126
142,-94
144,-42
121,77
79,130
110,111
156,56
173,-14
143,-89
69,-153
65,-151
63,-153
89,-137
138,-100
162,-50
163,33
144,102
153,89
149,95
145,100
137,108
136,107
100,132
43,165
78,146
94,135
85,140
129,69
147,26
133,57
78,121
19,159
8,159
38,145
49,143
45,142
71,126
60,127
23,143
88,113
128,85
152,41
164,-5
162,19
163,33
150,63
100,105
-16,132
-69,133
-68,138
-51,150
-59,140
-112,93
-140,54
-99,103
-3,164
-3,161
-103,111
-147,70
-133,99
-57,150
53,165
66,166
62,166
39,169
34,168
19,164
-55,159
-115,130
-161,60
-177,31
-156,79
-150,93
-144,94
-161,28
-172,-13
-161,44
-152,49
-161,9
-119,85
-74,129
-2,141
54,140
79,129
111,112
111,116
64,132
-28,143
-39,147
-2,157
52,154
130,101
174,33
179,28
179,24
178,22
177,7
173,25
169,43
167,48
165,-2
157,-28
159,-3
126,-60
55,-135
9,-150
-26,-152
-60,-145
-114,-119
-149,-86
-157,-79
-163,-61
-139,-98
-82,-145
-90,-140
-159,-60
-167,3
-123,93
-46,137
25,144
17,144
-27,146
-35,143
-80,111
-135,65
-147,30
-142,-16
-82,-113
-14,-165
7,-170
-14,-165
-7,-162
45,-157
87,-139
48,-146
-27,-149
-44,-135
25,-144
16,-149
-49,-132
-126,-71
-157,-25
-149,-54
-145,-71
-150,-65
-166,-34
-163,-34
-122,-95
-89,-135
-59,-144
-14,-160
-69,-150
-128,-122
-134,-117
-153,-91
-168,-64
-153,-81
-117,-132
-102,-146
-47,-169
-41,-175
-14,-174
-11,-175
-78,-151
-124,-110
-104,-127
-87,-141
-44,-157
-1,-167
53,-156
90,-145
87,-144
131,-108
158,-72
144,-83
104,-124
112,-119
77,-133
-13,-144
-68,-133
-52,-135
-25,-146
-55,-138
-92,-125
-64,-134
-23,-149
-12,-153
25,-144
69,-133
36,-151
25,-156
67,-136
104,-112
112,-107
91,-132
99,-127
104,-126
106,-114
146,-45
154,-42
143,-89
137,-108
134,-110
110,-136
95,-152
105,-144
81,-160
86,-155
55,-160
32,-163
55,-161
14,-165
-30,-155
-89,-95
-138,27
-130,90
-102,124
-35,167
-49,161
-97,135
-132,103
-136,108
-134,112
-127,122
-132,115
-71,157
-52,168
-77,158
-109,111
-156,-21
-138,-101
-153,-69
-173,-32
-162,-70
-148,-102
-140,-113
-126,-126
-135,-112
-163,-59
-166,1
-152,49
-121,92
-90,112
-94,112
-67,126
-2,149
80,125
147,82
168,43
171,-27
148,-92
151,-87
155,-76
148,-77
163,22
169,59
169,57
151,86
140,100
160,34
153,63
145,95
145,90
149,69
120,100
71,153
41,165
18,171
50,156
94,127
104,112
127,81
139,47
144,-18
127,23
96,107
89,112
139,43
156,-21
154,-32
139,36
132,61
161,-21
165,-24
168,11
168,29
160,50
130,100
140,67
147,-68
127,-123
144,-99
170,-40
180,5
173,-17
134,-95
114,-116
132,-94
116,-109
113,-106
78,-130
84,-125
91,-121
63,-133
17,-147
18,-150
26,-148
-17,-147
-12,-145
61,-135
100,-111
115,-96
137,-52
145,-43
133,-78
134,-82
122,-107
99,-139
95,-143
116,-124
119,-122
89,-153
59,-167
-11,-174
-19,-172
9,-174
-65,-140
-138,-56
-150,-11
-145,-36
-145,-22
-130,61
-113,97
-131,73
-118,104
-111,114
-133,84
-141,77
-128,104
-91,146
-28,169
19,177
20,176
21,175
72,149
133,75
132,77
110,116
58,147
7,168
-19,167
-35,160
-96,130
-135,105
-153,48
-174,-1
-145,68
-72,132
-15,148
-26,147
-24,149
-2,149
5,147
-17,147
32,139
121,100
155,65
134,91
95,128
134,97
168,53
167,54
158,77
174,30
177,-4
176,9
174,10
166,1
140,-75
113,-110
85,-125
68,-130
-11,-143
-88,-124
-135,-85
-165,-25
-168,-11
-137,-79
-144,-83
-152,-78
-138,-103
-162,-48
-178,-17
-173,-43
-161,-76
-145,-103
-142,-106
-134,-114
-160,-54
-168,-34
-163,-24
-159,-14
-158,-43
-156,5
-124,71
-101,100
-125,79
-124,80
-132,62
-66,118
43,151
52,154
93,133
41,150
-51,151
-77,144
-10,160
105,131
145,100
91,128
-41,152
-132,91
-163,12
-166,20
-167,12
-170,-16
-150,-54
-64,-128
12,-151
56,-132
113,-88
98,-113
97,-116
90,-129
60,-152
36,-164
23,-166
74,-145
58,-156
-25,-171
-40,-166
-107,-122
-103,-132
-108,-131
-114,-125
-107,-124
-110,-113
-100,-119
-36,-151
76,-134
146,-91
166,-56
175,-34
177,-27
174,14
156,59
67,138
-21,168
-10,172
-46,166
-85,150
-136,91
-161,51
-154,77
-138,110
-148,95
-158,83
-169,55
-168,59
-172,49
-178,23
-177,24
-153,81
-138,101
-127,110
-73,140
-75,134
-111,116
-118,105
-116,102
-67,133
-40,144
-13,148
-14,148
-19,149
34,140
134,71
171,-22
157,-85
152,-93
93,-134
13,-164
-22,-160
-51,-145
-109,-98
-118,-89
-108,-102
-118,-91
-129,-74
-139,-53
-129,-78
-133,-82
-150,-35
-162,50
-147,90
-113,133
-139,108
-162,63
-170,-13
-151,-80
-126,-118
-121,-126
-147,-97
-160,-79
-150,-89
-121,-126
-143,-101
-159,-4
-140,77
-99,114
0,133
118,81
164,16
162,-36
156,-61
161,22
126,92
67,141
91,126
158,55
132,60
6,138
-31,158
-23,161
-37,160
-13,170
46,164
112,138
130,124
79,151
1,173
-83,147
-131,115
-154,49
-156,-39
-134,-90
-93,-125
-42,-149
11,-151
21,-153
25,-147
104,-90
120,-94
108,-116
85,-135
25,-168
-19,-173
-67,-164
-41,-170
19,-171
86,-138
145,-49
145,-64
121,-124
141,-106
147,-102
161,-72
176,-35
178,-21
175,-29
158,-68
172,-24
170,19
156,79
164,70
146,96
129,123
157,69
163,-13
150,-4
115,110
55,166
27,176
-4,179
21,168
108,98
125,82
81,138
64,148
94,112
110,102
69,135
0,153
-35,156
-7,154
40,143
104,100
116,88
52,119
-53,133
-115,85
-154,-16
-137,-86
-118,-114
-148,-38
-154,-9
-149,-29
-146,-2
-141,48
-130,71
-71,121
38,153
114,128
129,111
74,150
83,155
98,146
14,161
-87,141
-129,108
-148,82
-151,83
-148,92
-150,73
-152,-28
-151,-56
-166,26
-164,3
-169,-34
-163,49
-103,132
-36,161
-55,156
-90,131
-135,86
-83,126
-50,144
-41,141
-100,111
-144,52
-157,-38
-149,-74
-151,2
-128,80
-135,60
-141,-9
-130,-88
-115,-110
-112,-111
-118,-102
-115,-99
-127,-83
-127,-82
-138,-59
-143,-44
-143,-45
-147,-39
-146,-36
-136,-60
-151,-28
-128,-64
-89,-120
-73,-133
-85,-128
-73,-133
-18,-145
18,-150
33,-146
59,-138
94,-111
107,-104
100,-113
74,-132
14,-164
-31,-169
-74,-154
-132,-118
-142,-106
-162,-60
-164,-53
-158,-65
-156,-18
-147,-36
-150,-56
-152,-1
-133,60
-143,25
-146,28
-131,70
-90,114
20,142
102,133
92,134
2,156
-22,167
-49,150
-122,81
-152,22
-144,-37
-118,-85
-31,-123
74,-118
134,-58
152,-30
149,-41
144,-47
131,-69
110,-101
107,-101
127,-40
108,74
93,122
101,115
121,78
142,-15
127,-91
103,-126
73,-151
111,-109
149,-65
154,-39
155,24
144,62
160,18
152,23
120,99
110,115
73,138
88,138
110,128
87,140
135,67
168,-29
173,15
161,67
122,124
135,107
170,42
170,5
129,-78
89,-121
116,-94
103,-108
54,-129
-11,-145
-10,-150
-35,-150
-25,-153
-47,-151
10,-138
105,-97
136,-56
141,-36
120,38
27,128
-54,146
-52,148
-20,150
-40,132
-129,41
-158,-46
-142,-74
-139,26
-136,60
-149,-12
-153,-40
-154,-32
-150,-33
-133,-66
-67,-127
-44,-153
-46,-147
22,-155
45,-157
39,-155
1,-148
-86,-113
-135,-64
-137,-57
-87,-106
-13,-141
28,-146
36,-143
6,-146
-49,-141
-35,-140
36,-139
85,-120
103,-109
116,-90
137,-50
146,-6
146,22
142,32
133,60
142,34
143,41
148,32
153,-8
152,15
160,2
157,-48
157,-64
160,-64
150,-95
154,-74
161,12
170,18
178,-15
181,2
177,-30
171,-45
174,-33
164,-57
166,-51
158,-66
155,-64
123,-103
111,-114
109,-110
45,-137
15,-148
-3,-146
8,-142
44,-141
25,-145
-19,-150
0,-152
-61,-138
-153,-74
-155,-79
-123,-122
-83,-150
-64,-163
-69,-162
-110,-124
-157,-6
-168,21
-168,-7
-141,-79
-105,-142
-91,-154
-68,-163
-60,-161
-119,-78
-145,-10
-114,-93
-106,-122
-125,-96
-127,-77
-144,-23
-144,20
-113,96
-36,152
21,172
5,164
-95,117
-133,92
-90,136
-83,147
-128,113
-145,88
-153,74
-150,90
-150,94
-143,94
-168,29
-175,20
-165,-35
-113,-105
-6,-147
55,-144
105,-102
141,-40
148,-40
146,-16
139,45
143,50
145,46
128,82
122,93
125,91
134,83
140,79
152,55
164,31
134,86
114,112
157,30
151,-80
110,-135
81,-146
120,-118
101,-128
61,-151
33,-155
-10,-146
-85,-111
-99,-105
-112,-96
-127,-84
-109,-101
-129,-31
-137,95
-141,105
-160,70
-171,39
-173,36
-174,1
-173,-36
-179,-15
-175,25
-167,10
-167,-59
-175,-35
-166,36
-137,92
-148,52
-161,-42
-139,-104
-135,-98
-154,3
-146,2
-143,-72
-152,-34
-148,30
-140,57
-115,90
-71,132
-34,149
-37,139
-105,100
-129,39
-141,-15
-149,13
-148,-20
-146,-41
-145,16
-74,128
18,173
-20,170
-89,148
-134,100
-158,72
-160,71
-137,108
-90,154
-73,162
-84,147
-142,98
-142,104
-122,119
-105,132
-119,124
-126,110
-145,23
-141,-87
-162,-37
-159,-29
-142,-91
-151,-76
-119,-118
-103,-140
-84,-152
-49,-168
-57,-161
-53,-158
-25,-167
-17,-164
1,-165
-8,-164
42,-154
124,-110
142,-90
92,-134
94,-133
107,-123
72,-137
98,-91
156,13
146,85
128,117
129,111
148,68
144,76
135,91
124,103
134,82
134,77
128,84
138,11
108,-97
51,-149
34,-160
56,-156
77,-145
75,-145
14,-171
9,-173
54,-167
52,-167
67,-159
15,-175
-40,-173
-80,-154
-118,-112
-107,-108
-36,-158
-35,-161
-89,-126
-110,-103
-47,-136
5,-160
-20,-157
-1,-153
63,-142
87,-134
68,-140
91,-124
103,-116
69,-134
79,-126
73,-130
65,-134
29,-147
41,-141
62,-133
105,-93
129,-76
106,-106
99,-110
109,-104
48,-147
-17,-164
-97,-136
-125,-123
-100,-148
-121,-133
-149,-96
-161,-65
-167,-25
-154,34
-111,97
-54,133
-73,123
-100,106
-124,81
-130,69
-89,109
-49,145
-38,151
-51,147
-67,144
-54,153
-20,159
74,154
138,109
168,39
170,-1
156,-46
156,-32
162,-4
160,6
157,37
147,65
142,74
148,50
141,30
116,-68
58,-138
19,-157
-6,-161
-15,-158
-108,-125
-138,-106
-69,-149
7,-163
79,-146
90,-149
69,-162
21,-174
6,-180
34,-175
92,-144
134,-112
151,-90
124,-126
99,-150
73,-159
81,-151
101,-144
98,-145
98,-139
133,-99
156,-72
167,-33
175,9
174,18
152,-38
56,-123
6,-149
-17,-145
-76,-128
-78,-131
-90,-129
-136,-82
-164,1
-129,112
-106,136
-150,73
-145,91
-122,126
-86,139
-92,133
-84,140
-99,109
-127,-22
-24,-146
61,-157
115,-85
125,49
113,100
95,113
73,129
110,106
64,130
53,140
2,143
-7,148
-62,117
-129,61
-146,20
-142,-19
-110,-84
-69,-131
-59,-140
-34,-143
55,-121
135,-14
91,121
40,173
5,175
-57,170
-73,166
-34,170
-5,175
-43,168
-112,128
-159,71
-173,41
-160,79
-127,120
-64,152
-15,158
-41,153
-61,147
-53,142
-120,81
-163,-7
-151,-78
-137,-109
-147,-89
-128,-100
-75,-153
-71,-159
-93,-132
-139,-59
-132,-77
-123,-99
-115,-104
-131,-68
-149,-21
-150,-12
-148,11
-135,70
-128,50
-105,-74
-69,-132
-75,-130
-45,-138
12,-144
-16,-143
-100,-108
-152,-53
-166,-32
-139,-60
-24,-124
54,-134
-6,-145
-100,-123
-158,-75
-175,-38
-181,3
-169,51
-146,91
-138,91
-163,44
-166,39
-157,22
-101,-98
-25,-173
-28,-178
-64,-158
-132,-92
-156,-26
-148,-26
-140,-54
-140,29
-98,105
-72,124
-104,106
-60,141
5,164
-4,167
-8,169
41,167
12,166
-67,153
-93,144
-114,121
-146,83
-137,101
-137,98
-160,61
-167,20
-170,-16
-174,-5
-171,-14
-173,-5
-176,24
-166,49
-99,128
-63,154
-97,136
-87,138
-89,134
-112,116
-59,140
-72,134
-107,113
-127,90
-129,84
-106,109
-90,121
-76,130
-45,140
17,146
44,152
66,144
132,100
165,22
173,-44
151,-79
114,-121
142,-89
135,-96
130,-84
165,-32
160,-33
161,33
159,69
147,92
117,122
122,101
143,-10
107,-97
59,-137
14,-147
-53,-147
-54,-154
-76,-151
-122,-116
-152,-77
-87,-134
-40,-167
-84,-149
-137,-111
-143,-91
-56,-144
39,-169
73,-160
100,-133
142,-29
145,61
109,107
91,127
126,99
111,103
17,146
-14,155
-17,157
16,165
27,166
59,162
87,153
92,153
100,149
52,160
-34,166
-92,138
-142,84
-162,28
-164,24
-147,89
-140,111
-123,131
-88,157
-72,161
-51,153
73,111
141,48
144,21
123,-62
103,-117
78,-142
70,-148
83,-139
-4,-160
-19,-163
47,-161
-24,-168
-113,-126
-113,-120
-40,-165
-17,-177
-9,-176
-12,-173
13,-170
69,-156
127,-119
157,-79
170,-51
169,-50
130,-101
100,-128
57,-139
53,-137
121,-101
148,-38
161,42
164,29
151,64
150,72
157,30
157,11
144,49
140,22
121,-76
97,-108
114,-80
137,-4
146,21
146,5
131,-63
91,-128
108,-96
147,-14
136,56
122,85
130,63
157,-21
146,-86
116,-134
87,-156
103,-135
156,-73
163,-15
162,20
160,-58
165,-22
171,12
140,-86
114,-130
120,-119
119,-117
85,-136
7,-142
-39,-144
-57,-138
-74,-125
-105,-94
-122,-89
-130,-86
-151,-51
-149,41
-143,97
-167,44
-174,42
-172,54
-168,20
-132,-83
-64,-150
-80,-151
-85,-149
-12,-156
-15,-165
-44,-171
-91,-147
-151,-86
-166,-38
-167,-9
-157,-38
-113,-109
-64,-159
-51,-165
-24,-173
-58,-157
-38,-143
84,-139
147,-93
172,-22
173,40
165,69
141,100
94,145
118,122
167,49
162,47
121,120
133,95
152,-19
131,-83
105,-109
55,-134
41,-140
67,-132
64,-134
95,-109
108,-94
86,-117
119,-74
139,-43
92,-103
4,-163
-42,-163
-116,-126
-145,-104
-154,-87
-151,-85
-153,-72
-121,-122
-120,-123
-80,-130
22,-168
29,-170
59,-163
42,-170
13,-173
26,-171
8,-169
-33,-153
-102,-107
-71,-118
-51,-135
-102,-103
-67,-125
-39,-145
-26,-145
-24,-145
-12,-140
76,-121
116,-100
122,-82
144,3
128,90
83,144
82,148
72,149
77,143
103,119
85,132
83,131
48,140
0,156
4,156
32,147
87,114
134,65
149,35
149,-32
109,-123
42,-170
56,-165
114,-131
132,-114
53,-156
15,-170
46,-168
94,-135
151,-91
149,-82
170,-26
173,-38
162,-65
149,-87
87,-126
1,-151
-4,-151
15,-150
-1,-151
-4,-144
68,-120
79,-124
71,-130
95,-112
116,-92
113,-87
140,-39
132,-62
93,-118
58,-145
54,-149
71,-142
63,-148
33,-162
-14,-164
-114,-125
-164,-46
-162,32
-156,53
-150,60
-151,51
-150,50
-139,66
-118,91
-64,128
10,149
52,151
54,153
40,155
48,154
119,114
170,52
172,51
171,22
172,-11
173,23
166,51
150,92
154,61
151,40
101,125
57,168
