-8,-13
-12,-9
-15,-5
-14,-2
-14,3
-13,9
-11,13
-7,14
-2,15
5,15
9,12
11,10
14,6
16,-1
13,-6
12,-9
8,-12
4,-15
0,-17
-5,-15
-11,-13
-15,-8
-16,-3
-15,2
-14,6
-12,10
-9,13
-4,16
1,14
6,12
11,10
15,7
16,1
16,-4
12,-7
9,-11
7,-15
2,-15
-3,-14
-8,-13
-11,-10
-13,-6
-15,-1
-15,4
-13,9
-9,13
-4,15
1,16
4,16
7,14
12,9
15,2
14,-3
14,-5
13,-9
8,-13
3,-15
-2,-16
-6,-16
-10,-13
-12,-7
-14,-4
-15,1
-15,8
-12,12
-8,14
-2,16
2,15
5,12
10,11
15,6
15,3
15,-2
13,-8
11,-11
7,-14
1,-15
-3,-15
-7,-15
-11,-11
-14,-5
-14,0
-15,5
-12,8
-8,12
-4,14
0,14
5,16
9,14
13,9
14,4
15,0
15,-5
13,-10
10,-13
4,-15
-1,-15
-7,-14
-10,-13
-12,-9
-15,-4
-16,1
-15,6
-11,10
-6,12
-2,14
2,15
7,15
12,11
14,6
16,1
14,-3
13,-8
11,-12
7,-13
1,-15
-3,-17
-9,-14
-13,-10
-16,-5
-15,0
-15,4
-14,8
-10,12
-6,15
-1,15
4,15
8,13
12,10
15,4
17,-1
15,-4
12,-10
9,-12
5,-15
0,-15
-5,-15
-10,-12
-14,-8
-15,-4
-15,2
-13,6
-10,10
-8,13
-5,16
2,17
8,15
12,12
14,8
15,3
16,-3
14,-7
11,-12
7,-16
2,-15
-4,-15
-8,-13
-11,-10
-13,-5
-15,-2
-14,3
-12,7
-11,11
-7,14
0,15
5,15
9,12
12,9
15,4
15,0
15,-5
13,-8
9,-13
3,-16
-2,-17
-6,-15
-10,-12
-13,-8
-14,-4
-15,1
-14,6
-11,10
-8,13
-4,15
1,16
6,15
11,13
14,7
15,2
16,-4
15,-8
12,-12
7,-14
2,-15
-3,-15
-8,-14
-10,-11
-15,-7
-16,-2
-14,3
-13,8
-10,12
-5,14
-1,15
3,15
9,13
12,10
15,5
15,0
13,-5
12,-8
9,-11
5,-15
1,-15
-4,-14
-9,-12
-12,-9
-15,-3
-16,2
-14,6
-12,10
-7,13
-4,15
1,16
6,15
9,12
12,9
16,4
16,-2
14,-7
10,-10
7,-13
2,-15
-3,-16
-8,-14
-12,-11
-14,-7
-16,-2
-16,3
-15,9
-10,12
-6,14
0,15
4,15
8,13
11,11
14,6
14,1
14,-3
13,-8
9,-14
5,-15
0,-16
-5,-15
-10,-13
-14,-9
-15,-3
-15,2
-15,6
-11,11
-8,14
-5,15
1,16
5,14
9,10
14,7
16,3
16,-2
14,-7
11,-10
7,-14
4,-15
0,-14
-6,-13
-11,-11
-14,-6
-15,-1
-16,3
-14,6
-12,10
-7,14
-2,15
3,14
9,12
13,9
15,6
17,0
16,-3
13,-9
10,-13
4,-14
-2,-15
-5,-16
-10,-13
-14,-8
-15,-4
-16,0
-16,5
-13,11
-7,13
-4,15
0,15
5,14
9,13
12,7
15,3
15,-2
14,-6
11,-11
6,-14
2,-15
-3,-15
-7,-13
-11,-10
-13,-6
-15,-2
-15,3
-13,8
-10,12
-7,14
-1,14
3,13
8,12
12,10
14,5
16,0
15,-4
13,-8
8,-12
4,-15
-1,-15
-5,-14
-9,-14
-12,-10
-14,-4
-16,1
-14,5
-11,10
-8,13
-3,16
1,16
6,13
11,11
13,8
14,5
15,-1
14,-8
12,-12
8,-14
2,-15
-3,-15
-8,-13
-12,-10
-15,-6
-15,-2
-16,3
-13,7
-9,11
-6,15
-2,15
3,14
8,13
12,10
15,5
16,0
15,-5
13,-8
10,-12
5,-15
1,-16
-5,-15
-9,-12
-13,-9
-15,-5
-16,0
-14,5
-12,10
-9,12
-3,15
0,17
5,14
10,12
14,9
16,4
17,-1
14,-6
12,-9
9,-13
5,-15
-1,-16
-7,-14
-10,-12
-13,-8
-16,-3
-16,2
-12,7
-9,11
-5,13
-1,14
4,15
8,14
11,10
14,5
17,1
16,-4
14,-9
10,-11
5,-13
0,-15
-6,-15
-9,-13
-12,-9
-14,-4
-15,1
-16,5
-14,9
-8,13
-4,13
1,14
5,15
10,13
14,9
15,4
15,-1
14,-8
10,-11
7,-13
3,-15
-2,-16
-6,-13
-10,-11
-14,-7
-16,-2
-16,4
-14,8
-11,12
-6,15
-2,16
3,14
9,13
13,9
15,5
15,1
15,-3
13,-9
10,-13
6,-15
0,-15
-6,-14
-10,-12
-12,-9
-14,-5
-15,0
-14,4
-12,10
-8,14
-4,16
1,15
6,15
9,12
13,8
16,3
17,-3
15,-9
11,-10
7,-13
2,-15
-2,-15
-8,-14
-11,-10
-14,-8
-16,-2
-15,4
-13,8
-10,11
-8,13
-3,15
3,15
8,13
11,9
13,5
13,1
14,-4
13,-9
10,-13
4,-15
0,-15
-3,-14
-9,-13
-13,-9
-16,-4
-16,1
-14,5
-13,11
-9,12
-3,13
1,14
5,14
11,12
15,8
17,3
16,-1
14,-5
11,-10
8,-14
3,-15
-2,-17
-6,-16
-9,-13
-12,-8
-15,-3
-16,2
-13,6
-10,11
-7,14
-3,14
3,14
8,14
11,12
13,6
15,1
15,-4
13,-7
11,-12
7,-15
1,-16
-4,-14
-9,-12
-12,-10
-14,-5
-15,1
-14,6
-12,10
-9,12
-5,14
0,16
5,16
9,12
12,8
15,3
15,-2
14,-6
11,-10
7,-14
3,-16
-2,-15
-7,-14
-11,-11
-13,-7
-15,-4
-16,2
-13,6
-11,12
-7,14
-1,15
4,15
8,13
12,10
14,7
16,2
15,-3
14,-7
10,-11
6,-13
2,-15
-3,-13
-9,-11
-13,-9
-15,-4
-15,0
-15,6
-13,10
-9,14
-5,17
0,19
5,20
8,18
8,15
8,11
4,5
1,3
0,3
-2,3
-6,4
-12,5
-17,6
-19,11
-20,16
-29,17
-35,18
-34,23
-34,21
-32,18
-29,17
-25,19
-20,15
-16,9
-14,7
-11,-5
-7,-20
-5,-30
-6,-36
-13,-38
-22,-34
-32,-27
-38,-19
-43,-12
-45,-10
-44,-13
-44,-8
-40,-9
-32,-12
-24,-12
-21,-10
-22,-7
-20,-6
-15,-12
-14,-14
-17,-15
-18,-17
-22,-15
-26,-16
-31,-11
-32,2
-39,-4
-41,3
-43,14
-45,19
-43,27
-39,34
-25,44
-16,49
-18,47
-15,47
-7,48
-13,40
-15,32
-11,31
-2,33
7,32
3,27
3,26
-7,25
-21,23
-28,24
-31,27
-34,32
-28,40
-16,47
-17,52
-31,47
-41,34
-39,34
-36,29
-34,22
-22,33
-8,42
-15,30
-27,9
-34,-4
-38,-16
-41,-29
-45,-33
-51,-35
-57,-27
-53,-27
-35,-45
-31,-45
-28,-40
-36,-31
-36,-27
-22,-31
-17,-31
-17,-30
-8,-36
16,-42
41,-42
46,-45
51,-42
60,-27
58,-29
49,-43
44,-40
39,-42
40,-30
38,-1
35,20
40,8
43,5
44,28
42,47
45,50
58,41
62,36
63,33
49,45
22,56
6,53
-4,48
-18,41
-23,40
-13,45
1,48
6,48
14,48
16,49
13,57
17,63
28,61
43,57
47,58
32,71
28,77
50,64
69,47
66,49
56,53
59,47
46,45
26,52
31,49
36,43
25,47
-8,60
-16,66
-32,69
-49,69
-64,60
-77,37
-79,15
-74,-1
-65,-13
-50,-35
-38,-49
-45,-44
-46,-48
-53,-44
-66,-22
-69,-35
-74,-41
-82,-30
-88,-21
-91,-26
-83,-48
-65,-70
-60,-71
-51,-69
-29,-69
2,-70
16,-69
16,-71
1,-74
3,-75
34,-76
57,-75
55,-84
54,-89
51,-94
23,-105
9,-108
-27,-102
-69,-84
-84,-71
-66,-81
-43,-91
-46,-83
-78,-55
-99,-16
-101,9
-94,34
-92,21
-89,-4
-84,-14
-83,1
-83,11
-86,-5
-86,-32
-89,-40
-91,-50
-78,-79
-47,-108
-31,-114
-13,-111
2,-107
-4,-104
-43,-95
-45,-92
-23,-93
-28,-90
-11,-92
9,-97
-6,-98
-26,-96
-54,-84
-81,-57
-97,-38
-101,-40
-100,-59
-104,-65
-109,-62
-112,-68
-114,-66
-122,-48
-113,-60
-93,-85
-95,-79
-95,-74
-98,-66
-108,-42
-109,-30
-111,-11
-110,8
-107,25
-105,27
-105,34
-109,19
-116,4
-115,32
-111,52
-115,54
-114,59
-95,88
-112,82
-124,75
-134,59
-135,57
-125,77
-121,80
-113,83
-106,82
-116,30
-106,-41
-91,-82
-90,-90
-87,-99
-97,-96
-123,-63
-125,-73
-118,-95
-130,-84
-147,-49
-143,-59
-143,-62
-154,-24
-157,5
-155,20
-150,14
-146,10
-139,37
-128,66
-117,78
-113,79
-110,76
-109,75
-87,100
-56,120
-58,118
-100,93
-123,80
-125,88
-127,93
-124,102
-135,80
-156,-5
-154,-47
-158,-21
-155,36
-136,87
-118,109
-76,137
4,158
42,156
48,150
37,147
48,142
54,137
14,144
-3,144
47,131
91,110
62,131
47,147
67,142
70,144
30,166
21,174
24,176
52,171
53,167
-1,167
-35,159
-8,162
22,160
30,156
4,151
-39,143
-43,144
-49,144
-92,131
-116,124
-105,137
-65,160
-39,172
-33,177
-50,175
-54,175
-35,180
17,180
74,167
73,165
52,167
93,143
142,105
156,73
173,17
172,-8
168,-15
161,-4
144,46
129,85
142,57
153,41
155,15
152,-27
161,-10
159,-46
138,-90
127,-105
164,-63
171,-68
160,-91
144,-121
145,-118
150,-108
162,-74
169,-24
148,48
140,68
150,52
138,74
126,99
141,75
160,14
160,26
144,97
140,117
144,112
101,153
83,167
111,147
147,109
144,103
98,136
77,146
79,139
109,113
74,132
25,158
24,162
61,152
99,135
102,136
94,149
114,139
145,107
134,122
83,165
53,179
68,170
54,169
52,165
99,136
136,106
155,67
151,63
130,92
137,79
155,26
155,-17
151,-47
144,-62
145,-57
153,-46
159,-39
171,1
176,13
170,-42
173,-51
186,-16
187,-31
180,-53
180,-17
175,11
163,43
162,25
163,-13
156,14
153,31
153,28
151,43
151,58
136,94
113,136
132,123
150,103
170,68
177,54
183,18
186,-17
186,-30
178,-55
165,-80
135,-120
102,-150
67,-168
44,-174
25,-173
43,-160
74,-141
21,-153
-42,-154
-90,-131
-121,-106
-113,-106
-107,-111
-140,-54
-154,5
-152,2
-148,-23
-111,-94
-54,-161
-42,-174
-70,-166
-101,-150
-115,-143
-131,-127
-162,-79
-177,-53
-182,-17
-177,-12
-171,-27
-162,-38
-163,-10
-161,35
-154,52
-150,22
-145,-33
-147,-43
-151,-33
-147,-36
-108,-115
-75,-160
-29,-174
-5,-182
-29,-179
-41,-171
23,-158
51,-151
64,-137
118,-86
135,-71
135,-78
147,-65
159,-53
161,-59
144,-95
140,-107
155,-90
164,-80
161,-83
149,-100
108,-139
121,-114
145,-77
118,-111
77,-146
61,-148
80,-132
102,-110
112,-98
64,-128
44,-143
46,-145
51,-146
68,-144
40,-155
-14,-159
-72,-145
-93,-138
-100,-136
-68,-158
-22,-177
-3,-180
-3,-177
20,-160
87,-127
87,-128
51,-144
25,-153
31,-148
72,-126
120,-96
96,-120
54,-147
55,-152
54,-156
81,-149
119,-133
110,-143
96,-153
110,-141
122,-125
134,-95
144,-68
128,-92
123,-93
130,-75
141,-46
151,-21
147,-45
149,-53
140,-74
148,-63
167,-37
146,-88
105,-139
84,-157
61,-167
43,-173
37,-175
45,-173
69,-164
82,-149
72,-150
73,-143
73,-140
38,-150
6,-154
5,-151
7,-150
-2,-151
-2,-152
11,-153
49,-150
75,-148
48,-163
49,-168
76,-163
71,-166
40,-176
23,-178
-24,-175
-64,-167
-54,-166
-73,-155
-66,-154
-39,-151
4,-150
-18,-148
-35,-147
-40,-144
-37,-144
-35,-147
-47,-145
2,-159
66,-152
131,-114
156,-89
144,-106
129,-118
118,-119
138,-74
124,-91
87,-131
99,-116
117,-91
140,-52
153,-27
159,-10
157,-31
167,-8
176,7
172,-34
166,-61
174,-43
175,-36
174,-6
171,-9
162,9
146,53
137,66
132,72
124,85
131,78
136,72
146,46
154,1
158,6
163,-8
165,-31
167,-31
156,-68
122,-114
74,-153
64,-162
84,-154
96,-152
55,-172
-13,-176
-84,-158
-103,-150
-111,-140
-145,-101
-156,-82
-173,-40
-169,-40
-148,-72
-141,-78
-126,-86
-89,-120
-66,-133
-17,-151
40,-154
95,-143
130,-123
135,-124
119,-135
131,-118
140,-99
147,-71
136,-85
119,-106
114,-105
128,-77
123,-81
97,-115
68,-128
-25,-137
-107,-100
-120,-89
-106,-105
-108,-106
-108,-110
-104,-120
-85,-140
-80,-153
-95,-146
-72,-158
4,-174
34,-174
6,-175
-14,-170
-49,-158
-72,-150
-64,-148
-32,-150
-4,-151
35,-141
110,-104
132,-99
98,-134
77,-150
86,-149
62,-164
24,-177
-1,-180
-34,-177
-48,-173
-3,-175
21,-173
51,-157
61,-150
43,-153
43,-149
42,-145
-1,-149
-25,-149
12,-146
70,-138
76,-144
55,-155
33,-162
40,-167
42,-170
53,-171
55,-171
16,-178
-23,-180
10,-173
45,-164
71,-145
54,-148
27,-155
11,-156
-29,-149
-81,-129
-62,-130
18,-145
44,-150
28,-156
-19,-148
-96,-118
-129,-73
-152,-23
-157,-12
-162,-8
-167,-16
-166,16
-142,82
-130,105
-162,43
-177,-17
-174,-31
-169,-37
-169,9
-155,73
-110,133
-94,140
-108,125
-78,142
-87,118
-121,86
-126,81
-136,64
-150,28
-165,-13
-167,-36
-147,-88
-119,-133
-138,-113
-135,-106
-66,-144
-14,-154
6,-151
30,-147
36,-148
46,-146
61,-146
53,-152
38,-159
59,-159
103,-143
137,-116
147,-102
139,-108
129,-117
96,-146
65,-159
79,-142
106,-114
121,-86
141,-50
142,-51
130,-79
122,-96
132,-88
138,-89
117,-116
66,-148
42,-162
71,-159
61,-166
7,-174
-45,-170
-57,-169
-50,-174
-86,-157
-138,-111
-146,-104
-148,-101
-150,-89
-139,-100
-152,-69
-158,-44
-154,-33
-146,51
-97,131
-70,149
-97,120
-68,136
-16,155
-35,144
-61,137
-51,141
-52,144
-74,135
-123,107
-140,102
-148,94
-167,66
-165,74
-146,106
-117,133
-58,168
-6,180
-14,171
-81,139
-84,139
-66,145
-72,136
-40,144
17,151
2,149
-17,150
-5,151
-21,150
-64,144
-57,152
2,163
67,144
122,104
142,78
152,61
148,87
159,68
166,52
142,103
112,136
86,148
40,150
-31,144
-78,125
-96,117
-56,138
-20,151
0,154
-5,158
21,158
58,147
88,132
63,157
64,164
81,157
56,167
64,168
66,165
32,168
3,164
33,156
85,139
85,136
94,126
102,116
87,121
79,128
105,106
118,94
116,100
111,112
97,126
48,163
61,164
51,162
-18,172
3,175
16,171
-18,165
-13,162
12,160
46,151
82,134
102,117
98,117
117,93
143,44
148,27
148,25
149,14
146,-22
127,-77
112,-100
135,-62
164,2
170,2
139,-75
118,-116
152,-90
159,-87
159,-86
143,-103
112,-138
118,-130
94,-143
21,-169
-2,-172
10,-169
13,-164
3,-160
10,-150
88,-109
127,-85
104,-111
73,-133
114,-98
166,-27
180,-12
174,-49
173,-48
166,-56
141,-104
152,-76
132,-104
97,-144
106,-127
124,-94
126,-84
93,-121
62,-141
27,-150
6,-151
15,-148
45,-138
91,-125
124,-103
161,-38
175,27
172,45
168,52
161,56
164,16
163,-18
143,38
121,88
122,86
133,68
129,75
108,112
105,124
130,95
156,50
164,20
167,20
171,5
168,24
162,71
173,43
174,-15
166,-60
167,-53
156,-77
131,-111
122,-115
113,-116
61,-153
12,-165
-7,-162
29,-150
51,-141
19,-147
-3,-150
35,-144
82,-131
104,-125
84,-141
39,-159
-1,-167
22,-168
73,-161
49,-172
4,-181
-7,-180
-23,-178
-35,-172
-31,-166
-99,-136
-142,-101
-118,-112
-104,-121
-119,-103
-110,-107
-114,-97
-138,-51
-144,-36
-128,-70
-96,-117
-92,-132
-83,-140
-50,-166
-27,-177
-5,-181
-18,-177
-62,-167
-89,-152
-114,-133
-117,-121
-160,-51
-172,-23
-169,-17
-163,44
-154,70
-154,48
-152,37
-146,44
-136,58
-130,-18
-81,-125
-54,-163
-73,-158
-89,-152
-117,-131
-152,-92
-165,-67
-147,-95
-130,-117
-101,-132
-52,-149
-59,-143
-44,-140
38,-138
91,-124
76,-135
27,-154
-13,-156
22,-158
93,-144
138,-111
138,-114
99,-148
76,-160
66,-160
85,-144
61,-152
13,-165
-15,-164
-19,-157
34,-144
85,-119
123,-85
145,-60
102,-103
14,-147
-16,-155
-12,-160
-23,-162
6,-167
57,-168
59,-172
15,-175
-68,-159
-44,-158
48,-154
92,-131
83,-133
70,-137
61,-138
79,-124
83,-121
72,-130
85,-126
129,-74
170,-18
163,-64
150,-96
135,-117
143,-103
161,-70
147,-93
135,-109
124,-115
128,-92
147,-32
149,-7
149,-7
145,-35
123,-71
66,-128
39,-143
59,-137
44,-141
82,-120
149,-77
166,-61
150,-93
129,-125
136,-116
149,-98
146,-97
142,-92
149,-55
148,-14
144,31
147,21
146,25
143,48
145,64
147,73
159,55
166,49
158,75
127,121
127,124
136,115
134,111
143,92
139,86
137,82
151,43
159,-8
154,-37
146,-8
124,69
114,103
125,94
138,77
150,57
160,38
158,57
154,87
164,70
166,62
161,76
164,68
171,41
173,23
163,39
159,40
157,26
154,-8
141,-63
124,-95
127,-84
133,-66
145,-36
138,-50
94,-108
26,-141
21,-145
24,-150
44,-150
64,-151
40,-163
30,-170
16,-174
14,-173
51,-170
72,-160
59,-163
-10,-173
-54,-167
-54,-164
-23,-162
3,-157
-8,-153
2,-150
28,-146
60,-138
95,-123
115,-114
132,-103
128,-115
108,-136
57,-162
20,-175
21,-177
-31,-174
-69,-166
-92,-150
-56,-161
-37,-169
-34,-163
-47,-156
-25,-154
1,-153
36,-140
103,-101
129,-88
143,-72
156,-68
148,-92
130,-116
106,-139
123,-128
133,-119
112,-135
101,-139
86,-147
41,-170
12,-172
2,-167
27,-156
40,-149
11,-148
-57,-139
-64,-133
-3,-145
36,-147
9,-148
-75,-120
-130,-72
-145,-44
-145,-45
-131,-86
-131,-104
-127,-112
-96,-146
-87,-155
-91,-151
-55,-158
-31,-163
-76,-148
-94,-133
-128,-99
-151,-56
-123,-81
-62,-132
-36,-145
11,-143
92,-128
76,-147
60,-163
27,-172
-13,-176
-14,-178
-37,-176
-77,-162
-113,-139
-125,-126
-94,-142
-48,-158
-44,-154
-84,-134
-106,-119
-114,-107
-122,-91
-101,-104
-97,-112
-111,-100
-108,-105
-106,-115
-116,-108
-130,-90
-153,-43
-163,-6
-154,42
-145,75
-156,58
-160,64
-160,71
-174,38
-175,33
-164,69
-157,79
-122,122
-101,140
-120,112
-136,76
-143,27
-146,1
-133,55
-130,66
-148,18
-156,-36
-148,-80
-133,-115
-146,-103
-154,-93
-125,-118
-73,-148
-41,-156
-63,-147
-91,-127
-132,-82
-125,-83
-80,-119
-33,-144
-67,-128
-118,-90
-129,-77
-135,-73
-139,-77
-155,-45
-156,-51
-161,-43
-170,0
-172,16
-176,3
-180,-8
-179,4
-170,48
-167,54
-165,-4
-156,-35
-150,-38
-148,-35
-145,-32
-143,-35
-142,-42
-136,-64
-129,-85
-142,-65
-153,-58
-157,-63
-164,-55
-170,-43
-176,-21
-175,-34
-175,-47
-173,-39
-151,-70
-133,-93
-134,-85
-138,-70
-150,-11
-152,19
-149,-15
-147,-28
-149,-17
-148,-29
-146,-58
-139,-80
-118,-122
-127,-119
-159,-65
-175,-30
-176,-19
-163,56
-124,123
-105,144
-97,151
-96,153
-60,168
8,177
77,159
120,133
125,127
140,107
148,84
170,2
153,-77
90,-148
41,-174
42,-169
15,-172
-29,-172
-54,-162
-95,-142
-103,-132
-73,-144
-56,-145
-59,-139
-94,-117
-97,-113
-113,-90
-144,-34
-146,9
-119,79
-82,125
-76,127
-78,123
-107,105
-93,119
-23,143
58,133
88,122
74,133
39,152
-16,168
-54,168
-43,172
26,171
71,156
12,168
-29,167
-12,166
7,164
-26,153
-25,148
8,150
-30,141
-62,135
-49,139
-78,132
-108,124
-107,134
-88,148
-60,163
-35,172
-25,176
-26,177
20,177
82,159
119,129
167,59
179,34
172,47
142,87
121,108
146,70
129,82
111,104
106,103
52,131
2,153
40,149
81,136
97,129
104,129
86,147
113,131
125,125
132,120
124,124
87,149
72,155
74,150
92,137
88,129
28,140
-2,148
-16,148
-17,150
-40,150
-80,144
-118,116
-159,68
-140,100
-96,152
-89,157
-57,166
15,177
61,165
94,146
67,156
51,157
20,154
-49,132
-96,110
-104,106
-81,124
-44,144
-59,139
-121,113
-137,110
-146,102
-148,100
-161,48
-165,-16
-164,-7
-152,-18
-133,-65
-116,-86
-73,-128
-75,-135
-116,-89
-143,-41
-125,-90
-100,-139
-55,-165
-8,-178
-12,-177
-24,-171
-10,-167
-34,-161
-29,-152
13,-149
17,-146
33,-143
-21,-140
-91,-114
-117,-92
-125,-79
-136,-55
-146,-30
-114,-85
-44,-157
-14,-176
-68,-159
-115,-132
-153,-69
-168,15
-167,15
-156,-64
-138,-104
-111,-121
-68,-139
-32,-146
7,-147
39,-145
39,-147
44,-147
-9,-152
-49,-149
-68,-143
-47,-153
11,-173
17,-178
2,-179
-51,-169
-85,-157
-55,-164
-60,-159
-98,-141
-89,-141
-69,-144
-71,-137
-116,-103
-121,-94
-126,-84
-142,-36
-147,36
-136,67
-115,97
-104,107
-126,66
-152,17
-160,-4
-164,9
-163,33
-167,33
-173,27
-170,50
-162,77
-147,104
-147,101
-151,92
-156,68
-146,78
-99,135
-60,159
4,163
71,153
77,146
82,141
100,125
109,111
126,89
106,102
65,132
59,137
12,149
-14,163
41,156
99,127
136,88
143,80
130,112
107,132
22,162
-44,158
-76,136
-109,101
-131,65
-124,79
-110,100
-111,100
-100,113
-49,139
-39,146
-89,131
-142,93
-161,77
-167,57
-170,41
-168,42
-162,44
-155,5
-135,-56
-97,-105
-53,-139
0,-154
55,-161
64,-164
36,-173
-34,-168
-71,-162
-67,-166
-89,-155
-108,-142
-142,-107
-163,-65
-176,0
-176,24
-170,46
-163,32
-160,24
-154,29
-151,-16
-140,-49
-138,-52
-146,-19
-146,-29
-151,-9
-153,8
-157,-26
-165,-21
-167,20
-161,55
-153,81
-168,56
-168,64
-149,94
-139,102
-158,69
-159,45
-155,42
-136,90
-139,69
-145,39
-133,68
-123,84
-137,28
-145,-46
-150,-55
-149,-77
-156,-80
-166,-20
-150,70
-119,118
-64,152
-6,166
0,172
-13,176
-43,172
-53,170
-42,172
-44,165
-44,159
4,166
38,159
16,156
-25,145
-75,125
-86,122
-69,133
-39,146
-30,151
-69,144
-106,132
-143,92
-169,47
-149,90
-113,137
-115,132
-100,143
-54,165
-44,165
-43,161
-28,161
-8,158
21,153
5,150
-9,148
7,147
-42,137
-117,96
-164,38
-170,36
-151,91
-152,94
-160,75
-163,11
-143,-65
-126,-90
-132,-76
-140,-58
-143,-46
-139,-51
-133,-66
-142,-7
-138,49
-140,52
-133,74
-147,58
-163,31
-172,14
-172,34
-172,10
-166,-53
-150,-81
-160,-53
-162,-38
-149,-58
-143,-63
-142,-55
-145,-6
-144,50
-134,69
-126,79
-137,50
-138,57
-127,81
-133,78
-135,85
-135,93
-157,58
-169,45
-151,91
-145,104
-161,75
-164,71
-150,91
-117,129
-103,138
-100,133
-112,100
-135,65
-128,77
-130,67
-148,13
-152,8
-119,77
-101,112
-128,95
-146,68
-168,-6
-175,-30
-177,-11
-169,46
-149,97
-124,127
-131,109
-132,102
-103,136
-69,153
-60,148
-89,127
-64,141
-45,145
-43,143
-27,145
-59,134
-79,131
-45,145
-27,153
-55,151
-89,144
-92,149
-59,165
2,171
-15,172
-71,157
-107,133
-126,102
-127,88
-106,110
-114,99
-117,94
-105,104
-108,99
-138,63
-157,25
-168,11
-172,17
-173,-8
-166,-60
-169,-54
-175,-20
-162,-42
-139,-82
-142,-67
-154,-33
-155,-9
-151,29
-146,12
-142,-36
-131,-70
-120,-100
-116,-108
-102,-137
-104,-140
-106,-142
-135,-117
-138,-117
-133,-120
-130,-118
-153,-81
-169,-40
-168,-34
-153,-54
-113,-95
-80,-124
-80,-125
-69,-131
-69,-135
-62,-143
-64,-148
-96,-132
-125,-108
-127,-110
-102,-141
-89,-157
-95,-155
-83,-156
-98,-143
-104,-135
-84,-141
-107,-120
-98,-122
-98,-118
-124,-89
-144,-39
-152,23
-149,27
-147,20
-130,62
-100,109
-105,103
-115,95
-110,104
-90,123
-98,120
-129,104
-90,135
-33,162
-42,164
-56,166
-18,176
11,178
38,176
61,170
70,166
62,166
75,157
83,149
54,147
6,151
19,149
-12,148
-2,150
18,149
37,146
50,142
49,145
31,155
52,152
55,157
54,162
94,145
79,157
60,168
52,168
30,168
81,146
120,124
101,129
60,142
29,147
71,130
108,107
111,101
121,82
136,52
107,97
86,133
85,140
98,134
117,122
138,99
162,44
165,-30
149,-82
127,-115
116,-132
101,-146
89,-157
66,-167
12,-177
-37,-176
-40,-174
-89,-156
-107,-144
-96,-147
-87,-148
-104,-132
-131,-103
-147,-74
-152,-54
-152,-43
-145,-47
-148,-30
-147,-26
-146,-20
-129,-66
-107,-114
-119,-106
-151,-51
-147,-68
-124,-124
-133,-120
-163,-60
-171,25
-159,77
-124,126
-102,147
-101,150
-97,152
-87,156
-88,150
-88,145
-84,143
-66,149
-56,146
-17,153
-14,150
19,147
79,126
122,93
135,69
145,37
150,4
147,-22
141,-46
142,-43
143,-44
147,4
142,80
149,87
169,38
171,-15
153,-76
131,-111
142,-102
130,-120
100,-148
93,-152
100,-144
127,-111
126,-110
121,-106
124,-96
121,-94
117,-91
80,-124
52,-138
94,-107
141,-54
165,-9
172,8
177,12
179,-3
182,-2
180,-1
173,-34
171,-35
167,-25
163,2
154,-19
104,-110
51,-159
5,-163
-65,-152
-63,-149
-40,-151
-64,-140
-88,-126
-107,-107
-120,-86
-94,-112
-92,-119
-71,-129
-12,-160
-37,-161
-61,-158
-38,-170
-75,-150
-134,-105
-105,-135
-62,-164
-71,-161
-56,-158
-8,-158
33,-146
84,-119
95,-114
119,-84
159,-30
168,23
163,70
174,37
177,16
166,56
165,47
171,-13
168,-33
162,-13
152,27
146,33
130,64
114,90
83,128
68,145
101,123
128,104
106,127
20,163
-54,163
-40,166
-38,163
-56,152
-65,142
-64,138
-82,119
-121,86
-129,81
-142,53
-168,-2
-170,-16
-166,-57
-174,-4
-175,17
-158,-45
-127,-97
-142,-71
-160,-25
-141,-44
-85,-110
-36,-145
-30,-151
33,-154
52,-160
10,-172
12,-175
-7,-176
-52,-171
-42,-172
-5,-175
-3,-173
-23,-168
-2,-159
45,-145
67,-133
72,-128
49,-140
52,-143
90,-120
143,-79
126,-101
60,-151
29,-167
-9,-169
-52,-159
-118,-112
-152,-67
-163,-44
-168,-40
-170,-48
-175,-34
-165,-58
-153,-84
-155,-75
-151,-73
-126,-90
-70,-128
-20,-146
13,-148
73,-136
123,-113
120,-120
81,-153
70,-162
78,-160
90,-155
79,-160
80,-154
94,-138
88,-137
79,-138
91,-122
69,-132
34,-146
19,-147
43,-137
111,-95
156,-39
173,-17
176,-28
172,-50
171,-57
166,-71
169,-51
169,-13
167,-3
161,-34
155,-47
144,-58
129,-87
125,-88
105,-110
91,-119
93,-115
106,-104
113,-105
104,-117
63,-136
11,-152
38,-156
54,-160
21,-169
-28,-165
-80,-150
-85,-151
-106,-131
-156,-67
-150,-77
-100,-136
-51,-162
-30,-162
26,-146
99,-98
139,-57
149,-41
159,16
158,69
145,99
149,97
151,91
148,93
153,78
141,79
115,108
113,108
97,112
48,139
42,145
66,135
71,136
87,128
37,153
-57,155
-125,123
-127,123
-122,120
-137,92
-142,67
-143,55
-143,44
-148,14
-152,9
-154,7
-154,17
-154,32
-166,-9
-170,-31
-173,1
-166,61
-159,79
-169,57
-174,37
-173,11
-167,-7
-161,6
-152,55
-138,82
-141,60
-147,36
-147,29
-148,11
-126,59
-77,122
-53,137
-77,129
-82,132
-74,141
-31,154
29,155
51,153
63,154
45,160
-17,175
-31,178
8,177
44,173
67,164
93,146
143,98
145,95
134,103
99,116
57,140
75,131
81,125
85,118
40,141
49,145
77,137
80,140
75,147
24,160
-63,160
-69,163
-47,168
-74,149
-114,107
-129,82
-129,76
-119,87
-114,90
-140,35
-160,-8
-158,18
-126,90
-85,134
-94,135
-79,143
-15,166
-4,172
37,166
40,167
19,177
19,177
7,178
29,174
63,163
70,153
34,158
47,150
89,128
60,134
45,140
54,136
16,149
-13,154
-25,157
-20,163
19,160
91,134
105,131
73,152
13,174
6,177
79,157
143,104
174,44
170,45
152,82
132,101
127,97
133,81
108,102
104,105
94,111
50,139
5,160
9,166
10,172
9,175
0,178
-26,176
-27,175
-8,174
-58,147
-116,99
-141,44
-149,13
-144,35
-124,82
-107,107
-93,119
-87,124
-122,106
-132,104
-110,125
-78,150
-81,154
-76,159
-94,150
-112,138
-103,143
-91,148
-81,150
-93,133
-107,111
-121,89
-122,80
-141,29
-150,21
-133,71
-149,39
-167,-24
-170,-50
-176,-42
-179,-5
-168,53
-145,105
-136,116
-104,145
-77,161
-1,170
67,165
54,167
29,169
10,162
-52,139
-100,107
-101,107
-127,68
-155,31
-157,42
-140,79
-87,132
-7,150
55,146
29,156
7,167
84,138
124,114
155,66
169,41
172,5
160,-61
163,-59
175,-14
166,42
161,52
126,91
95,120
69,129
62,135
98,110
118,88
77,122
43,156
25,162
-49,158
-111,133
-89,151
-35,174
3,176
20,174
72,157
70,150
21,159
-10,153
-47,141
-86,120
-96,117
-85,128
-54,143
-11,154
-54,139
-133,107
-132,116
-68,160
-47,169
-95,147
-103,144
-86,152
-60,160
-12,169
6,168
-19,158
-73,127
-101,105
-53,134
-33,144
-29,145
5,148
39,145
35,149
22,157
14,162
59,149
47,159
3,174
-24,177
-24,178
-2,177
30,172
18,171
-1,166
-11,159
-54,137
-95,113
-130,74
-155,32
-167,2
-175,-11
-176,-2
-161,62
-145,101
-140,112
-141,109
-151,93
-126,119
-56,164
5,177
95,141
144,108
154,91
173,40
176,15
164,43
168,10
166,-28
154,-66
145,-73
143,-3
140,46
147,29
149,16
149,-11
142,-40
133,-71
146,-47
157,-32
150,-61
163,-32
159,-56
111,-126
101,-142
87,-154
117,-126
156,-73
159,-59
140,-90
133,-67
122,46
84,119
19,154
-29,167
-24,170
30,169
37,174
70,163
128,118
162,74
159,81
153,87
126,114
121,117
100,127
73,137
59,140
80,125
123,85
144,37
142,38
143,34
140,46
142,21
138,-48
128,-80
104,-109
118,-94
152,-54
169,-7
174,39
148,87
106,132
91,136
119,111
129,98
128,88
141,61
139,54
121,81
94,114
55,146
41,158
41,161
5,175
-2,180
8,179
-26,171
-60,161
-55,158
-25,163
0,162
39,156
46,151
60,143
86,126
112,105
124,87
129,78
126,81
129,79
138,56
146,-5
136,-56
136,-67
141,-64
157,-42
168,-21
175,-1
172,-32
135,-102
84,-150
77,-158
47,-169
3,-178
-25,-177
-18,-177
-41,-167
-129,-114
-164,-77
-160,-80
-151,-88
-147,-85
-127,-96
-111,-106
-125,-89
-117,-96
-89,-112
-11,-145
52,-152
95,-141
123,-129
121,-132
103,-148
111,-135
144,-77
157,-20
131,47
57,127
35,152
64,149
73,147
66,155
32,169
-16,176
-13,178
24,177
7,168
-78,115
-135,5
-126,-77
-127,-84
-149,-45
-154,-50
-161,-45
-162,6
-142,77
-140,77
-167,-7
-174,-42
-175,-26
-176,2
-174,18
-162,63
-139,103
-126,111
-140,73
-146,22
-140,-41
-133,-71
-134,-73
-144,-60
-150,-54
-155,8
-136,75
-125,98
-130,98
-144,87
-166,54
-165,67
-130,115
-83,157
-58,170
-42,176
-38,173
-68,157
-103,126
-106,118
-122,84
-141,46
-143,40
-146,27
-154,-19
-155,-62
-162,-58
-172,-25
-176,-10
-177,-5
-167,-50
-164,-63
-167,-49
-163,-48
-165,-17
-155,52
-130,107
-113,123
-112,115
-125,86
-140,39
-149,9
-147,32
-137,64
-133,75
-144,63
-152,59
-136,87
-59,138
9,159
29,158
57,152
43,165
53,169
88,153
122,128
130,124
118,131
94,145
128,117
130,109
86,138
69,143
64,142
81,128
128,73
151,15
141,36
117,88
112,104
119,98
115,111
125,105
149,44
158,-23
160,0
165,50
174,40
174,46
173,50
168,52
139,89
119,109
90,122
32,140
-66,116
-148,67
-161,64
-166,63
-169,58
-171,57
-157,86
-148,97
-157,65
-127,95
-65,158
-77,150
-81,144
-75,140
-61,143
-70,134
-33,144
26,148
49,142
57,138
36,141
-21,151
-28,159
-26,163
-29,169
4,172
61,159
83,151
42,169
4,177
11,176
22,174
63,161
97,143
107,130
128,106
109,116
98,120
90,121
110,103
102,105
47,138
-8,157
-39,163
-51,165
-82,156
-102,147
-113,134
-129,112
-130,101
-114,116
-100,126
-64,145
-9,159
18,157
23,153
31,148
63,132
121,88
149,31
148,24
148,24
143,35
139,53
147,-3
135,-62
133,-74
134,-81
122,-103
106,-121
65,-144
9,-158
-15,-163
-17,-166
-4,-172
-27,-173
-74,-158
-115,-135
-139,-113
-162,-72
-177,-31
-178,-3
-179,1
-176,-1
-158,-46
-154,-63
-164,-20
-160,31
-131,94
-80,145
-38,162
-24,161
-21,157
-28,151
-32,147
-6,150
-31,142
-78,125
-132,84
-167,45
-178,15
-176,37
-174,52
-175,29
-175,9
-170,17
-163,11
-152,-27
-128,-73
-115,-93
-92,-113
-61,-143
-87,-132
-131,-80
-145,6
-142,56
-144,60
-136,86
-141,85
-155,71
-173,20
-174,-31
-157,-70
-131,-101
-98,-121
-72,-135
-91,-121
-100,-111
-74,-126
-80,-127
-84,-128
-60,-147
-23,-166
1,-176
22,-176
38,-176
24,-179
13,-178
-15,-175
-7,-170
-20,-162
-86,-141
-141,-88
-170,-14
-171,18
-159,52
-127,108
-75,153
-34,170
18,166
87,144
116,123
95,132
52,142
-4,143
-67,131
-94,124
-87,132
-37,153
-35,156
-93,143
-130,120
-152,97
-155,90
-142,103
-139,100
-134,99
-132,88
-143,21
-128,-59
-96,-119
-93,-133
-113,-118
-148,-54
-161,-13
-162,4
-145,71
-126,108
-101,132
-83,149
-89,150
-110,136
-140,102
-159,37
-164,8
-157,5
-149,-30
-148,-10
-134,60
-118,96
-98,110
-20,144
33,150
9,148
-4,149
-12,149
-64,139
-79,140
-59,154
-57,159
-82,151
-129,117
-157,84
-158,55
-162,22
-154,-8
-144,-12
-140,48
-144,39
-133,65
-117,90
-138,51
-152,15
-153,-44
-159,-61
-166,-39
-130,-103
-95,-148
-132,-109
-170,-47
-174,17
-166,14
-148,-56
-101,-107
-43,-139
-24,-150
-35,-149
-36,-153
-37,-157
-12,-166
42,-162
113,-133
120,-134
107,-143
109,-134
112,-124
100,-127
97,-123
89,-125
113,-92
141,-28
148,39
153,54
158,-20
152,-63
147,-82
115,-121
108,-132
124,-125
115,-135
82,-157
81,-160
64,-167
83,-154
101,-136
120,-107
140,-44
146,18
140,55
146,39
153,22
161,25
165,25
166,11
158,-48
131,-100
122,-119
114,-131
73,-155
16,-173
-5,-176
-30,-176
-68,-165
-83,-160
-92,-156
-77,-155
-35,-166
-37,-164
-44,-156
-103,-119
-143,-79
-154,-48
-161,-12
-158,-3
-154,-4
-150,-9
-145,22
-120,81
-98,113
-96,114
-61,135
-57,137
-78,131
-75,134
-3,142
81,124
111,105
128,84
147,35
153,19
158,16
163,13
167,6
154,-49
155,-16
165,59
177,24
173,-40
166,-63
166,-59
155,-85
144,-97
131,-109
128,-102
140,-35
139,42
141,41
147,-11
145,-37
146,-42
119,-87
116,-99
126,-97
99,-125
114,-112
161,-51
174,17
177,25
178,-3
172,-7
164,5
162,-14
154,11
149,20
119,69
94,117
107,111
113,114
118,116
116,121
57,156
-16,174
-20,177
27,172
21,164
-6,161
14,160
33,156
33,151
2,148
-41,141
-51,141
10,146
15,145
-85,125
-159,67
-174,43
-170,51
-155,87
-135,115
-112,136
-96,143
-97,133
-121,99
-139,53
-146,3
-143,-46
-135,-81
-134,-96
-137,-100
-145,-95
-147,-90
-93,-141
-42,-167
-8,-165
5,-159
-45,-151
-97,-129
-113,-113
-113,-107
-113,-100
-95,-114
-94,-115
-90,-122
-76,-136
-70,-144
-68,-151
-64,-159
-76,-157
-101,-140
-79,-155
-83,-159
-123,-133
-145,-105
-135,-110
-127,-114
-136,-98
-107,-117
-103,-119
-125,-92
-143,-45
-149,34
-108,109
-33,157
14,164
5,156
27,146
98,119
112,108
111,103
132,69
136,56
101,100
43,147
25,163
54,157
44,163
32,174
63,168
119,122
164,47
158,65
122,124
110,135
143,92
171,21
166,15
158,43
159,-16
151,-64
145,-68
126,-95
128,-81
130,-75
140,-42
143,-41
140,-57
139,-65
152,-24
163,46
157,79
133,116
88,145
31,161
1,158
-28,149
-43,142
-59,134
-90,115
-115,109
-74,138
-34,156
-38,160
-19,166
3,171
18,174
-6,176
-52,161
-124,99
-151,46
-151,36
-149,17
-148,-22
-150,-24
-151,-22
-153,-35
-159,-24
-163,-27
-162,-51
-163,-65
-162,-73
-170,-50
-169,31
-144,102
-146,106
-132,121
-99,150
-81,159
-107,128
-120,112
-93,135
-100,116
-132,62
-144,35
-147,34
-154,19
-159,5
-162,16
-160,42
-171,5
-179,-12
-180,6
-178,1
-174,-25
-174,1
-169,0
-163,-15
-161,-10
-155,-4
-141,58
-132,83
-142,40
-149,11
-150,-15
-152,-37
-156,0
-159,28
-165,19
-160,43
-114,108
-1,145
69,139
29,158
3,173
29,173
65,164
97,150
117,136
105,143
83,151
5,156
-47,151
-51,146
-28,149
2,151
11,150
21,150
36,147
61,136
86,117
37,144
37,154
64,152
35,167
-22,175
6,173
98,145
130,125
133,123
105,135
22,154
-17,157
26,154
69,142
83,129
62,126
-17,144
2,149
63,135
88,121
47,146
7,166
-29,171
-36,170
-96,138
-145,59
-140,-38
-124,-83
-118,-90
-103,-106
-51,-146
-44,-159
-26,-168
-11,-177
-6,-178
28,-175
51,-167
31,-169
9,-168
-50,-160
-45,-158
-28,-157
2,-153
20,-149
60,-135
115,-98
160,-45
171,-35
169,-41
164,27
146,92
147,88
149,77
156,38
154,-57
140,-93
143,-74
142,-66
133,-73
138,-51
146,-23
146,-37
132,-72
128,-78
153,-29
165,15
163,63
168,65
164,72
141,100
119,122
131,105
122,101
50,130
-46,135
-85,131
-78,140
-54,150
-13,161
6,166
41,161
95,130
116,117
99,140
64,165
55,172
80,160
111,139
92,144
72,151
77,142
74,139
29,146
-42,134
-122,87
-137,85
-110,122
-116,123
-137,110
-138,113
-152,93
-166,65
-161,68
-158,61
-155,39
-143,-17
-120,-84
-119,-92
-120,-94
-119,-102
-123,-105
-138,-90
-134,-98
-91,-144
-44,-173
20,-164
79,-142
105,-111
124,-85
123,-84
120,-89
125,-84
123,-90
110,-106
68,-129
19,-148
58,-149
76,-152
62,-161
52,-168
22,-173
11,-177
-15,-176
-71,-165
-75,-163
-91,-152
-104,-143
-85,-149
-68,-151
-37,-150
25,-145
13,-147
-14,-149
-58,-130
-115,-93
-108,-99
-87,-123
-93,-124
-105,-118
-113,-115
-81,-144
-59,-168
-64,-168
-7,-165
69,-151
47,-160
-18,-164
-81,-147
-136,-98
-166,-43
-163,-36
-154,-51
-155,-28
-139,-44
-117,-89
-123,-82
-102,-107
-75,-137
-14,-160
55,-167
64,-168
23,-178
45,-167
99,-134
107,-121
53,-153
17,-164
5,-159
11,-153
32,-147
41,-144
41,-143
69,-131
122,-103
149,-80
162,-42
176,-3
168,-58
160,-83
157,-81
135,-111
145,-64
148,19
107,92
47,140
22,157
20,162
6,168
-23,173
-31,178
-34,178
-20,179
1,178
41,171
53,167
77,157
101,140
127,111
149,79
158,52
163,20
161,-9
152,16
139,54
136,60
142,41
150,9
149,-15
124,-72
66,-130
20,-146
-12,-148
-67,-133
-99,-114
-123,-88
-134,-69
-136,-68
-140,-68
-120,-103
-97,-141
-108,-139
-121,-131
-107,-144
-92,-154
-84,-154
-71,-154
-74,-146
-89,-135
-61,-142
-25,-147
-18,-148
-47,-142
-57,-138
-98,-111
-112,-102
-130,-81
-140,-63
-146,-12
-140,55
-149,47
-164,-6
-165,15
-140,89
-140,94
-96,136
-57,164
-58,168
-46,172
-69,165
-71,164
-32,171
-72,147
-101,125
-121,86
-139,49
-129,74
-132,71
-143,53
-146,54
-98,106
-60,138
-110,109
-147,87
-156,82
-163,72
-163,74
-137,118
-107,148
-93,154
-99,144
-90,147
-94,134
-103,119
-123,80
-142,25
-143,-42
-145,-64
-154,-50
-161,-15
-164,-8
-168,10
-168,35
-175,2
-166,50
-135,115
-119,134
-129,127
-132,118
-149,67
-158,9
-147,-28
-119,-83
-104,-110
-106,-113
-126,-89
-140,-71
-150,-30
-157,7
-147,-57
-128,-122
-122,-132
-115,-137
-106,-142
-104,-140
-118,-124
-136,-99
-102,-116
-79,-132
-78,-129
-70,-131
-102,-105
-129,-71
-143,-9
-138,43
-141,-3
-131,-83
-95,-134
-76,-160
-110,-140
-128,-125
-106,-142
-73,-159
-51,-160
-49,-156
-87,-139
-91,-131
-47,-141
-52,-139
-44,-140
-19,-148
-5,-153
18,-157
61,-156
90,-151
97,-150
85,-157
68,-163
97,-145
72,-158
30,-171
48,-157
74,-143
72,-139
70,-134
73,-130
59,-137
83,-120
134,-77
141,-81
105,-122
75,-147
79,-149
99,-144
78,-156
4,-171
-57,-163
-109,-132
-100,-142
-98,-149
-122,-131
-141,-110
-167,-56
-169,40
-141,111
-118,135
-96,152
-46,165
11,177
-12,170
-81,136
-117,105
-120,85
-136,0
-121,-94
-129,-95
-156,-56
-157,-63
-153,-86
-169,-49
-177,-21
-178,-23
-166,-28
-86,-112
-15,-150
-36,-148
-55,-140
-57,-138
-44,-143
-47,-142
-58,-141
-56,-146
-25,-158
42,-161
86,-157
99,-148
135,-105
144,-87
149,-58
151,-8
140,-38
125,-80
140,-30
140,42
138,79
152,60
148,82
150,89
170,36
171,-21
165,17
142,99
125,115
54,138
-7,151
-15,148
-52,137
-50,142
-1,151
47,141
23,147
-8,165
30,166
9,167
-51,168
-45,174
-12,180
-13,177
-7,175
-1,168
-72,121
-127,77
-135,52
-144,-28
-152,-54
-151,-65
-141,-103
-152,-94
-169,-64
-177,-37
-169,-42
-142,-93
-89,-129
-22,-146
-8,-150
-21,-148
-43,-143
-66,-134
-66,-134
-93,-117
-99,-117
-94,-130
-107,-118
-65,-143
-29,-173
-84,-151
-132,-118
-112,-136
-66,-160
-36,-166
-41,-160
-35,-156
-60,-143
-98,-125
-105,-114
-94,-117
-81,-126
-88,-121
-103,-107
-88,-119
-37,-157
-39,-161
-67,-153
-40,-171
-22,-181
0,-180
23,-177
18,-174
-41,-161
-134,-104
-163,-68
-155,-72
-118,-107
-93,-125
-112,-104
-136,-73
-139,-63
-144,-31
-147,21
-149,10
-151,10
-149,-8
-146,-57
-147,-79
-153,-75
-144,-101
-147,-102
-139,-109
-133,-118
-138,-107
-164,-51
-178,8
-173,37
-157,73
-154,57
-156,29
-148,53
-134,75
-94,119
-74,137
-97,108
-118,90
-102,110
-109,105
-139,76
-162,44
-172,8
-161,-61
-136,-112
-117,-125
-67,-142
-37,-149
-16,-143
55,-134
85,-127
100,-124
102,-130
72,-150
71,-155
54,-164
43,-170
60,-169
80,-161
96,-148
72,-160
45,-169
36,-166
24,-163
36,-155
29,-153
48,-139
92,-117
106,-108
124,-91
151,-55
152,-65
95,-127
50,-158
54,-164
71,-163
57,-167
-13,-175
-45,-174
-90,-155
-113,-140
-84,-153
-40,-164
-28,-165
-34,-162
-42,-155
-57,-146
-73,-136
-101,-114
-98,-113
-108,-103
-116,-94
-86,-120
-79,-134
-117,-99
-135,-79
-118,-114
-104,-136
-59,-163
-22,-179
-17,-177
-20,-175
-26,-169
-71,-152
-101,-136
-125,-108
-159,-48
-165,-19
-153,-42
-155,-5
-141,65
-123,97
-139,44
-148,-8
-147,-40
-146,-61
-155,-43
-158,-47
-155,-76
-136,-109
-125,-127
-109,-139
-94,-145
-70,-150
-39,-156
-35,-151
-16,-150
-11,-150
11,-149
35,-149
44,-152
42,-157
44,-161
10,-166
-48,-160
-65,-158
-74,-158
-37,-172
8,-178
22,-176
-1,-174
-68,-157
-126,-119
-128,-111
-155,-57
-171,-11
-166,-18
-159,-26
-151,-36
-136,-62
-123,-84
-132,-66
-100,-104
-51,-153
-53,-162
-65,-161
-98,-146
-105,-144
-108,-145
-118,-136
-128,-126
-135,-113
-103,-132
-80,-144
-88,-134
-82,-132
-74,-133
-74,-131
-100,-111
-127,-78
-144,-5
-137,56
-140,2
-148,-31
-148,21
-152,33
-162,6
-166,-24
-164,-64
-170,-56
-152,-83
-101,-133
-52,-151
-89,-132
-119,-110
-133,-87
-153,-33
-157,4
-153,0
-150,12
-134,-46
-120,-94
-82,-128
2,-166
30,-178
0,-182
-26,-180
6,-168
87,-135
107,-119
110,-108
100,-113
111,-87
146,-2
157,38
160,50
164,28
159,-45
156,-67
168,-45
168,19
147,87
132,104
88,130
61,141
65,132
114,95
131,74
122,83
104,107
73,135
34,160
31,166
32,170
43,172
58,164
-10,170
-19,174
26,172
61,160
85,149
69,149
47,146
-33,138
-98,113
-120,96
-139,79
-140,92
-135,106
-138,107
-121,126
-111,140
-138,114
-156,84
-153,70
-150,-2
-136,-63
-139,-58
-125,-77
-91,-123
-80,-137
-106,-119
-123,-111
-117,-124
-111,-137
-132,-120
-147,-104
-165,-65
-177,13
-162,75
-136,117
-131,126
-87,154
-13,179
25,180
68,167
97,153
102,144
97,142
151,79
176,-6
173,-45
167,-6
153,51
149,53
155,15
144,22
99,98
69,136
88,130
80,141
95,135
118,122
123,124
142,102
160,76
170,24
170,-45
152,-91
128,-123
138,-113
134,-119
109,-141
66,-165
73,-154
105,-130
77,-146
58,-153
50,-145
-44,-145
-110,-123
-128,-98
-145,-67
-98,-105
-71,-131
-114,-81
-146,1
-133,67
-131,64
-144,-13
-140,-75
-133,-98
-138,-94
-158,-63
-163,-60
-148,-94
-145,-103
-139,-105
-117,-122
-55,-147
-19,-154
-23,-150
-26,-146
-1,-148
-35,-143
-38,-140
43,-146
106,-133
129,-119
159,-61
172,-17
164,-57
155,-77
141,-93
136,-89
144,-41
147,12
148,26
143,42
116,103
110,126
141,78
163,17
167,-7
169,-11
177,26
174,46
158,82
134,104
60,137
34,148
45,140
25,142
84,119
110,102
112,97
136,36
143,-34
140,-53
147,-31
148,-42
146,-55
157,-31
168,21
176,34
177,13
172,34
175,34
177,10
155,52
130,92
130,86
89,114
64,131
113,86
145,12
146,6
141,53
137,75
116,113
109,134
117,131
89,152
18,169
-46,157
-95,119
-135,53
-141,47
-117,90
-100,111
-125,72
-160,20
-161,38
-166,38
-172,-7
-162,-70
-140,-101
-123,-116
-136,-95
-160,-35
-168,15
-157,51
-136,92
-125,102
-95,127
-71,141
-93,121
-102,111
-112,100
-118,92
-137,74
-151,49
-169,-3
-176,-21
-175,-35
-174,-39
-179,-5
-177,4
-167,50
-153,89
-127,121
-97,147
-74,155
-38,165
-23,165
0,164
7,159
10,154
-1,147
63,131
117,99
146,33
149,-50
137,-77
135,-70
143,-42
147,-32
148,-35
150,4
152,58
160,64
151,90
135,118
141,111
162,75
176,37
175,28
169,33
138,67
72,125
59,137
45,141
35,149
67,136
79,133
72,144
95,133
98,136
90,150
103,143
126,127
132,123
144,110
161,72
179,27
180,-12
170,-56
157,-83
119,-128
106,-135
143,-76
153,-18
152,4
150,5
146,30
150,27
154,-1
150,-28
155,-20
163,-17
162,-43
158,-66
161,-68
154,-86
141,-110
124,-126
51,-165
17,-179
20,-180
-9,-180
-12,-178
-5,-174
-19,-171
-38,-165
-25,-159
37,-136
116,-82
148,-41
158,-20
136,-73
89,-129
55,-149
5,-159
-49,-150
-98,-123
-132,-81
-133,-91
-143,-90
-159,-65
-143,-86
-79,-150
-60,-166
-103,-135
-132,-111
-137,-103
-123,-104
-28,-131
46,-137
31,-144
38,-147
56,-145
62,-151
54,-158
75,-156
75,-161
88,-156
86,-158
91,-147
132,-102
116,-118
96,-130
118,-98
128,-81
105,-102
26,-144
-41,-149
-49,-145
-41,-144
-31,-148
-30,-149
-14,-154
-42,-146
-83,-130
-48,-147
61,-144
121,-131
77,-159
52,-168
84,-151
61,-160
22,-170
-1,-168
-6,-163
22,-145
104,-82
149,4
155,56
160,63
165,60
158,86
153,98
148,101
152,88
152,81
123,102
84,131
95,118
112,101
102,109
99,110
127,69
139,-17
110,-98
96,-110
134,-32
148,53
134,106
135,114
154,86
136,105
80,151
18,158
-24,154
-40,144
-97,104
-119,95
-88,123
-43,146
-38,151
-49,151
-99,133
-144,97
-163,76
-165,54
-151,-28
-119,-97
-90,-119
-71,-131
-62,-136
-32,-149
17,-161
44,-163
12,-167
-58,-159
-70,-158
-60,-169
-79,-162
-72,-166
-57,-168
-62,-163
-33,-161
23,-153
62,-138
60,-138
94,-112
117,-99
127,-92
131,-100
122,-115
121,-118
147,-95
158,-81
160,-80
159,-80
147,-96
124,-125
127,-112
100,-130
58,-156
57,-153
83,-131
105,-109
103,-109
102,-110
106,-109
125,-95
138,-89
136,-100
131,-109
91,-138
23,-164
-48,-159
-87,-143
-123,-114
-145,-87
-148,-92
-164,-51
-176,5
-178,13
-178,8
-176,7
-171,-30
-169,-33
-166,-25
-156,-39
-148,-50
-153,-20
-152,-3
-150,10
-148,18
-147,-16
-144,-59
-150,-50
-160,-25
-167,-1
-169,1
-171,-29
-174,-46
-179,-24
-181,20
-171,-7
-154,-68
-150,-71
-146,-69
-151,-43
-157,-19
-153,-19
-151,-10
-150,-14
-147,22
-145,39
-147,33
-151,29
-157,21
-165,-6
-169,14
-165,48
-141,92
-59,149
2,167
53,161
93,144
116,128
128,118
153,77
173,18
177,13
171,40
136,98
64,140
-12,150
-10,152
16,151
32,147
22,149
14,151
33,150
35,150
-16,162
-37,168
-44,169
16,172
21,178
33,177
72,162
38,169
30,171
29,165
-19,153
-55,138
-89,116
-102,110
-97,116
-113,105
-142,75
-157,65
-159,70
-173,28
-178,-13
-178,0
-174,10
-168,0
-164,4
-159,41
-151,52
-138,77
-141,58
-146,24
-143,-30
-133,-82
-119,-114
-121,-123
-126,-122
-128,-123
-155,-82
-167,12
-151,86
-158,67
-175,6
-178,2
-174,2
-161,-28
-138,-64
-86,-116
-65,-134
-31,-147
-19,-155
-86,-120
-137,-64
-150,-5
-142,56
-119,95
-111,108
-136,83
-164,7
-152,-83
-128,-122
-134,-112
-142,-90
-100,-117
-69,-138
-63,-137
-71,-130
-55,-140
-52,-143
-53,-140
-105,-105
-132,-78
-149,-44
-154,-40
-160,-37
-165,-34
-168,-32
-173,11
-175,26
-178,2
-176,-16
-166,50
-152,97
-136,116
-75,158
-17,179
-21,177
-35,171
9,171
32,166
-21,152
-65,136
-24,148
11,151
-19,141
-90,120
-111,116
-127,103
-161,52
-179,8
-173,-28
-148,-78
-150,-74
-163,-31
-164,-13
-160,-11
-153,26
-136,76
-142,35
-149,2
-144,-41
-145,-58
-155,-26
-157,8
-147,56
-145,65
-165,18
-163,-52
-89,-127
-5,-159
-12,-158
-40,-149
-96,-120
-109,-106
-62,-132
-56,-138
-70,-133
-78,-128
-75,-133
-86,-131
-105,-121
-119,-109
-116,-119
-120,-127
-128,-126
-144,-105
-170,-51
-180,-16
-182,-3
-179,1
-177,18
-170,-4
-129,-74
-84,-124
-89,-121
-93,-118
-68,-133
-49,-147
-56,-146
-105,-114
-134,-82
-152,-44
-161,-23
-166,0
-162,32
-152,70
-144,90
-98,134
-73,154
-100,146
-70,161
-40,173
-63,168
-35,176
-12,179
6,177
18,171
-5,166
5,163
55,149
98,129
110,114
143,60
160,-9
155,-1
139,44
117,91
93,121
87,133
62,151
29,168
67,157
87,155
96,152
133,121
147,103
152,94
173,36
178,-19
165,-70
158,-83
163,-59
157,-69
135,-102
122,-110
135,-77
132,-75
113,-100
98,-110
115,-93
119,-92
133,-74
149,-51
157,-44
170,-8
172,-28
173,-34
175,19
173,38
175,5
170,-32
165,-26
162,6
151,25
122,74
71,128
59,145
59,149
63,153
59,159
31,172
48,172
83,161
92,155
70,163
55,166
47,160
-5,158
-2,156
58,144
77,133
68,135
97,114
124,84
135,65
128,74
139,30
119,-70
52,-137
-3,-152
-32,-148
-51,-143
-25,-145
17,-152
22,-156
5,-162
8,-166
21,-169
55,-166
22,-173
-69,-160
-125,-126
-145,-103
-156,-84
-119,-127
-74,-156
-46,-159
-24,-156
41,-136
101,-99
149,-28
166,0
161,-37
163,-52
169,-48
163,-71
156,-89
152,-87
165,-47
165,-39
156,11
140,64
137,69
122,85
79,126
29,156
-17,167
-44,169
-92,144
-135,107
-143,92
-116,124
-104,130
-97,128
-33,157
23,164
84,139
116,117
118,110
102,114
60,136
43,143
68,133
74,131
60,143
93,124
110,116
116,118
121,118
142,95
138,108
111,140
111,139
152,91
151,91
116,118
53,147
58,145
89,128
96,120
88,120
125,75
127,73
110,101
102,114
66,142
23,168
-26,169
-79,161
-44,170
46,166
62,164
66,164
73,159
48,160
22,159
-21,148
-79,123
-60,133
-27,148
-60,138
-112,114
-117,120
-88,144
-68,157
-82,156
-70,165
-86,151
-129,116
-141,95
-140,90
-141,75
-137,71
-122,87
-85,124
-87,116
-123,81
-134,71
-146,56
-153,52
-145,79
-152,79
-156,78
-161,76
-159,83
-138,113
-115,140
-104,146
-102,143
-112,120
-129,94
-95,134
-66,148
-21,160
17,158
53,150
69,141
71,134
92,119
80,123
33,146
39,147
90,122
109,109
136,56
149,-18
149,-38
142,-61
156,-46
166,-39
166,-51
173,-33
175,-31
176,-34
177,-7
176,-3
170,-35
158,-55
157,-6
156,6
151,-28
147,-30
149,-16
138,-53
138,-42
151,26
159,22
167,10
168,-15
168,-32
161,-60
134,-104
76,-151
26,-170
15,-174
39,-174
77,-157
75,-160
15,-176
-39,-170
-106,-141
-114,-134
-93,-144
-87,-141
-58,-147
-39,-148
-11,-149
-2,-151
-3,-151
51,-147
77,-146
102,-135
118,-131
55,-161
-32,-168
-97,-140
-117,-130
-100,-147
-99,-148
-124,-128
-125,-124
-161,-67
-175,7
-171,47
-164,63
-166,37
-161,50
-134,100
-109,127
-74,147
-48,157
-27,160
-10,158
-34,147
-54,140
-70,132
-68,137
-80,134
-121,101
-165,40
-176,26
-157,78
-139,112
-152,92
-162,69
-164,44
-163,18
-151,50
-123,102
-109,117
-105,116
-88,128
-68,137
-64,137
-74,129
-99,115
-104,116
-104,120
-97,131
-92,139
-114,130
-135,111
-156,81
-105,132
-34,176
9,181
25,177
0,176
16,174
42,168
35,162
37,157
54,149
-4,144
-33,144
20,146
85,119
132,67
148,27
150,10
149,5
151,6
152,11
148,56
153,68
165,44
169,43
162,73
148,102
157,85
175,36
172,-29
157,-73
152,9
136,76
125,88
117,94
97,114
104,106
132,71
140,57
148,41
155,16
158,17
160,-3
133,-80
77,-134
17,-153
-51,-142
-25,-150
61,-157
90,-155
93,-154
113,-137
119,-128
112,-125
132,-81
142,-12
123,75
112,107
115,109
124,107
130,105
111,132
112,138
131,123
141,112
143,107
134,114
118,126
110,126
91,128
26,146
-19,149
-37,146
-14,150
25,147
88,116
97,117
91,131
116,107
134,88
140,89
152,80
147,98
145,107
118,125
47,159
25,165
35,158
12,155
-7,150
-34,145
-38,146
7,148
45,143
49,142
0,156
-52,157
-75,160
-63,168
-70,166
-72,165
-63,166
-76,154
-48,160
-14,167
-49,150
-52,147
-13,149
49,145
66,138
48,141
5,148
-20,149
-71,139
-92,138
-100,139
-66,161
-70,160
-105,145
-105,149
-89,155
-50,169
2,176
1,171
-30,162
-64,138
-80,128
-85,122
-104,107
-88,122
-64,135
-95,114
-146,76
-160,69
-156,84
-146,102
-159,82
-166,56
-169,29
-159,63
-149,81
-135,96
-138,79
-139,72
-123,88
-116,94
-130,72
-121,86
-81,124
-70,133
-66,139
-72,138
-95,131
-114,125
-112,130
-58,158
-10,173
43,169
68,163
31,171
10,179
40,176
43,172
38,168
8,158
-55,137
-47,140
-28,143
20,147
50,142
51,140
69,133
75,132
87,126
78,135
20,160
-63,158
-123,125
-124,127
-110,137
-108,133
-107,126
-94,134
-104,116
-81,129
-78,127
-117,87
-130,79
-140,66
-135,81
-108,117
-103,128
-82,143
-18,159
42,158
37,164
7,175
-8,179
12,178
61,169
83,160
92,152
96,147
101,137
65,151
64,147
108,112
154,37
155,28
126,80
99,111
99,113
109,100
74,132
47,157
1,168
-67,158
-113,132
-93,148
-85,152
-78,152
-102,115
-138,40
-140,-26
-135,-74
-152,-36
-154,-24
-134,-90
-82,-151
-43,-174
-36,-172
-82,-153
-116,-133
-106,-134
-110,-124
-122,-106
-49,-130
30,-143
69,-135
67,-140
31,-153
4,-158
-12,-161
-59,-150
-107,-119
-144,-75
-155,-51
-134,-99
-117,-134
-132,-121
-138,-116
-158,-88
-161,-73
-148,-86
-164,-31
-167,44
-161,61
-153,72
-132,100
-88,139
-47,157
38,156
90,142
68,147
34,151
20,151
53,139
28,139
-45,142
-84,134
-83,142
-101,135
-114,135
-136,111
-153,94
-138,111
-152,76
-156,59
-145,71
-146,36
-134,-35
-103,-107
-110,-110
-131,-86
-141,-80
-137,-100
-130,-117
-145,-103
-165,-59
-175,-28
-169,-58
-147,-93
-139,-96
-167,-37
-172,12
-163,47
-160,21
-157,17
-153,30
-150,31
-145,47
-148,25
-152,-7
-154,-7
-157,-5
-159,-48
-164,-53
-159,-70
-151,-96
-154,-94
-165,-73
-173,-43
-178,2
-176,21
-167,42
-163,45
-160,26
-150,-9
-148,-32
-148,-31
-148,-24
-149,-30
-152,-23
-157,-3
-155,-26
-154,-68
-168,-36
-171,-40
-163,-71
-153,-93
-132,-112
-130,-108
-159,-57
-172,3
-167,28
-153,63
-146,72
-144,68
-133,79
-105,114
-97,118
-118,84
-143,38
-156,-8
-161,-3
-151,48
-140,82
-128,105
-89,140
-62,157
-31,168
8,174
20,174
38,174
66,164
123,126
133,120
136,118
142,111
137,113
137,106
130,107
144,82
148,64
157,33
157,14
147,28
119,85
121,79
145,30
145,43
150,35
151,55
141,92
143,101
163,57
173,-3
159,-67
138,-106
134,-115
90,-151
31,-174
-4,-179
-29,-177
-93,-143
-149,-94
-169,-26
-169,48
-171,40
-180,15
-179,20
-169,47
-121,124
-71,165
-87,142
-138,72
-149,34
-136,67
-136,58
-146,25
-149,27
-150,5
-154,-51
-161,-42
-157,-54
-150,-97
-154,-93
-171,-56
-177,-34
-177,-6
-173,49
-156,84
-156,74
-159,28
-141,-45
-105,-104
-81,-129
-102,-108
-138,-39
-147,23
-148,12
-130,-75
-113,-127
-134,-108
-106,-138
-116,-133
-153,-89
-172,-46
-173,-43
-174,-30
-174,-13
-161,-40
-131,-78
-92,-116
-72,-128
-44,-144
-37,-152
-48,-153
-43,-159
-66,-154
-80,-151
-46,-169
5,-178
11,-177
-41,-172
-62,-167
-95,-147
-137,-110
-159,-79
-171,-43
-174,1
-169,11
-162,20
-153,-12
-141,-50
-142,-39
-146,-13
-145,2
-148,-29
-153,-28
-150,-52
-134,-99
-149,-82
-172,-38
-176,-28
-160,-65
-113,-128
-63,-152
-24,-153
51,-125
121,-85
112,-102
119,-103
126,-102
110,-122
124,-111
156,-84
165,-67
172,-45
151,-93
101,-145
38,-176
21,-178
16,-176
-8,-175
-15,-170
-5,-165
-8,-160
-41,-153
-77,-136
-82,-129
-81,-125
-70,-129
-53,-141
-60,-140
-77,-134
-109,-100
-144,-19
-141,45
-89,107
-53,138
-72,133
-54,143
-46,151
-72,146
-93,143
-112,130
-147,97
-104,139
-64,167
-66,168
-40,175
-22,176
-18,173
-17,168
-21,161
-59,123
-132,19
-144,-62
-144,-86
-145,-93
-157,-80
-169,-49
-176,-9
-178,21
-178,1
-170,-46
-150,-79
-136,-89
-142,-73
-142,-67
-151,-40
-152,-21
-147,-33
-143,-36
-143,22
-143,23
-150,-33
-152,-60
-148,-77
-146,-93
-146,-96
-108,-136
-71,-161
-86,-151
-104,-136
-66,-141
-14,-152
4,-149
8,-148
23,-147
3,-147
-60,-135
-117,-85
-146,-29
-148,-24
-132,-69
-104,-128
-94,-148
-108,-142
-130,-123
-140,-111
-163,-78
-158,-80
-146,-94
-168,-29
-176,-2
-172,-3
-165,42
-143,93
-122,120
-97,140
-74,149
-98,112
-135,51
-147,-5
-153,-28
-156,-41
-160,-44
-165,-38
-170,-31
-175,-25
-180,-2
-174,-23
-148,-87
-107,-125
-82,-138
-90,-127
-122,-94
-143,-61
-149,-28
-147,41
-138,55
-127,-42
-96,-122
-76,-147
-59,-160
-42,-170
-57,-167
-40,-174
-24,-176
-19,-175
-34,-169
-47,-160
-34,-159
-19,-156
2,-152
13,-149
49,-140
85,-129
81,-138
70,-148
60,-156
53,-162
41,-168
23,-175
0,-178
12,-178
33,-177
4,-177
-67,-162
-135,-114
-168,-63
-170,-43
-165,-55
-167,-40
-170,-8
-166,28
-162,26
-153,-11
-134,-60
-91,-113
-68,-140
-85,-136
-109,-122
-123,-110
-123,-119
-138,-98
-154,3
-137,86
-143,90
-165,50
-163,65
-140,111
-108,142
-83,159
-28,174
28,173
-44,153
-82,143
-30,165
-58,142
-114,99
-112,99
-118,85
-140,54
-156,-3
-155,-57
-109,-126
-7,-156
84,-134
105,-112
128,-71
142,-12
136,70
140,87
119,120
98,149
65,162
52,170
63,164
40,160
-11,157
-15,154
-2,151
-36,141
-76,126
-87,119
-141,44
-174,-20
-176,12
-160,76
-121,129
-76,162
-32,179
5,180
3,178
-31,174
-42,167
-17,169
13,167
55,158
78,147
108,126
130,97
108,110
70,131
7,145
-49,145
-101,130
-126,115
-150,94
-156,74
-165,-3
-163,-16
-158,55
-153,72
-152,57
-151,24
-148,29
-139,60
-142,27
-150,-19
-154,-30
-159,-28
-149,27
-118,99
-73,139
-63,148
-47,153
24,156
60,152
65,154
51,166
50,171
64,169
70,166
92,153
131,122
160,76
168,64
170,53
168,44
171,10
169,-32
160,-48
154,-19
143,44
110,92
26,142
-49,160
-40,170
-22,175
-23,178
18,179
83,159
136,114
149,99
153,96
142,108
126,119
123,112
154,66
155,49
126,85
120,94
125,85
140,52
132,55
82,125
65,149
81,145
72,155
92,146
106,142
120,132
130,124
127,126
99,146
98,141
123,118
114,119
77,134
15,144
-48,140
-37,144
37,138
12,145
-41,159
-55,162
-75,160
-69,166
-52,170
-90,144
-122,119
-108,129
-123,96
-135,77
-111,107
-94,121
-97,116
-91,118
-92,118
-104,110
-118,104
-115,110
-151,65
-167,53
-159,78
-158,86
-113,135
-79,162
-70,165
-46,174
-35,175
-66,153
-105,118
-60,139
-23,156
-16,154
-14,152
1,152
20,150
33,146
5,150
5,152
-18,155
-37,160
-36,166
-27,169
-38,173
-8,179
21,179
45,176
72,168
77,163
46,165
1,164
-5,161
-24,151
-74,127
-112,102
-123,93
-126,94
-149,61
-173,21
-168,51
-167,62
-161,76
-133,121
-108,144
-63,168
-26,179
-3,179
42,173
88,155
88,152
70,154
41,157
53,148
101,123
115,106
124,91
134,72
143,46
150,-4
141,-53
132,-75
134,-65
144,-18
155,21
162,1
166,-5
158,-51
148,-81
139,-100
156,-81
162,-79
160,-81
154,-93
144,-106
127,-124
119,-126
93,-138
17,-168
-47,-166
-48,-162
-25,-160
-13,-155
-20,-151
-44,-146
-50,-142
-10,-144
62,-138
94,-135
97,-139
76,-151
11,-169
-30,-170
-48,-170
-56,-168
-92,-151
-122,-131
-127,-127
-115,-137
-124,-127
-116,-127
-92,-139
-99,-129
-117,-108
-134,-85
-140,-69
-143,-52
-125,-78
-118,-91
-126,-83
-137,-66
-145,-56
-153,-35
-156,-31
-152,30
-109,104
-31,142
41,142
47,146
47,150
-4,162
-63,163
-31,173
16,179
35,176
1,174
-55,160
-93,134
-96,129
-75,139
-74,131
-114,82
-149,4
-157,7
-157,39
-156,54
-166,10
-171,-49
-169,12
-159,78
-171,52
-170,53
-166,26
-164,-21
-160,7
-132,91
-84,144
-91,126
-130,61
-146,21
-128,60
-55,129
-33,144
-42,143
-31,148
-53,144
-104,123
-142,97
-161,69
-174,45
-166,38
-159,-35
-155,-54
-157,-34
-152,-30
-131,-72
-120,-89
-124,-83
-138,-59
-144,-44
-145,-42
-132,-93
-123,-118
-143,-96
-162,-16
-138,82
-96,134
-85,143
-128,115
-138,113
-109,142
-125,127
-149,82
-158,20
-154,-21
-141,-53
-133,-67
-146,-35
-149,-25
-151,-23
-142,-62
-134,-97
-157,-53
-169,-26
-171,-33
-173,-44
-156,-79
-129,-119
-114,-127
-73,-143
-36,-150
-18,-148
-36,-141
26,-140
82,-133
54,-149
27,-161
30,-165
-25,-161
-83,-143
-109,-127
-104,-138
-131,-108
-164,-61
-168,-58
-146,-95
-90,-142
-36,-160
-3,-156
21,-151
41,-143
48,-141
9,-148
-9,-150
22,-154
45,-155
12,-161
23,-163
80,-155
109,-144
114,-140
84,-157
32,-176
-46,-166
-129,-123
-168,-42
-174,42
-160,84
-155,93
-126,126
-86,157
-48,174
-63,164
-102,127
-99,124
-60,151
-26,158
-4,157
-34,147
-71,132
-67,133
-68,135
-59,140
-73,132
-143,74
-175,27
-167,61
-149,96
-80,152
-7,173
69,159
76,161
77,165
67,163
13,168
36,159
91,139
64,146
33,150
47,144
40,145
52,141
62,135
23,149
10,158
29,158
66,147
73,145
36,168
15,177
-21,178
-31,176
-1,175
63,162
107,141
130,118
154,78
165,50
150,70
128,94
118,100
106,103
61,134
46,144
5,155
-11,165
19,166
58,158
62,163
56,169
50,174
62,170
80,160
107,140
154,85
167,58
156,72
148,80
150,69
145,64
157,18
159,-15
151,-31
145,-2
146,28
139,-33
116,-96
110,-102
117,-96
117,-97
140,-74
143,-83
143,-91
154,-81
145,-98
149,-101
158,-88
143,-106
101,-147
76,-160
103,-134
112,-122
95,-133
96,-125
96,-120
65,-139
39,-148
-12,-149
-85,-125
-105,-112
-89,-122
-110,-96
-136,-63
-137,-60
-143,-40
-140,33
-120,86
-133,69
-117,88
-94,120
-121,104
-140,94
-131,109
-97,141
-66,160
-89,147
-134,120
-141,105
-155,69
-149,74
-137,92
-138,78
-140,60
-134,68
-124,82
-135,32
-149,-40
-148,-72
-147,-86
-146,-99
-139,-111
-114,-138
-92,-148
-50,-157
-23,-158
10,-145
78,-122
111,-102
134,-82
156,-51
173,-15
178,15
177,34
171,52
138,89
69,137
29,150
32,147
58,138
64,135
34,144
22,153
49,152
54,154
49,160
30,169
18,177
60,168
71,166
112,138
157,86
171,50
177,12
168,-62
162,-78
170,-47
162,-60
156,-46
157,0
147,35
140,55
122,75
46,137
-19,167
12,170
47,166
30,176
8,179
-36,169
-68,155
-37,164
-1,167
-26,155
-68,132
-112,88
-148,35
-157,32
-162,25
-159,48
-142,86
-126,113
-148,94
-169,54
-172,47
-170,50
-167,56
-149,86
-144,89
-125,110
-124,88
-143,2
-147,-10
-146,-5
-124,-79
-116,-115
-148,-73
-164,-45
-165,-54
-169,-50
-176,-17
-177,-34
-165,-62
-151,-88
-139,-96
-134,-94
-122,-99
-96,-116
-117,-91
-131,-63
-76,-115
-23,-155
35,-157
85,-153
95,-154
81,-161
98,-147
121,-124
121,-115
135,-74
149,-37
139,-52
127,-76
138,-57
133,-73
132,-76
141,-66
139,-77
147,-73
160,-62
163,-63
173,-18
179,22
174,24
160,51
154,59
157,38
156,4
142,-65
124,-101
102,-119
98,-117
111,-101
125,-82
119,-91
88,-120
34,-142
24,-148
83,-129
106,-125
96,-138
117,-130
127,-128
130,-128
126,-133
134,-113
154,-57
157,-29
144,18
114,83
75,134
89,134
103,127
105,130
89,148
80,159
64,167
12,167
-84,125
-135,74
-134,72
-135,67
-136,66
-123,86
-102,110
-97,113
-139,74
-157,60
-168,37
-167,55
-152,91
-144,105
-151,91
-164,68
-152,86
-152,74
-152,63
-145,69
-142,66
-130,80
-95,119
-69,135
-36,143
8,150
0,146
-60,135
-89,128
-66,140
-39,155
-2,160
41,159
51,160
71,155
100,139
127,119
154,77
171,12
173,9
167,59
150,92
128,113
141,90
143,82
102,112
77,128
108,100
94,110
31,142
-18,158
-11,165
13,168
0,173
6,176
-6,176
3,177
42,174
34,174
63,165
103,142
136,112
112,125
91,133
80,134
54,140
34,146
29,149
29,147
57,141
85,129
89,130
101,125
124,107
140,91
155,67
165,8
163,-38
172,-13
172,-30
157,-79
166,-52
175,-5
172,11
162,32
154,45
138,64
128,78
117,86
97,115
121,89
141,60
150,47
155,45
158,46
165,14
163,-33
159,-57
170,-45
165,-66
137,-111
116,-137
122,-136
108,-147
74,-161
56,-168
56,-167
34,-168
-43,-166
-73,-156
-45,-158
-66,-149
-77,-140
-65,-141
-30,-142
48,-137
85,-130
124,-101
159,-70
134,-111
109,-139
124,-129
135,-120
138,-112
136,-113
138,-102
147,-67
145,-57
143,-24
143,33
121,84
81,140
95,140
125,118
136,113
139,113
160,74
169,-12
165,-64
147,-98
91,-149
77,-161
82,-162
58,-171
34,-178
-21,-176
-68,-166
-55,-164
-7,-163
31,-155
22,-153
-20,-153
-35,-149
-28,-148
-22,-147
34,-139
105,-123
122,-120
82,-146
29,-168
12,-173
-51,-161
-122,-104
-161,-21
-168,2
-170,-22
-169,18
-165,62
-174,28
-180,-3
-177,24
-171,9
-145,-46
-71,-119
-8,-147
62,-135
131,-96
157,-78
152,-96
147,-106
152,-94
163,-68
157,-36
153,33
153,26
138,43
77,116
29,156
22,163
2,171
-1,175
-53,158
-132,98
-158,47
-157,38
-148,47
-139,-2
-125,-75
-102,-114
-101,-126
-131,-97
-140,-93
-120,-115
-77,-158
-60,-167
-56,-166
-51,-161
-30,-161
-69,-149
-67,-146
-42,-147
-61,-139
-59,-133
-7,-145
-52,-130
-93,-114
-46,-143
-5,-165
-16,-167
-61,-157
-54,-165
-78,-153
-118,-128
-112,-137
-120,-133
-111,-139
-87,-150
-60,-156
-23,-157
0,-154
-27,-150
-13,-142
84,-111
153,-44
173,18
175,41
157,74
147,94
162,61
154,67
143,77
111,96
47,138
-4,149
-46,150
5,151
89,121
123,95
141,65
154,6
146,-47
152,-30
165,33
167,59
165,69
133,113
108,137
120,124
122,115
122,108
96,118
43,139
28,145
86,114
134,61
132,69
129,79
143,32
141,-44
139,-61
153,-41
158,-14
164,51
168,64
174,49
181,16
177,13
144,74
105,119
128,95
125,93
113,103
95,114
61,138
45,150
27,157
8,167
19,168
-27,165
-104,139
-121,128
-129,109
-133,98
-110,120
-86,135
-78,135
-75,131
-117,72
-151,3
-156,-5
-126,77
-73,135
-53,149
-66,148
-77,148
-90,147
-91,152
-57,169
-87,150
-138,85
-154,-7
-153,-28
-147,-38
-141,-50
-146,-27
-149,14
-149,16
-151,19
-138,58
-144,59
-162,33
-168,31
-172,35
-159,67
-127,117
-120,132
-103,145
-18,168
22,174
-12,179
-1,178
51,172
55,169
34,168
-7,161
-41,149
-57,138
-95,111
-103,109
-70,134
-90,119
-144,82
-146,90
-151,81
-170,47
-143,98
-134,107
-162,22
-158,-37
-137,-70
-116,-92
-85,-121
-88,-121
-124,-71
-147,-23
-148,-28
-152,5
-155,-1
-154,26
-147,67
-156,59
-170,42
-175,29
-180,13
-176,37
-174,43
-173,36
-168,3
-159,-29
-155,-26
-155,14
-149,-1
-149,1
-146,36
-133,68
-119,88
-96,113
-70,133
-73,133
-96,122
-131,93
-148,87
-142,102
-134,118
-125,129
-128,128
-144,96
-164,33
-164,17
-157,13
-147,-25
-130,-66
-116,-98
-115,-99
-140,-51
-148,-45
-144,-79
-147,-89
-161,-64
-172,-30
-176,3
-163,61
-151,94
-157,88
-155,89
-125,127
-114,135
-131,114
-105,137
-91,144
-97,131
-104,117
-87,129
-78,133
-82,126
-108,102
-119,95
-116,101
-126,95
-112,109
-77,143
-91,144
-88,150
-61,164
-33,174
-48,172
-9,177
44,175
52,172
19,168
-47,157
-50,155
-7,160
3,155
-50,137
-103,102
-131,76
-97,117
-84,133
-120,110
-138,103
-128,118
-92,146
-105,139
-139,112
-152,73
-141,-25
-96,-109
-64,-134
-34,-145
-2,-159
-46,-153
-97,-124
-127,-97
-128,-104
-112,-129
-96,-145
-60,-165
-54,-171
-68,-164
-53,-162
-36,-161
-41,-154
9,-149
56,-138
43,-140
-5,-148
-10,-150
25,-151
26,-156
12,-160
50,-160
85,-154
38,-165
-42,-170
-45,-173
-60,-170
-71,-163
-88,-153
-95,-150
-76,-154
-62,-155
-65,-147
-20,-148
22,-147
3,-148
-15,-149
-19,-148
-74,-126
-116,-95
-123,-90
-131,-82
-143,-62
-123,-93
-93,-143
-122,-124
-134,-118
-142,-112
-157,-87
-174,-48
-180,0
-173,53
-167,68
-164,60
-159,61
-128,112
-74,154
-23,170
19,171
20,166
47,158
34,154
11,153
-28,139
-107,100
-144,70
-135,89
-115,117
-86,141
-64,157
-60,162
-76,159
-92,153
-124,121
-153,65
-152,63
-125,109
-120,102
-137,66
-142,46
-134,57
-133,57
-140,50
-121,92
-132,72
-163,23
-168,33
-176,13
-182,2
-166,58
-155,82
-164,67
-148,98
-141,102
-120,125
-128,105
-133,92
-122,103
-123,92
-116,96
-120,85
-131,73
-133,76
-137,73
-148,57
-159,50
-173,26
-171,44
-167,53
-175,39
-170,60
-154,89
-121,131
-109,137
-117,124
-75,153
-63,155
-87,132
-80,132
-31,151
5,155
18,152
42,146
27,147
-3,148
-33,150
-17,157
-32,158
-60,158
-58,162
-85,155
-119,133
-131,121
-98,144
-42,169
-64,154
-85,140
-75,141
-39,154
-4,158
14,154
38,149
53,141
100,113
117,94
114,93
98,115
109,109
120,98
109,116
125,106
147,83
146,92
126,124
104,147
111,143
122,131
146,96
159,68
135,99
144,80
163,20
164,-29
158,-10
153,-4
138,-63
124,-93
134,-62
147,-18
143,-38
113,-96
98,-114
117,-103
113,-112
111,-115
148,-79
157,-79
154,-90
148,-104
117,-137
125,-127
140,-108
112,-132
66,-159
19,-170
35,-160
61,-147
44,-151
18,-155
10,-153
11,-150
-9,-150
-45,-140
-40,-139
-9,-152
-19,-154
-78,-127
-98,-123
-98,-130
-99,-138
-95,-147
-107,-142
-141,-105
-169,-54
-174,-44
-157,-79
-141,-101
-135,-102
-110,-120
-102,-122
-91,-124
-58,-136
-58,-136
-86,-122
-98,-114
-75,-134
-56,-151
-41,-160
-16,-172
-4,-180
-18,-180
-32,-177
1,-172
6,-172
-47,-168
-75,-158
-68,-154
-93,-137
-114,-119
-111,-113
-130,-83
-150,-43
-154,-5
-151,2
-149,-16
-143,27
-136,65
-131,77
-121,89
-96,114
-77,128
-80,131
-86,131
-113,119
-133,102
-166,23
-178,-14
-177,-5
-170,-17
-146,-58
-127,-87
-136,-67
-151,-20
-150,-16
-143,-43
-134,-70
-136,-71
-153,-20
-157,5
-161,-10
-162,0
-145,70
-139,94
-140,98
-118,127
-113,138
-101,148
-76,163
-63,168
-25,179
-23,177
-42,171
-48,164
-42,159
-63,144
-76,135
-35,146
26,152
22,150
18,150
-5,148
-22,151
10,156
20,158
52,150
68,148
63,156
76,155
111,132
154,72
170,13
167,-43
155,-77
128,-114
105,-138
92,-151
113,-139
111,-143
114,-131
139,-96
131,-103
130,-95
130,-85
137,-65
146,-33
146,-36
129,-76
112,-100
93,-117
112,-106
96,-122
32,-151
5,-158
29,-164
16,-169
-13,-171
-41,-168
-75,-158
-86,-157
-80,-162
-77,-162
-101,-145
-124,-128
-149,-97
-170,-38
-168,42
-138,112
-133,113
-152,65
-158,39
-152,45
-149,26
-149,-2
-148,-9
-145,-34
-138,-75
-135,-93
-137,-99
-138,-107
-155,-89
-171,-52
-175,-42
-176,-34
-179,20
-178,28
-175,-6
-164,-34
-146,-63
-139,-68
-128,-78
-109,-100
-107,-106
-91,-122
-75,-139
-117,-106
-149,-55
-158,-6
-138,57
-76,128
-46,150
-49,151
0,151
70,140
77,142
50,159
4,174
-38,177
-67,159
-108,129
-79,150
-64,153
-101,105
-139,57
-144,41
-152,15
-155,17
-158,13
-153,-44
-122,-124
-92,-155
-73,-161
-26,-163
10,-160
-8,-156
-77,-134
-94,-123
-88,-124
-69,-126
-8,-147
2,-156
-7,-159
-8,-161
-24,-160
-101,-119
-119,-111
-112,-131
-122,-126
-125,-127
-119,-137
-140,-116
-157,-91
-144,-100
-100,-129
-27,-146
48,-133
106,-106
128,-89
152,-60
163,-53
160,-66
159,-76
165,-70
172,-52
173,-20
165,20
163,15
147,-59
99,-137
73,-154
77,-144
73,-142
79,-131
90,-120
93,-112
130,-73
152,-33
160,27
167,47
177,9
178,-2
173,30
173,41
171,32
159,57
152,58
143,67
123,91
102,112
84,123
42,147
4,162
5,170
11,175
21,177
5,179
3,180
4,179
6,176
58,165
115,134
137,113
126,115
102,127
96,126
94,123
70,133
58,140
68,133
53,142
32,155
41,159
58,156
87,145
110,133
121,126
151,85
169,52
174,34
167,62
159,81
172,48
179,1
174,-6
166,-7
146,-83
106,-136
76,-154
48,-159
-28,-167
-79,-154
-114,-128
-118,-117
-113,-116
-95,-122
-72,-133
-53,-138
-57,-138
-64,-139
-45,-152
-39,-158
-53,-157
-67,-155
-76,-153
-41,-170
-21,-179
-14,-172
57,-155
72,-150
63,-150
49,-150
-12,-154
-45,-149
-19,-150
-12,-150
12,-147
52,-144
81,-135
108,-127
83,-148
99,-140
138,-113
130,-124
106,-146
72,-165
67,-165
51,-165
72,-144
107,-116
124,-87
124,-85
130,-71
146,-41
155,-29
151,-49
139,-81
125,-102
86,-137
68,-150
84,-150
67,-159
-14,-168
-79,-154
-97,-147
-93,-152
-89,-157
-114,-139
-115,-138
-119,-132
-116,-128
-64,-140
30,-141
65,-135
38,-143
15,-148
18,-150
45,-146
80,-144
64,-156
55,-163
20,-172
14,-176
38,-176
34,-177
11,-179
-1,-177
6,-174
-20,-171
-61,-160
-87,-145
-109,-124
-138,-89
-149,-66
-155,-30
-148,-42
-130,-75
-127,-74
-145,-28
-150,-5
-151,-11
-153,-10
-155,-36
-159,-40
-164,7
-164,36
-154,69
-144,94
-143,101
-142,109
-111,137
-39,168
9,177
2,180
31,178
51,172
59,167
89,152
115,127
162,69
169,48
158,62
161,47
165,4
160,-26
152,-58
146,-63
143,-53
136,5
103,105
102,126
116,119
134,103
146,92
156,80
160,78
166,70
157,85
122,118
69,148
40,151
14,150
-17,148
-20,150
5,150
-10,152
-3,154
64,137
72,135
-8,161
-38,170
11,176
31,176
59,170
29,173
17,176
-5,168
-52,149
-88,116
-131,64
-135,68
-123,89
-127,86
-145,68
-149,74
-116,115
-83,144
-102,139
-114,132
-145,98
-136,111
-82,159
-55,170
-73,160
-80,152
-98,127
-127,86
-126,83
-130,70
-149,25
-155,18
-136,61
-76,127
-35,150
-23,152
-36,151
-79,145
-105,139
-132,118
-159,85
-149,97
-103,142
-88,154
-58,166
-28,172
-23,167
-45,156
-35,155
10,156
24,153
74,129
112,103
69,129
69,131
111,98
116,93
101,115
117,101
145,57
153,33
146,57
146,92
164,57
172,40
176,35
180,20
180,24
175,31
164,53
145,75
119,102
121,96
119,92
135,63
136,61
141,51
144,44
133,78
138,78
151,53
147,84
159,52
169,-4
172,25
177,-1
171,-50
154,-94
141,-115
137,-121
106,-145
59,-171
43,-172
44,-169
44,-164
62,-151
75,-139
73,-134
39,-148
29,-149
-13,-146
-71,-132
-63,-136
-31,-147
-5,-157
-33,-152
-36,-154
-9,-169
-18,-173
-38,-174
-50,-172
-38,-177
-47,-175
-83,-159
-116,-136
-154,-89
-159,-80
-151,-89
-147,-86
-144,-76
-110,-104
-73,-130
-48,-142
-52,-142
-66,-136
-34,-152
-57,-149
-88,-136
-110,-123
-101,-138
-128,-112
-162,-66
-173,-20
-177,-6
-178,-17
-178,-38
-180,-2
-172,45
-171,27
-169,5
-154,-35
-144,-54
-146,-42
-130,-69
-92,-118
-47,-150
-11,-167
-14,-171
-52,-166
-71,-163
-63,-168
-47,-172
3,-172
18,-171
-1,-169
-17,-164
-21,-157
26,-148
50,-141
21,-148
49,-138
116,-102
149,-78
145,-93
148,-96
144,-107
148,-100
114,-135
55,-170
57,-170
48,-173
23,-175
-4,-176
-18,-170
-66,-157
-87,-145
-89,-137
-99,-127
-87,-124
-20,-141
31,-148
26,-148
-48,-137
-78,-132
-81,-134
-94,-130
-115,-113
-122,-110
-111,-132
-93,-152
-124,-119
-168,-39
-169,-43
-170,-48
-166,-61
-165,-63
-164,-54
-170,-18
-168,2
-159,-19
-144,-41
-116,-89
-58,-132
0,-159
-6,-164
-35,-165
-17,-170
19,-177
-13,-178
-43,-176
-43,-173
-28,-172
23,-160
53,-153
39,-153
8,-155
-26,-153
-63,-140
-94,-121
-81,-124
-57,-138
-57,-140
-21,-153
-2,-162
-54,-152
-59,-154
-5,-173
35,-174
39,-174
-1,-178
4,-175
15,-170
-14,-168
-58,-158
-65,-153
-63,-147
-103,-119
-100,-116
-86,-125
-114,-96
-143,-51
-146,-40
-141,-49
-141,-55
-142,-45
-138,37
-125,87
-113,103
-61,133
-4,151
3,155
15,156
47,150
63,149
54,153
-16,168
-37,177
-35,178
-49,172
-46,170
-7,173
24,170
25,165
60,152
87,132
16,143
-29,145
-33,146
-7,151
50,133
113,93
139,45
144,-22
144,-25
137,37
103,123
115,128
123,127
118,133
58,156
-14,167
-30,160
10,161
-3,156
-26,150
-56,137
-57,138
-42,141
-93,120
-138,74
-162,49
-135,107
-107,140
-100,149
-100,149
-130,114
-153,74
-149,76
-145,72
-149,24
-149,-23
-148,-5
-141,52
-140,55
-144,44
-153,29
-141,63
-113,110
-120,111
-145,89
-162,69
-167,64
-160,84
-145,108
-153,82
-165,35
-162,19
-158,19
-153,38
-150,24
-150,10
-149,4
-150,8
-148,-29
-144,-75
-141,-95
-117,-126
-72,-161
-90,-153
-118,-134
-118,-131
-137,-101
-166,-43
-170,-29
-167,-19
-161,-22
-160,10
-141,69
-118,110
-126,90
-119,94
-102,108
-132,63
-148,36
-121,88
-94,121
-110,110
-126,105
-116,121
-94,141
-100,140
-128,117
-163,50
-174,20
-169,31
-160,50
-127,106
-83,146
-62,154
-14,164
15,164
-11,153
-56,139
-92,116
-128,85
-148,58
-164,22
-175,-8
-176,-22
-176,-39
-179,-3
-172,51
-162,76
-134,117
-83,154
-11,177
-23,170
-50,161
-31,163
-63,141
-97,115
-102,110
-114,94
-133,77
-146,60
-153,54
-153,66
-171,33
-174,39
-148,89
-107,139
-60,165
-32,176
1,177
13,174
-50,162
-105,123
-125,96
-102,116
-115,88
-137,59
-131,74
-127,82
-105,109
-87,126
-103,117
-132,99
-116,119
-83,147
-72,156
-93,152
-105,146
-73,164
-32,178
-47,168
-100,126
-136,75
-138,65
-137,-2
-115,-94
-100,-128
-93,-142
-77,-158
-73,-164
-81,-161
-92,-155
-105,-146
-88,-152
-95,-145
-100,-136
-93,-133
-75,-138
-71,-136
-97,-116
-112,-96
-68,-127
-57,-141
-94,-122
-113,-108
-121,-103
-125,-105
-126,-110
-92,-145
-72,-164
-100,-148
-135,-119
-148,-104
-155,-91
-173,-46
-179,16
-174,46
-170,47
-164,47
-160,34
-152,-4
-148,-28
-150,-20
-150,-3
-149,9
-150,-21
-153,-12
-144,53
-135,82
-117,106
-96,128
-59,145
10,154
57,147
46,156
4,169
9,175
36,173
84,153
110,141
81,158
29,168
12,169
33,161
103,127
143,85
165,4
166,-37
157,1
152,33
148,36
136,61
129,76
115,99
63,144
6,172
-27,175
-9,178
-49,161
-104,130
-85,141
-44,159
1,164
28,159
-23,144
-70,132
-82,125
-107,109
-131,91
-127,104
-112,123
-99,137
-103,141
-97,148
-119,130
-145,103
-154,85
-143,97
-130,110
-123,109
-83,138
-36,160
-43,149
-84,122
-113,99
-114,99
-98,114
-34,138
21,146
31,149
3,155
-35,162
-16,167
33,165
26,169
-3,178
-13,178
-37,173
-43,170
-32,168
-31,166
-21,162
-6,158
20,156
40,150
50,145
25,145
-38,144
-50,146
-66,144
-108,129
-123,126
-107,143
-95,152
-52,170
16,176
39,175
5,177
-7,176
10,173
51,165
77,152
120,115
150,78
145,75
121,91
118,95
102,103
27,140
-37,152
-4,158
65,144
85,134
41,164
-29,169
-83,158
-56,168
-14,178
14,175
58,163
67,155
38,155
8,156
23,152
57,143
66,133
111,93
126,81
136,64
145,38
139,53
128,87
138,75
152,38
160,1
159,33
155,78
167,25
157,-61
157,-64
175,-7
178,5
174,8
162,40
163,15
158,-6
143,44
130,72
106,104
120,81
147,2
151,-18
154,-8
153,31
147,84
143,103
130,119
95,148
21,162
-19,163
36,153
126,105
158,60
156,53
135,73
120,92
120,91
122,86
134,66
147,27
145,13
126,85
120,119
137,100
147,90
132,115
120,134
122,133
123,127
160,54
172,-22
163,30
147,74
121,96
75,128
52,141
69,133
104,108
128,77
133,72
109,111
79,145
118,115
152,68
165,40
172,23
175,15
174,31
179,13
179,12
171,33
137,81
109,108
143,56
155,31
154,23
148,29
137,56
144,39
150,1
150,9
143,69
128,111
136,106
163,58
174,25
171,-21
166,-54
168,-56
159,-82
154,-91
158,-74
165,-46
160,-51
152,-55
148,-47
143,-38
148,12
140,54
132,85
113,115
104,133
115,130
130,119
111,138
70,161
11,167
-38,157
-49,149
-60,139
-83,124
-106,106
-134,82
-111,110
-111,113
-148,72
-175,19
-181,14
-179,35
-168,61
-140,111
-113,140
-100,147
-82,154
-93,138
-118,105
-139,62
-142,53
-123,84
-103,108
-86,121
-85,122
-65,135
-54,142
-8,152
31,152
54,149
43,154
-6,168
14,172
32,174
44,175
74,165
99,150
79,157
44,165
9,167
38,159
52,152
55,148
55,142
34,143
15,148
-11,150
-53,150
-47,157
-47,160
-83,152
-127,119
-159,71
-161,61
-163,38
-155,53
-138,87
-136,79
-141,53
-147,29
-125,74
-101,109
-93,115
-101,112
-95,120
-127,92
-158,56
-173,21
-181,1
-176,38
-169,67
-162,80
-132,118
-93,152
-75,162
-46,170
-10,173
12,168
1,166
-21,157
-53,141
-17,147
33,147
71,133
106,108
121,91
107,104
117,90
141,30
150,-9
151,-15
152,23
153,60
154,72
163,61
167,65
166,70
173,41
180,-10
165,-60
143,-104
161,-66
167,-25
156,20
130,74
130,74
146,26
149,4
150,3
150,23
149,52
154,48
159,-3
149,-58
132,-92
115,-118
109,-129
132,-115
146,-107
157,-90
151,-99
132,-122
134,-107
153,-50
152,-45
147,-48
149,-26
148,-29
140,-60
140,-52
147,-33
142,-59
144,-63
154,-51
133,-93
94,-134
65,-154
72,-155
99,-147
112,-142
132,-119
131,-118
71,-162
70,-157
94,-137
113,-102
143,-35
150,-14
138,-50
100,-103
47,-140
68,-122
142,-35
165,40
146,95
145,106
152,94
166,64
168,48
145,78
138,83
153,39
127,73
114,100
119,91
113,97
74,134
39,158
19,168
11,175
46,171
90,151
87,154
87,159
110,143
114,136
121,127
138,104
151,82
160,57
163,34
156,35
132,72
121,88
136,57
146,33
139,57
137,72
145,64
155,46
163,12
163,-22
167,-5
167,47
142,102
138,108
171,39
178,-3
159,-61
93,-145
24,-179
-5,-180
17,-174
33,-167
73,-139
86,-128
107,-105
118,-91
135,-52
153,12
159,-13
152,-56
139,-88
143,-89
164,-61
171,-17
145,73
129,106
79,126
-26,136
-48,138
4,149
13,152
56,137
87,125
94,124
83,138
60,157
25,170
-25,175
-80,147
-119,117
-83,143
-91,126
-134,60
-148,18
-152,-10
-154,7
-154,-3
-157,-49
-158,-70
-164,-63
-173,-43
-163,-68
-161,-74
-176,-30
-178,2
-172,40
-163,64
-157,62
-146,83
-147,68
-145,59
-142,46
-148,11
-144,-29
-134,-82
-129,-104
-106,-134
-51,-168
3,-176
56,-159
98,-127
125,-90
119,-92
89,-122
64,-136
30,-145
-23,-145
-20,-146
2,-150
-16,-152
2,-156
42,-157
71,-156
28,-169
8,-177
36,-176
60,-169
58,-169
22,-173
-40,-172
-80,-158
-99,-143
-77,-140
-31,-150
-75,-136
-69,-137
-35,-145
-66,-131
-85,-123
-90,-120
-95,-119
-109,-107
-107,-114
-70,-147
-26,-173
-27,-177
-8,-177
41,-170
29,-173
-16,-173
-35,-165
-6,-161
8,-157
38,-144
94,-108
129,-82
145,-64
165,-22
170,-23
145,-86
105,-134
101,-141
116,-138
130,-122
141,-109
86,-150
32,-175
54,-161
111,-105
143,-34
148,15
149,14
150,21
153,24
158,10
146,65
133,116
143,109
133,118
100,142
103,137
133,110
138,98
144,82
135,75
44,118
-58,136
-63,141
-23,155
-25,159
-54,160
-40,169
-28,174
-61,168
-55,172
-54,164
-109,127
-125,103
-136,72
-145,21
-149,-18
-150,-27
-150,15
-143,54
-150,50
-160,38
-166,-9
-151,-87
-135,-118
-144,-106
-149,-93
-137,-98
-110,-120
-121,-104
-145,-64
-151,-40
-152,0
-145,60
-132,81
-113,101
-72,134
-37,150
-4,152
13,149
-14,148
-31,148
-47,148
-1,155
34,154
64,144
57,153
44,166
80,149
128,114
137,111
133,117
130,124
161,71
177,23
165,55
154,78
158,64
151,64
146,55
160,-14
157,-33
150,-43
137,-70
132,-73
138,-43
150,9
151,13
123,81
40,158
-34,172
-23,171
45,168
31,157
-75,116
-138,45
-151,7
-155,-17
-160,-21
-162,-37
-162,-61
-171,-48
-173,-48
-179,-13
-181,22
-176,47
-169,66
-168,60
-161,69
-158,63
-154,58
-148,59
-140,63
-127,86
-121,91
-133,65
-134,65
-107,101
-72,129
-72,131
-120,99
-139,90
-158,58
-174,34
-146,96
-96,146
-103,143
-97,150
-81,160
-76,161
-76,155
-55,159
-48,158
-46,156
-44,149
-76,129
-104,104
-140,46
-158,22
-160,38
-170,2
-175,-37
-180,-20
-180,-1
-173,-25
-159,-60
-141,-81
-129,-92
-107,-108
-106,-105
-121,-88
-116,-97
-125,-87
-140,-58
-149,-24
-152,-33
-157,-39
-153,-64
-151,-89
-159,-81
-167,-65
-163,-75
-165,-67
-176,-11
-168,-28
-154,-67
-150,-68
-158,-37
-161,-3
-147,-29
-139,-50
-149,-4
-144,41
-147,25
-153,5
-151,24
-151,39
-162,1
-168,1
-167,36
-164,56
-152,86
-147,100
-126,125
-72,160
-45,175
-39,178
-16,178
-61,154
-106,127
-115,113
-121,95
-137,56
-145,25
-153,-10
-157,-16
-160,-27
-160,-62
-163,-73
-173,-30
-169,46
-142,101
-136,113
-157,83
-171,23
-169,6
-151,72
-133,109
-128,107
-131,83
-147,28
-152,5
-151,12
-149,-1
-147,-55
-120,-107
-70,-161
-63,-169
-103,-146
-92,-148
-24,-164
26,-158
-15,-156
-82,-137
-100,-123
-109,-110
-90,-119
-107,-102
-120,-91
-129,-74
-138,-56
-145,-6
-150,-4
-155,-17
-150,27
-149,46
-163,22
-169,4
-177,-17
-174,-33
-158,-80
-137,-107
-118,-121
-113,-119
-83,-128
-61,-137
-41,-143
4,-150
-6,-149
-76,-125
-99,-115
-74,-140
-80,-143
-102,-133
-66,-157
-51,-171
-57,-171
-42,-174
-24,-173
-17,-169
-48,-161
-32,-157
-20,-154
-3,-151
25,-146
61,-137
92,-123
103,-121
58,-148
37,-159
-18,-161
-33,-163
-22,-169
0,-176
26,-175
51,-169
-5,-174
-55,-170
-25,-170
-9,-167
8,-161
8,-157
-10,-154
-15,-151
-33,-147
-76,-126
-92,-117
-35,-141
21,-158
52,-159
64,-160
12,-169
7,-174
33,-177
38,-176
-12,-178
-35,-174
15,-166
54,-154
27,-159
5,-157
30,-149
12,-151
18,-148
44,-143
39,-148
23,-154
6,-159
-26,-153
-80,-134
-78,-141
-45,-165
-40,-172
-42,-174
-33,-176
-68,-164
-72,-161
-69,-161
-74,-155
-41,-159
-38,-156
-53,-148
-84,-133
-110,-111
-118,-99
-129,-79
-140,-53
-125,-78
-91,-122
-73,-143
-81,-144
-91,-143
-122,-117
-140,-97
-157,-71
-159,-80
-162,-82
-162,-80
-161,-79
-167,-59
-158,-65
-146,-76
-112,-106
-89,-123
-94,-117
-117,-93
-137,-58
-148,-8
-145,32
-138,51
-98,107
-55,138
-59,137
-57,140
-45,144
-9,153
-1,156
6,162
28,163
-4,168
-57,167
-78,163
-92,155
-85,155
-75,155
-91,138
-108,114
-109,111
-85,129
-66,137
-71,131
-104,108
-127,90
-139,79
-161,44
-164,52
-152,86
-137,113
-112,138
-47,164
48,160
121,119
148,91
163,63
174,36
178,23
180,4
175,-46
156,-89
158,-68
159,19
129,86
130,83
134,64
149,17
139,45
143,35
149,12
143,47
143,70
119,99
16,156
-73,157
-98,139
-121,105
-130,78
-143,34
-127,73
-101,111
-59,136
-38,144
-49,143
-31,149
-48,145
-63,144
-15,157
-41,155
-86,151
-70,164
-93,151
-132,109
-148,85
-127,112
-124,106
-138,74
-127,82
-112,101
-127,75
-143,44
-146,39
-139,62
-135,75
-91,126
-65,144
-105,121
-148,95
-153,95
-154,95
-142,111
-152,88
-162,59
-159,50
-143,76
-138,77
-133,78
-135,64
-140,52
-139,53
-121,85
-115,98
-106,110
-81,131
-77,136
-92,133
-59,152
-18,165
-56,159
-91,155
-93,155
-92,153
-127,108
-135,96
-111,125
-98,132
-77,141
-19,157
29,160
42,154
48,145
104,111
128,84
144,17
148,-52
142,-61
133,-76
132,-71
140,-52
149,-11
151,36
112,113
34,167
-10,176
13,175
44,167
93,146
99,140
109,127
127,105
96,115
13,140
-28,147
-53,143
-81,140
-86,144
-98,142
-67,159
3,169
83,144
124,117
100,141
75,162
47,170
46,171
49,166
35,162
2,157
-29,148
-70,129
-100,112
-129,84
-101,113
-88,134
-99,135
-68,151
12,163
31,166
-15,173
-65,165
-77,163
-89,144
-137,61
-146,32
-121,95
-117,99
-123,88
-93,119
-65,135
-37,144
-8,149
-39,140
-113,105
-159,55
-175,2
-169,-46
-144,-89
-87,-131
-52,-144
23,-137
101,-112
131,-93
150,-69
165,-43
177,-4
179,4
175,-23
174,1
171,12
166,-9
160,10
157,22
145,42
135,64
137,60
140,51
100,113
70,152
109,123
144,89
134,113
143,106
121,125
72,160
41,165
44,159
18,156
-1,153
-29,145
-37,144
-49,143
-75,138
-77,142
-39,157
-45,159
-78,156
-107,143
-133,123
-144,102
-152,75
-157,36
-157,10
-152,34
-138,68
-136,65
-140,54
-131,70
-95,111
-76,129
-77,132
-38,146
14,151
81,123
112,102
119,99
128,93
101,126
57,162
42,175
55,171
78,160
123,125
114,132
110,135
108,132
125,111
152,70
147,65
118,97
88,119
93,116
87,113
-12,144
-92,141
-130,116
-154,90
-151,93
-136,112
-120,128
-93,148
-49,167
-52,157
-97,121
-89,124
-28,151
-28,150
-65,135
-72,131
-79,129
-91,126
-90,132
-108,126
-143,95
-171,48
-175,46
-164,72
-163,68
-155,74
-129,114
-121,119
-127,104
-99,126
-63,147
-14,159
42,153
84,136
109,116
101,113
124,73
153,21
152,11
150,-2
147,28
148,16
148,-22
152,-19
151,-37
153,-33
162,28
168,50
176,8
175,27
167,61
139,98
103,127
108,118
102,116
47,137
-37,141
-70,143
-51,153
-54,157
-49,163
-41,165
-95,142
-139,108
-111,134
-69,163
-80,147
-115,116
-126,93
-124,88
-86,125
-47,147
-36,148
-51,138
-71,130
-18,145
16,150
27,149
84,121
115,91
74,133
27,167
46,166
67,162
31,175
13,180
-2,178
-30,167
-72,140
-114,97
-128,80
-111,98
-125,74
-155,27
-166,2
-169,-15
-171,-44
-172,-50
-146,-92
-123,-118
-153,-76
-157,-67
-158,-57
-158,-39
-157,-24
-158,-10
-154,-16
-146,-35
-142,-45
-145,-38
-141,-63
-129,-97
-126,-112
-135,-108
-145,-100
-150,-97
-163,-73
-164,-68
-137,-110
-129,-118
-147,-92
-160,-58
-167,-21
-166,-5
-156,-15
-145,-38
-133,-61
-129,-79
-120,-94
-123,-96
-144,-53
-155,1
-142,54
-123,95
-123,102
-116,112
-136,96
-157,76
-165,67
-163,81
-147,107
-135,115
-148,93
-138,100
-122,117
-99,133
-87,138
-79,138
-18,153
57,148
89,133
105,120
99,117
110,102
132,76
145,49
145,38
148,11
143,37
134,80
146,55
158,18
164,-1
167,-20
166,-41
170,-40
164,-66
167,-62
176,-11
165,49
141,84
113,108
110,105
128,83
134,71
137,61
134,65
135,67
146,34
151,-2
155,4
161,13
164,37
171,25
176,13
168,47
155,87
135,108
91,135
60,147
85,131
118,100
140,67
143,58
134,65
118,87
139,31
147,-23
152,2
156,6
159,5
162,-9
158,-41
160,-53
154,-74
141,-93
168,-29
179,8
176,-14
169,-51
163,-9
155,40
154,34
154,18
154,-7
148,-30
144,4
146,46
151,22
156,5
163,6
164,-19
164,-35
166,-47
150,-83
121,-122
108,-139
90,-152
98,-150
108,-145
100,-149
113,-130
100,-136
76,-148
96,-126
108,-108
130,-72
131,-68
95,-114
47,-139
-26,-141
-62,-134
-46,-143
-69,-133
-75,-132
-44,-152
-16,-166
2,-172
-21,-172
-38,-173
12,-174
74,-154
98,-136
121,-99
139,-59
127,-77
116,-92
136,-55
154,1
161,3
166,2
171,-1
172,-21
172,-36
171,-50
160,-80
118,-132
107,-144
129,-120
130,-116
91,-151
60,-167
17,-174
-25,-171
-73,-150
-131,-111
-133,-103
-149,-71
-159,-50
-138,-72
-96,-113
-73,-130
-50,-141
-69,-130
-75,-128
-22,-162
10,-173
30,-176
3,-180
4,-178
23,-176
-3,-176
-41,-169
-85,-152
-68,-151
-39,-157
-53,-150
-19,-148
13,-149
24,-148
6,-150
-23,-148
-67,-136
-93,-121
-75,-136
-77,-141
-73,-150
-53,-168
-43,-174
-53,-170
-58,-167
-102,-147
-135,-119
-141,-107
-144,-98
-130,-107
-148,-73
-155,-54
-152,-47
-153,29
-139,88
-137,78
-128,87
-110,111
-96,120
-88,121
-71,130
-55,138
-36,146
-16,150
30,145
65,138
84,130
95,124
79,142
64,154
0,168
-56,170
-33,175
35,174
108,140
150,99
168,58
178,23
176,23
173,13
165,29
141,66
113,100
129,74
134,63
125,80
127,80
109,108
90,136
92,140
89,146
79,159
73,162
29,174
0,173
-16,169
-12,164
-13,159
2,158
18,154
58,139
94,119
71,129
36,144
49,143
72,130
126,54
136,-47
124,-84
98,-111
102,-108
111,-107
114,-106
153,-49
167,34
158,79
90,124
11,153
0,153
-64,124
-135,56
-158,-25
-162,-58
-165,-54
-151,-95
-139,-106
-59,-138
15,-151
-26,-150
-54,-145
-69,-134
-84,-125
-67,-135
-72,-132
-80,-129
-84,-129
-24,-149
55,-163
58,-166
-8,-173
-62,-168
-72,-165
-76,-163
-121,-129
-161,-83
-158,-80
-100,-122
-41,-150
-12,-152
-17,-147
-63,-136
-79,-128
-81,-127
-48,-144
-22,-157
7,-166
58,-160
99,-148
123,-124
144,-95
149,-74
142,-87
130,-100
132,-80
122,-90
105,-109
132,-50
154,-4
149,-40
139,-66
159,-19
169,38
167,66
161,83
152,95
159,77
159,66
158,58
166,-6
154,-73
141,-90
105,-126
63,-156
77,-138
117,-92
132,-70
144,-34
154,23
158,39
162,-13
144,-68
121,-107
122,-115
93,-142
64,-159
91,-146
143,-101
163,-68
161,-66
152,-75
130,-102
123,-100
128,-86
59,-138
-27,-162
-65,-150
-105,-123
-138,-77
-162,6
-156,59
-127,103
-92,138
-110,105
-139,19
-145,-7
-124,66
-69,130
-56,138
-63,134
3,143
78,121
116,92
91,115
10,151
-59,161
-71,163
-61,167
-105,138
-134,112
-134,104
-129,103
-115,113
-100,121
-118,86
-144,25
-152,9
-153,30
-149,44
-125,89
-104,118
-63,144
-47,155
-75,145
-142,93
-164,70
-119,126
-51,171
12,177
-11,174
-33,172
-39,166
11,168
18,162
-47,142
-64,134
-103,98
-139,65
-130,80
-141,70
-166,35
-173,22
-174,41
-178,20
-172,-26
-160,-59
-135,-86
-115,-103
-71,-130
-12,-147
25,-152
24,-157
0,-159
-50,-151
-67,-150
-34,-165
29,-174
62,-167
71,-162
72,-157
26,-169
-16,-173
-35,-167
-54,-156
-9,-150
24,-149
31,-145
47,-142
52,-142
58,-143
49,-152
22,-160
11,-164
49,-165
30,-170
-40,-168
-41,-172
-39,-174
-91,-152
-115,-136
-93,-152
-91,-151
-83,-150
-94,-140
-104,-128
-87,-133
-86,-129
-101,-113
-80,-126
-60,-139
-44,-146
-31,-154
-5,-162
31,-168
39,-173
46,-175
67,-163
119,-117
145,-78
143,-72
146,-48
132,-71
109,-108
81,-127
50,-142
10,-150
-30,-145
-20,-146
-30,-147
