                    0,                     0
                    0,                     0
                32856,                 32856
             49907201,              48395825
            112966025,             131826699
            218415287,             233194823
            357159084,             298341555
            450968333,             315525183
            528047157,             307839351
            557167509,             283300576
            555115610,             267441188
            557547523,             270358232
            586735489,             271469067
            655272638,             248128932
            726874464,             207346671
            801351011,             135457475
            845570442,              47829963
            842773553,             -23560102
            823464761,             -27343899
            847474468,              54385090
            929259731,             174285692
           1114105831,             296186636
           1355382540,             353351490
           1600373421,             316968526
           1779221164,             200077255
           1865209865,              36105737
           1852194442,             -89608559
           1765957995,            -125828236
           1660908818,             -56970604
           1615394188,              75121087
           1672283002,             228568271
           1802068874,             317408137
           1957936088,             321924389
           2085666353,             252410845
           2142613374,             146625656
           2140874596,              61731664
           2111181771,               -913927
           2060691778,             -29881370
           2029251861,             -38966745
           2001706562,             -50960414
           1960972156,             -53345017
           1922625523,             -49736264
           1886965126,             -14718952
           1880328766,              35311649
           1905273926,             116743263
           1960393583,             166479108
           2061888115,             162696925
           2130835635,             102518240
           2142188910,              14946620
           2104710068,             -51285427
           2025827700,             -60250533
           1952818114,              -2268102
           1947318659,             105311503
           1998247263,             202719978
           2083091146,             255043653
           2195643332,             258063030
           2284431413,             201388904
           2307813953,              99455042
           2308726464,               4844193
           2270789199,             -75945770
           2225453621,            -141445079
           2181735971,            -183679263
           2120530352,            -216197799
           2048802585,            -227429877
           1962781959,            -207118836
           1883537080,            -132522648
           1836157309,             -32992784
           1864541275,              73566083
           1927948015,             169809681
           2033531416,             213784793
           2128499695,             190325106
           2185453361,             154609616
           2194337023,              90869858
           2189385248,              47025627
           2161528575,              24241847
           2153430103,              35797854
           2169404558,              47891584
           2205432832,              49365454
           2236606557,              31358824
           2251107838,               1559304
           2259267231,             -46166051
           2241746879,             -88977486
           2211734914,            -121694132
           2170121120,            -142807724
           2124926810,            -150916488
           2080024644,            -135548449
           2042445007,            -115167624
           2029271572,             -70645018
           2023269329,             -19396090
           2042954160,              24152798
           2083471672,              56865677
           2126509187,              68531193
           2171268902,              61382327
           2201604066,              33133756
           2209249578,             -16544531
           2196008157,             -54089803
           2167488782,             -65718589
           2134569563,             -68145871
           2102961981,             -56905082
           2092983458,             -34168211
           2093456491,              -2368362
           2106633382,              27014952
           2131251399,              65772777
           2165087788,              78933834
           2211684214,              82078586
           2246932500,              63931530
           2258512647,              18149456
           2248094215,             -23574779
           2229664786,             -49250659
           2196059101,             -52458413
           2161734051,             -31665684
           2155958484,               4464647
           2175550509,              32179203
           2215179312,              44722878
           2261461051,              38238258
           2296827729,              14196870
           2295942547,             -38128549
           2257338312,             -83033963
           2204717213,             -90168276
           2158545796,             -85808927
           2129170937,             -45806994
           2124657650,             -14450764
           2137097740,               9197762
           2157463586,              16439816
           2172987561,              12074035
           2183303203,              -1855162
           2171670446,              -8470224
           2163611975,              -7323850
           2164122908,             -16039556
           2156772809,             -22329267
           2161159353,             -38219576
           2158611727,             -51110389
           2136740318,             -69166125
           2092063721,             -80284108
           2051684772,             -72667456
           2022715032,             -45346205
           2000456315,             -11874553
           1997946373,              17711887
           2001273329,              45402717
           2004558121,              77588208
           2018430311,             112757538
           2037557461,             155173598
           2080574624,             212195044
           2163427163,             246910083
           2269828502,             244049744
           2386911452,             206718980
           2488596597,             127386863
           2512952244,              23053674
           2497569211,            -105941222
           2413544081,            -205365150
           2301087346,            -249538076
           2192816911,            -250462601
           2119877414,            -210611698
           2099616824,            -140288334
           2099174812,             -80906943
           2126640063,             -60524528
           2165111147,             -89134328
           2188869877,            -127541972
           2158397140,            -160576106
           2118176758,            -182932563
           2082971683,            -172047723
           2053937235,            -136961459
           2041842787,             -92038790
           2059801683,             -62220414
           2104048230,             -59770333
           2132386884,             -81456881
           2134594226,            -122057259
           2108644513,            -161404820
           2055275403,            -182681374
           1986271037,            -169752004
           1936947771,            -120670025
           1916128662,             -58844763
           1913240215,               4473877
           1932517225,              41724184
           1965193336,              75907741
           1981283259,              81019031
           1990515190,              69577615
           1974173768,              62199683
           1947733447,              69236252
           1918165018,              86422149
           1897124409,             121680243
           1885346460,             170888878
           1887435423,             206523335
           1902150469,             244373202
           1920884796,             295893628
           1949720622,             345950308
           1996172277,             398858387
           2057613762,             445767612
           2135616327,             484094276
           2232486061,             498219624
           2325427563,             469646489
           2429597966,             427394669
           2505048219,             349813496
           2548810736,             269385765
           2588488021,             194398494
           2597910166,             119725031
           2600412861,              58925516
           2598045736,               4963146
           2588205027,             -49930758
           2585080460,             -92979390
           2560167696,            -130148715
           2537121948,            -161710241
           2505772178,            -180116705
           2482109543,            -171290277
           2477601116,            -162412239
           2493063123,            -144310995
           2533602289,            -131607638
           2596980796,            -138914162
           2657254258,            -174810592
           2683854226,            -251564201
           2671581025,            -347226667
           2594538981,            -437888659
           2494590696,            -496793501
           2389426688,            -517827194
           2272452366,            -499796769
           2161715413,            -471562135
           2093669285,            -413595828
           2058862141,            -370888054
           2054781403,            -346352058
           2056926100,            -354043886
           2062821602,            -385615443
           2053763288,            -426257761
           2016824174,            -474723377
           1963766704,            -493525336
           1896217060,            -494582656
           1831990367,            -471169535
           1777867870,            -452545695
           1726770341,            -415869651
           1690964361,            -397122611
           1652879277,            -392283615
           1622208277,            -384776199
           1580030614,            -388378494
           1525706559,            -365737834
           1493010263,            -327626514
           1461494870,            -262302678
           1439891211,            -159878522
           1448880009,             -52689459
           1494973505,              77295152
           1566748678,             191868434
           1644280628,             280815368
           1739166970,             347862607
           1831177524,             411088815
           1909217095,             464597211
           1989461112,             505534781
           2075548785,             538351402
           2172426797,             548498311
           2281608118,             549217243
           2386975521,             528423207
           2487218810,             511446120
           2579675433,             458778270
           2640349697,             387084177
           2698792552,             312413466
           2735134414,             240075169
           2741288894,             158439045
           2728731686,              73745765
           2692281615,              17537162
           2634466258,             -35882460
           2582501713,             -65391816
           2526022137,             -75104318
           2459885645,             -67472188
           2403223435,             -47766114
           2364679152,             -14662369
           2336089836,              28869210
           2318652323,              76555750
           2313971825,             141729494
           2320025571,             203608474
           2335367879,             266303792
           2372525649,             307150561
           2424772416,             341600385
           2485371265,             366790645
           2541249093,             352480093
           2590357002,             314792100
           2628752907,             268590119
           2653340760,             213009999
           2643961822,             141559743
           2612113143,              78581248
           2548818085,              44838387
           2471998744,               6529232
           2390860132,              -3297472
           2318344114,              14936134
           2244900823,              69507012
           2176311153,             125030462
           2138944282,             190657952
           2127815389,             274718708
           2135223201,             355107416
           2167354192,             428906043
           2221878656,             481760647
           2272835704,             498242955
           2326391643,             520820941
           2386602603,             537812626
           2447143867,             533110836
           2492896196,             516968267
           2528088292,             499177767
           2553095967,             476760510
           2565938492,             454985418
           2565422053,             432421310
           2557343442,             410760368
           2541771752,             395379031
           2511692182,             384631142
           2466359019,             387715933
           2417704547,             407133593
           2372836893,             437673308
           2332457414,             478057870
           2292870592,             532186354
           2279229379,             597500287
           2286298685,             657054830
           2299296578,             707138436
           2323852567,             736890688
           2348688478,             755932092
           2377323841,             765570381
           2390435020,             770411693
           2386559891,             776975153
           2364571897,             783520842
           2330257832,             799730524
           2283689047,             835327033
           2248149034,             886065272
           2235434460,             926991419
           2234117981,             986913149
           2255117584,            1051646694
           2309184040,            1068897184
           2382134419,            1038208832
           2470681809,             985939102
           2559965371,             919579060
           2632009651,             821159457
           2706167436,             724570201
           2757346785,             613815436
           2786020813,             511921047
           2783420340,             411817212
           2769256447,             334196895
           2751875376,             277864794
           2726663472,             247163553
           2716182183,             237192404
           2714809304,             238317388
           2724788454,             246783776
           2738393315,             253062463
           2765984435,             252063471
           2799366271,             246802036
           2827739969,             239473903
           2856325958,             218372739
           2873546234,             190785006
           2882465708,             166343552
           2897416787,             148900548
           2903452346,             141622687
           2925589169,             139117213
           2948142445,             151495435
           2986149888,             156418985
           3027284770,             155398316
           3074706247,             164820270
           3127227138,             154674736
           3177656033,             133060534
           3204979855,             103725344
           3228129380,              56011115
           3245627789,              -3860664
           3253091162,             -64838617
           3245976314,            -120229805
           3254263197,            -163180489
           3260041375,            -194610727
           3263259655,            -230088056
           3269481121,            -247590099
           3278511882,            -263886737
           3298002831,            -266083820
           3312016996,            -255510384
           3330941917,            -238830377
           3353310083,            -225645630
           3378855178,            -205483640
           3408202612,            -182678017
           3430438788,            -156950872
           3453589412,            -131672317
           3473310072,             -96394410
           3490085533,             -48405132
           3509788868,              -8206329
           3518321376,              27984684
           3523576488,              70997824
           3534062916,             121931040
           3547949458,             164150341
           3558539787,             202408628
           3560477569,             248518271
           3568813978,             294735025
           3565532510,             347318933
           3562272201,             389769467
           3558091156,             433267474
           3567447472,             474190896
           3568241028,             508228146
           3563742923,             548949403
           3540783037,             591948611
           3513983987,             638735950
           3461939344,             681384174
           3410325728,             735744206
           3340970133,             782779471
           3260069849,             829630985
           3183253283,             881577176
           3094118762,             929298372
           2993799385,             983505614
           2912724909,            1040358734
           2840188034,            1082009273
           2782332334,            1140041066
           2729990397,            1184985354
           2696349824,            1232039474
           2679274004,            1269530440
           2686822364,            1302318230
           2695101001,            1336115401
           2704700907,            1351042382
           2721457513,            1358700154
           2720561083,            1353093539
           2711199422,            1351312609
           2684815900,            1334766680
           2642276051,            1317242817
           2580516148,            1312807709
           2521496339,            1299697960
           2445230181,            1276592719
           2366769832,            1265362207
           2280158163,            1267069951
           2211968925,            1272607440
           2160453570,            1280067444
           2122125070,            1300978709
           2077601416,            1310880068
           2035519853,            1313600419
           1991149959,            1304954163
           1952492381,            1300527696
           1910467809,            1273362159
           1859299433,            1234552979
           1798207665,            1185773480
           1728819475,            1114680383
           1666250514,            1040099055
           1576763726,             975679520
           1484495866,             912865296
           1408091546,             873419436
           1347335801,             851776268
           1286528738,             848217582
           1229959048,             877646746
           1192954781,             916441995
           1180341065,             966067259
           1188864766,            1029044093
           1220082721,            1083835992
           1280382275,            1120491572
           1357507167,            1134891067
           1457170447,            1136567201
           1553317154,            1123705676
           1651961570,            1091528640
           1735321807,            1036578735
           1818521432,             996706438
           1869619673,             966132362
           1908723918,             944529444
           1931447759,             935287684
           1939160094,             951662023
           1948902228,             977940626
           1949642910,            1013773413
           1964505647,            1060150942
           1980379088,            1106549872
           1999254901,            1153957032
           2028415479,            1195705442
           2067564127,            1210046438
           2110896201,            1228452329
           2135638813,            1249917479
           2182276621,            1263829565
           2211549705,            1283670329
           2260707549,            1285742925
           2303452085,            1281394122
           2337823136,            1285992419
           2368363618,            1285133827
           2383878569,            1270974060
           2376849393,            1245273392
           2354785606,            1222882027
           2329720511,            1183260989
           2271328921,            1141517125
           2198013568,            1085567667
           2120786100,            1037629887
           2042227737,             986515573
           1966283241,             951025114
           1899214380,             921138003
           1823386424,             889185548
           1770036424,             866942330
           1733099241,             825284105
           1709159329,             786963985
           1697896641,             729485437
           1712443832,             652077004
           1719145379,             539429398
           1745334088,             414351917
           1770830102,             285026172
           1794384995,             129672883
           1828649670,             -12081470
           1867054962,            -144845748
           1853374746,            -274742262
           1855858903,            -379716815
           1857916413,            -457834424
           1833236784,            -537008609
           1818533757,            -604049289
           1800363168,            -654698357
           1783761041,            -704156927
           1787842103,            -737008681
           1807578445,            -748853752
           1835132718,            -740305084
           1878554885,            -713375082
           1941483289,            -653378939
           1998285227,            -553458917
           2069767705,            -441286823
           2139448688,            -334921250
           2216357135,            -235484818
           2270388775,            -130762950
           2337923092,             -57796208
           2387734488,              13400606
           2432557729,              95841999
           2466162972,             154748238
           2487621328,             194015917
           2521572667,             220801145
           2556752355,             233053548
           2578053602,             238056595
           2606429959,             243134419
           2628151926,             243890964
           2652735478,             235356859
           2673431069,             226298916
           2685528184,             208739144
           2708199925,             203370389
           2729743449,             194474458
           2754677142,             185468416
           2774470048,             183005901
           2788105449,             189591199
           2805574515,             197727806
           2816434840,             207118895
           2817093230,             233013046
           2818991236,             262019779
           2829752066,             272098719
           2830822696,             288795890
           2831842844,             314720418
           2834575352,             348844633
           2843137896,             378641012
           2853487012,             402330677
           2867380046,             434877257
           2900286036,             453373535
           2926645770,             480550339
           2951854519,             520691769
           2982823536,             559338851
           3013089616,             596778258
           3040225047,             624409251
           3066828695,             668197753
           3093832421,             705106177
           3108130315,             747741521
           3114567623,             780673448
           3106548798,             818016887
           3086294497,             853389427
           3062336654,             872283654
           3029701126,             890764684
           2976669017,             889308030
           2919619949,             859398742
           2834387775,             817517027
           2762261335,             766770615
           2657714757,             684021685
           2551806007,             592447438
           2475585931,             503575813
           2419071838,             421365952
           2367903571,             340697378
           2328797227,             267900559
           2289193305,             190550279
           2272502725,             142939286
           2284385646,             119950896
           2304926742,             110120393
           2325788047,             118351753
           2359305223,             134085419
           2388082948,             157044202
           2412088066,             180298779
           2444031766,             207916236
           2462624954,             224749058
           2477400431,             245515463
           2489510365,             264188904
           2514912747,             258535076
           2544467122,             247514051
           2571089450,             233045592
           2594289627,             189329551
           2622942128,             153873036
           2634879116,             116680192
           2653304582,              59127465
           2667540886,              25643083
           2677770363,              -4569742
           2670641406,             -33526071
           2657284113,             -58558436
           2622612863,             -76961828
           2573169070,             -94350106
           2502182494,            -104483276
           2409018114,            -118774819
           2300827478,            -114664012
           2178909105,            -138837462
           2067979321,            -133915745
           1963695863,            -138920955
           1874550916,            -147048296
           1801849798,            -148535732
           1746358245,            -143686900
           1704432473,            -125146860
           1686326461,             -83156928
           1678120345,             -11734125
           1673123913,              69673671
           1692465519,             188790167
           1700783856,             297233418
           1701804790,             429008573
           1681195945,             560615886
           1671201533,             646434297
           1649128038,             718783230
           1602765911,             776375828
           1555147359,             820286735
           1507427293,             853710305
           1466235152,             888643861
           1438059359,             893650102
           1438454455,             895457000
           1460080981,             896183363
           1508662109,             889648581
           1590613906,             860093038
           1687652814,             843939635
           1784722607,             822617228
           1877934069,             823221457
           1963370878,             819956919
           2046813287,             824082216
           2098057821,             830058479
           2138004079,             842367945
           2167307747,             860778776
           2186479123,             864364765
           2201626203,             869880660
           2207706005,             864632662
           2223281779,             859039412
           2238236884,             841885394
           2254906572,             821434797
           2272581647,             805829902
           2292331797,             791091692
           2317899962,             799505256
           2329896072,             818987810
           2346827325,             844387133
           2362711966,             873636185
           2372053369,             913885584
           2372638617,             954620786
           2348911122,            1005397664
           2314558828,            1048093787
           2273041633,            1082396777
           2226743785,            1111730841
           2161474315,            1137375198
           2098001182,            1165045856
           2021831768,            1176952943
           1963256121,            1192632484
           1897144250,            1195364200
           1823709991,            1197716643
           1768476741,            1191272069
           1712625859,            1182568746
           1650180725,            1164684223
           1587011188,            1162944553
           1533967595,            1158355833
           1484478702,            1152891239
           1435582295,            1148960278
           1395821681,            1151555964
           1362401553,            1152140595
           1325556185,            1148651627
           1276216492,            1123702971
           1237027772,            1104776759
           1196693223,            1067611332
           1165559989,            1020820533
           1144954151,             977192841
           1147168787,             919700501
           1149416802,             854117057
           1164946433,             807406532
           1191901589,             754632298
           1229170373,             728448449
           1286657621,             701974371
           1329311766,             694547485
           1371315305,             697170738
           1398090551,             714401645
           1407164028,             739326862
           1392632260,             766497868
           1366559201,             786623849
           1330257691,             777100091
           1302395662,             739915864
           1281883816,             674681418
           1278157019,             592960834
           1316531938,             465565779
           1387788787,             344804319
           1495881533,             242475203
           1626584772,             166878933
           1775303376,             100954979
           1927217774,              62957445
           2065485437,              62938470
           2190916923,             113697423
           2293745700,             157542156
           2380099991,             214679839
           2436232165,             288399897
           2475038639,             361373798
           2510337916,             424581098
           2540170004,             510327555
           2554342783,             579780851
           2565549733,             655380847
           2574923282,             728091990
           2577024942,             790682397
           2562933712,             855695988
           2536947784,             917473888
           2492615796,             982394583
           2424550713,            1017659839
           2365216073,            1057033632
           2308034569,            1090561936
           2250004701,            1097920194
           2195249034,            1099860424
           2155044578,            1095429793
           2118777054,            1090790104
           2099798788,            1089167455
           2086282277,            1082248173
           2076441832,            1084226854
           2076402964,            1086326932
           2075247390,            1102455069
           2070857641,            1127063304
           2065317236,            1144496008
           2051534579,            1165619686
           2024434709,            1179966409
           1994416828,            1192477850
           1949546573,            1187104220
           1912969927,            1174386950
           1890816943,            1153249496
           1859854841,            1107754907
           1851478870,            1059835784
           1857023630,            1002553104
           1895533758,             960434813
           1943337322,             925160770
           2013156152,             903759297
           2093048815,             901890822
           2156351192,             922156886
           2226628312,             958231229
           2267164469,            1006424884
           2283081143,            1053415347
           2257671919,            1104474099
           2214114646,            1149736088
           2154848934,            1164747979
           2080542974,            1164843451
           1996194787,            1134470807
           1913014357,            1092459303
           1837215928,            1032352527
           1755442772,             958689643
           1697543176,             868778681
           1656174008,             776576881
           1639587334,             684699325
           1640180269,             582014866
           1655121715,             485189247
           1697841767,             403079822
           1771284174,             324804158
           1845879733,             266939120
           1935537570,             228660307
           2031543280,             227628087
           2101278817,             274009867
           2166845952,             337280884
           2186247454,             411508402
           2183868126,             482950142
           2135784978,             546187825
           2059179201,             570444821
           1984795656,             576096182
           1915552215,             540065894
           1863479686,             478664952
           1836770080,             412468133
           1828321456,             341546578
           1844315955,             278414952
           1862907308,             232467995
           1888584924,             219181278
           1903593149,             228444798
           1896516406,             240236061
           1882822694,             249049918
           1865273244,             242700662
           1841555637,             232610369
           1815798736,             193912002
           1794013878,             144306461
           1806031645,             106807436
           1819084354,              80535037
           1834089028,              68502822
           1835560346,              63672488
           1817816979,              62520002
           1798135257,              46141670
           1781556350,              16876064
           1772610194,             -27766945
           1788558064,            -102082771
           1837995595,            -183846677
           1934253126,            -246538702
           2028422286,            -278646046
           2139622320,            -292797322
           2246953767,            -263246315
           2325797842,            -186152082
           2372298139,            -104277494
           2397822588,             -48991585
           2411314472,             -14298944
           2422873899,              11636916
           2460569730,              25050926
           2517310244,              48716990
           2595554583,              74090190
           2678435253,             138988398
           2725375636,             238353743
           2751461855,             355327529
           2727763711,             493746756
           2600501359,             583417993
           2449320789,             643112772
           2266458305,             634513657
           2091923740,             562618663
           1971967374,             447482967
           1897129384,             335938842
           1877034773,             202552495
           1901868106,              94225004
           1947716147,              20904279
           1999414339,             -39210198
           2062417248,             -76360782
           2121186642,             -95311527
           2172751391,            -112191916
           2239097226,            -109152058
           2304224168,             -96398567
           2368883999,             -69160541
           2436217967,             -18157732
           2475945678,              67793007
           2496129765,             146904141
           2479339909,             235557451
           2432027381,             312827903
           2319714034,             374602938
           2221239157,             392777929
           2143518993,             354058619
           2091041893,             284900514
           2076373305,             229702110
           2110514563,             185463911
           2155485706,             152834728
           2213865012,             160394273
           2258562785,             183403647
           2263091707,             233805442
           2238584603,             297554737
           2178375112,             341004537
           2112569732,             358654321
           2049811182,             339732145
           1998643709,             303024254
           1960800175,             247591220
           1951680147,             185635140
           1958951443,             127846741
           1970666176,              69444959
           1997512060,              30787955
           2026638022,                478139
           2058572744,             -31448625
           2094288066,             -61318182
           2138469483,             -85760501
           2180403123,            -101231484
           2219687331,            -110150683
           2267022240,            -108758140
           2325212404,            -110195357
           2381630911,             -96866485
           2434292370,             -80632431
           2477352651,             -43155306
           2519977085,              -1200467
           2550680047,              47852824
           2574232592,             106063743
           2574029585,             166769971
           2576024800,             223763871
           2567727166,             281736681
           2549128250,             356444691
           2535023232,             413445200
           2504749514,             455619618
           2475244163,             513822677
           2421637374,             547327294
           2353352914,             567110692
           2273921482,             558639058
           2202240199,             521479738
           2147407765,             466741140
           2135123421,             404884401
           2129567897,             348317629
           2146996288,             309780281
           2166572398,             293771235
           2171138485,             281000064
           2158598776,             274941462
           2128751923,             260256618
           2106411549,             226543877
           2107742926,             173735217
           2132704126,              98404426
           2202867245,              27939324
           2294150744,             -11061874
           2398707165,              -4724875
           2496067972,              61772258
           2556114626,             163888160
           2567706783,             277486850
           2533446303,             363638563
           2481331972,             426444964
           2396998245,             459634743
           2330619910,             452215573
           2273726664,             423152222
           2254506804,             383511660
           2260529749,             351570419
           2279411970,             340260826
           2310093198,             333732154
           2332258600,             359465153
           2341149485,             384399971
           2326625379,             418417480
           2283934438,             430900374
           2226786342,             433220379
           2178265754,             397949661
           2144276549,             330884696
           2131621395,             235724932
           2189357138,             146720047
           2281572521,              97881718
           2407928217,              95059674
           2516616241,             138739946
           2568299681,             238668456
           2581949899,             356562442
           2513572524,             463220024
           2379195738,             518447275
           2229711622,             514975855
           2101341184,             426712662
           2051243548,             309039965
           2049000879,             165105012
           2117665188,              74886506
           2222084333,              11841847
           2325687419,               6833971
           2424860791,              44068457
           2472017661,             127029092
           2477706101,             239503606
           2452503351,             322332340
           2380312535,             368676590
           2307391847,             393758658
           2239029599,             370795677
           2197060311,             323091536
           2183499671,             247611672
           2208549057,             192241166
           2264076174,             149292761
           2324329891,             144659996
           2379911557,             164325051
           2421299260,             205801644
           2435894497,             256846904
           2408805656,             327129116
           2366885669,             369353868
           2316751809,             377530956
           2251531973,             377681993
           2205381979,             341792945
           2181516766,             302701836
           2177982556,             268221416
           2184430664,             236167529
           2197721871,             228219833
           2197343005,             212459133
           2193482833,             198308688
           2195093585,             170614725
           2216132404,             145213879
           2260305669,             112782809
           2327681345,             102915794
           2395750237,             138990349
           2474403333,             187893029
           2519069861,             261162670
           2502233731,             373297451
           2440976687,             459885159
           2324775303,             494419255
           2211151389,             471347504
           2131682001,             393599796
           2088359367,             281762720
           2096151057,             196805450
           2139432173,             140232113
           2192119559,             126621032
           2233886861,             140040201
           2241789791,             164109045
           2247357171,             181481183
           2247107231,             174647401
           2275539192,             164796338
           2302537706,             172107142
           2327072563,             212348482
           2335789316,             264664567
           2307099082,             313241179
           2242199751,             315772607
           2177681933,             260604990
           2157907348,             153446083
           2228472872,              46277271
           2366855407,             -13810660
           2525141038,              27468112
           2628124214,             166160768
           2609167250,             347442229
           2495625093,             485584313
