                    0,                     0
                    0,                     0
                    0,                     0
             -1342432,                   914
             35962695,              40642902
            105408927,              96201657
            196999611,             143419793
            322276156,             160294806
            475865112,             135915128
            615152277,              16442479
            703232517,            -261675584
            135390377,            -793652403
            215839786,            -783875221
            317952036,            -844791355
            421623149,            -907873769
            467997639,            -960473552
            492330856,           -1003778210
            480652742,           -1022631738
            464884938,           -1011624942
            466305611,            -968910001
            480928931,            -915605240
            524723400,            -867477961
            577832045,            -834098659
            640449714,            -819168863
            693856408,            -825662157
            727123368,            -847462733
            741466652,            -866760963
            736217790,            -868898419
            723611219,            -848153141
            719226625,            -809176341
            735831344,            -764289472
            781136035,            -719770039
            848366661,            -697277987
            907969005,            -703882041
            955467903,            -738833545
            973797930,            -782091932
            950899010,            -837303979
            880170514,            -884709814
            763133591,            -873539263
            636080986,            -815490687
            533866346,            -785848120
            469128853,            -722859148
            435312858,            -661616705
            452094949,            -587062358
            492460698,            -522154347
            576432257,            -456974696
            657721265,            -439733395
            741192697,            -473567041
            778059515,            -524581405
            780091048,            -566185196
            752574541,            -581804113
            727416874,            -554104555
            733086944,            -500195640
            766854780,            -454591888
            821655490,            -425706713
            887216408,            -415688467
            950595738,            -434365558
            991478921,            -485116833
           1004815253,            -551661794
            977516622,            -608784737
            928864666,            -662362651
            872674001,            -702470421
            819453705,            -712776852
            776592167,            -703018323
            735740605,            -676793145
            715934865,            -641572143
            714338257,            -592589279
            745286268,            -539821376
            797524902,            -485737899
            862828157,            -452222149
            943920545,            -457880339
           1016986916,            -493030914
           1080685665,            -567732573
           1045529728,            -676529314
            953091434,            -804456745
            676785196,            -838572507
            623472839,            -543737737
            735567398,            -536332800
            909970112,            -618210964
           1006123640,            -763732168
           1005555968,            -857924417
            970117318,            -938552108
            885344964,           -1000778835
            781306169,           -1019307592
            684142542,            -993550025
            596458115,            -948738124
            544333596,            -859093178
            512430111,            -757077036
            541120916,            -659321082
            602177453,            -545914996
            699420405,            -492183995
            839973292,            -444738800
            959788842,            -468969045
           1052034408,            -531398110
           1078144494,            -648606520
           1029624320,            -777296325
            925963155,            -876685881
            792097630,            -867826608
            677488846,            -786268166
            576695201,            -619477359
            629565176,            -443479196
            669177770,            -319446919
            799675817,            -243080942
            932903846,            -181375839
           1058847469,            -199281277
           1165485630,            -255405105
           1239691399,            -372164062
           1201486071,            -494192768
           1133769383,            -602412579
            985916858,            -664636247
            869363182,            -599080221
            800607331,            -465771274
            839205998,            -342053941
            958070513,            -292105293
           1090912740,            -325372875
           1199036160,            -383884170
           1240897785,            -477798824
           1181294735,            -557285209
           1072543030,            -597835672
            967785118,            -543013535
            859437963,            -485239295
            838869906,            -312277014
            904704391,            -135625257
           1108518913,               1727702
           1412306049,             -70912571
           1590051653,            -270673798
           1655911118,            -700744869
           1067870881,            -752103553
            751359556,            -422993908
            560098707,           -1037112731
            309531487,           -1111216732
            245797257,           -1416606033
            183201853,           -1505306581
             76935808,           -1484597720
            -32291041,           -1417234112
           -102835698,           -1292104567
           -119193250,           -1159449304
            -84470206,            -979164254
             -1011648,            -827112686
             99905102,            -695807020
            194424482,            -583631103
            276942320,            -510512881
            360693904,            -439015757
            438736884,            -403298751
            504565341,            -393783889
            567068624,            -397830761
            621953240,            -413671438
            654196557,            -434137029
            674596560,            -468589753
            671545415,            -494297114
            649321216,            -514147112
            606343125,            -510629075
            557999714,            -478043719
            524618115,            -412543142
            532375552,            -291771639
            622610578,            -143038807
            746831235,            -137089342
            817111616,            -235975616
            822149866,            -337287874
            742663524,            -377290490
            647021555,            -351349357
            568861276,            -289042517
            529648002,            -158098753
            568328566,              26490117
            676259137,              94766872
            791901809,              55436427
            851631954,             -47435440
            818307197,            -119065484
            762118112,            -147465658
            701043087,            -144847897
            662565149,             -97920243
            640381920,             -30929483
            640658105,              48157813
            695903374,             150525968
            783704545,             233375706
            987181543,             310099758
           1323028364,             242893570
           1380347203,             -53158484
           1249729921,             -64323599
           1152619106,              37832654
           1093361370,             125914537
           1080016198,             209122141
           1097497815,             297124766
           1157125168,             372692342
           1219511466,             435242723
           1281779983,             497636354
           1342636570,             536577565
           1390804580,             560922906
           1452802505,             575650811
           1500824251,             577830407
           1559622637,             554911182
           1616255748,             522025665
           1651870957,             479724161
           1687209026,             411071576
           1713769598,             334405974
           1718539895,             265583888
           1706707047,             190774321
           1703755602,              80752666
           1648627706,             -35876135
           1611364170,            -134135941
           1564223103,            -238622506
           1468770567,            -303807827
           1328770066,            -395661869
           1109539221,            -434451202
            799292936,            -132845457
            773466676,              36474049
            864388030,              87256130
            952387639,              75825287
           1005602812,              40474574
           1041903556,             -14377763
           1043353821,             -59226481
           1028605997,            -102518272
           1000011373,            -134066850
            966477855,            -153658046
            921157123,            -163508598
            862675867,            -155644440
            804600790,            -115688760
            731342053,             -30607556
            668127527,             142302731
            741131714,             525766255
            730608798,             445968096
            713870719,             359755130
            671070714,             302816718
            624908249,             282509378
            575363847,             271054144
            521994258,             291338124
            477469255,             314527393
            419479991,             366090936
            367954777,             412929373
            300533384,             470192159
            242025811,             512468949
            203440706,             532873987
            170780030,             552267684
            156823529,             566747917
            151968029,             591954291
            146705050,             618234453
            154408543,             646324703
            175210876,             680195896
            204081518,             711192201
            238786005,             739453354
            285751436,             763717579
            331131150,             788659073
            383133801,             808562883
            438972243,             825310798
            503087519,             844175686
            576326204,             848053295
            643211196,             846922266
            710648877,             837232500
            779816950,             823511522
            842497179,             802424805
            894157747,             760543261
            958550138,             704411208
           1000407158,             640983871
           1024904130,             575897719
           1027433885,             505022555
           1011008353,             428564984
            955657296,             371797602
            887280918,             317460452
            812177040,             300354224
            727211140,             311882679
            644474501,             345191889
            579344695,             401754386
            552667559,             481503241
            550634871,             567861735
            559414814,             643522410
            578605603,             707790261
            627191090,             773404126
            688954033,             827988057
            785113821,             866984769
            877587422,             894202937
            975431181,             882524619
           1059613888,             827603630
           1138422163,             753347077
           1185477333,             663166426
           1204281855,             566652817
           1179122432,             498594429
           1128130998,             428652930
           1054257245,             409007592
            990405031,             388349620
            939071315,             407723721
            892226110,             437917949
            863301600,             475088359
            847039406,             513871921
            847146646,             562638847
            861099257,             613786310
            885530443,             660577282
            922025874,             695026973
            966337769,             712320214
           1038352030,             730271193
           1124967183,             751033087
           1217903595,             752647937
           1315045267,             721041598
           1415187572,             671572862
           1529475395,             586145296
           1622757298,             417809658
           1739766897,             215446358
           1669144587,               6999277
           1544262030,            -127577433
           1415388487,            -199084263
           1286988668,            -188762139
           1190145356,            -125315547
           1128373505,             -57526614
           1084198914,              31328621
           1060916593,             104043299
           1055357986,             182114206
           1072592180,             262558694
           1108982623,             336797779
           1161827010,             408798396
           1242886127,             470975864
           1355401262,             523426195
           1510363729,             575269524
           1911159413,             625775048
           1867291216,             736434532
           1801946738,             775704640
           1767857720,             816858452
           1744845384,             849589373
           1746356968,             875132070
           1753339271,             901118210
           1761325532,             924003353
           1777981752,             937317743
           1801189131,             939887483
           1828386597,             938292133
           1860277370,             929117227
           1892901924,             912095877
           1930565270,             884741565
           1972438801,             842604296
           2003910028,             790834574
           2027494776,             724780357
           2037551370,             630581662
           2022649899,             519331374
           1962628479,             389357306
           1803815099,             181595839
           1165233424,            -321574913
           1100992871,            -245098165
           1423737294,             -62745485
           1598863480,             -61360784
           1736754428,             -87855388
           1827496680,            -118226533
           1902812544,            -185468588
           1990030545,            -289374501
           2045761129,            -459809634
           2131165667,            -725573368
           2353735452,           -1128797053
           2451134730,           -1291226294
           2599683549,           -1296963607
           2699299815,           -1253499005
           2772828157,           -1243103700
           2817807093,           -1229758763
           2839425268,           -1225641365
           2847673586,           -1228650312
           2840054067,           -1235931097
           2831007289,           -1259172604
           2817887827,           -1290059030
           2791187833,           -1323979030
           2762703594,           -1366058800
           2733090117,           -1419935482
           2730710948,           -1491560462
           2704351177,           -1591409004
           2671595102,           -1715329865
           2706971831,           -1929583346
           2799396890,           -2082876816
           3072157890,           -2061094412
           3141419362,           -1983823094
           3226248300,           -1895347041
           3291555545,           -1846056503
           3326637829,           -1781855905
           3350909386,           -1719562065
           3376326878,           -1647258634
           3386977135,           -1584751369
           3391768381,           -1505234546
           3384465606,           -1446417791
           3364499117,           -1395288087
           3359298432,           -1317130938
           3346329180,           -1247946847
           3330001236,           -1198076182
           3323107331,           -1142544506
           3314222859,           -1067166338
           3295831157,           -1017480191
           3278014962,            -936550881
           3256627149,            -872450524
           3242146862,            -787491023
           3239367983,            -707257266
           3241311182,            -627778099
           3217233991,            -536348325
           3187634794,            -447517319
           3123618993,            -357141482
           3065634386,            -288713399
           2991886658,            -231946230
           2922948973,            -182724975
           2850570133,            -136010582
           2780576815,             -96001585
           2717255101,             -65969866
           2649128678,             -38963697
           2592163331,              -8831735
           2536412530,              14816362
           2486567597,              39447538
           2439394169,              72717701
           2398108818,              97944634
           2366309574,             140126697
           2356170783,             193894927
           2352723267,             253218444
           2382776051,             338669109
           2496125975,             414862068
           2835901694,             549668459
           2732804100,             174031240
           2623394587,             139536732
           2478810611,              93236097
           2363838788,              59029503
           2257437471,              37908934
           2173028484,              39039170
           2092489370,              41991718
           2020713909,              43995980
           1951949165,              58054652
           1878831933,              88073862
           1820572191,             110929287
           1759035357,             151887539
           1663617173,             192466752
           1560172305,             253173261
           1424361669,             240277176
           1322820914,             240795197
           1241388291,             202844291
           1177413475,             164757844
           1132739242,             127087220
           1099636572,              90112564
           1067051142,              69805278
           1034784458,              46877021
           1005000791,              33067407
            979796299,              24062144
            952104440,              22860724
            924031451,              31590279
            901153875,              54255341
            881250976,              93315395
            880147388,             152293692
            893311468,             217769113
            946002157,             277136328
           1025760958,             317432997
           1099860816,             325371733
           1187203415,             332047691
           1257064558,             313809110
           1331944612,             278336498
           1408248659,             238898425
           1489646757,             198608589
           1584922188,             141885765
           1744273076,              57228072
           1992986748,             -12806547
           2028593198,              68106782
           2058554045,             143326305
           2056629683,             188344597
           2056189297,             211302103
           2054204156,             226422453
           2057036703,             241857867
           2062690196,             245253443
           2069250084,             249966890
           2071856121,             257545780
           2084798071,             263905402
           2093193900,             273411063
           2120708217,             282307037
           2159263783,             282540962
           2227154926,             299287398
           2328415063,             321359809
           2497725940,             317938309
           2676447736,             180989497
           2626989171,              -8646138
           2526127260,            -115981640
           2458257675,            -176899762
           2392844618,            -224426609
           2313737161,            -267028836
           2242648495,            -295838610
           2159848281,            -323551696
           2078517837,            -341432222
           1983053539,            -362956323
           1865523949,            -394744479
           1749405792,            -417312134
           1644077165,            -498868659
           1572936170,            -605690144
           1558352903,            -677393809
           1565583464,            -745164492
           1574092669,            -800982560
           1585533274,            -834281214
           1597578494,            -872491324
           1609198534,            -902718510
           1621759775,            -926743393
           1627837165,            -954786648
           1631876793,            -982969175
           1636774509,           -1006073857
           1634539784,           -1035847781
           1633650712,           -1070278214
           1625750445,           -1107496252
           1616810075,           -1170847037
           1587180222,           -1271867621
           1611220086,           -1435547767
           1725994712,           -1509809524
           1841784568,           -1474209844
           1904205749,           -1432166395
           1947246317,           -1374674037
           1987074920,           -1306926810
           2019798160,           -1259599118
           2051195391,           -1210131855
           2076692585,           -1163771386
           2110117108,           -1117373987
           2149051799,           -1071682369
           2178405731,           -1015656563
           2203943832,            -959259151
           2239169268,            -900527487
           2299058090,            -823903882
           2394573830,            -760580656
           2552890481,            -698908578
           2714926838,            -657219217
           2867776859,            -623132451
           3067774930,            -625845066
           3210737726,            -686127174
           3362742815,            -804223463
           3462524591,            -931069633
           3619891967,            -962191925
           3730717534,           -1024255399
           3871820644,           -1077371508
           4091497978,           -1030114911
           4309892519,            -893918401
           4540683256,            -750325545
           4632746000,            -573358121
           4568010177,            -389677526
           4564663490,            -240510912
           4674584147,             -60527296
           4631077916,             104976691
           4581303018,             210463982
           4536708611,             301918952
           4552794270,             440975432
           4571122489,             569920240
           4607003692,             645446044
           4637200249,             667899613
           4636498093,             714059468
           4633537060,             740325171
           4622277980,             749951138
           4606441675,             749376501
           4588414278,             756489731
           4568834279,             761610097
           4539805585,             778553995
           4507958273,             796061081
           4455595942,             826276367
           4379388905,             873054202
           4274556088,             968699278
           4135853016,            1024944143
           3952245463,            1075094154
           3792884310,            1061881126
           3681923379,             994835878
           3560392325,             911460212
           3472150311,             839321663
           3376809221,             754602632
           3284775572,             659619367
           3203409834,             560890589
           3122380130,             459865653
           3051454473,             346207407
           2971560085,             242789283
           2889477126,              95106180
           2852310057,            -162271373
           2929363730,            -373712711
           3082238086,            -427762505
           3196816664,            -378963766
           3281640792,            -325653323
           3337323355,            -257106060
           3376005525,            -203494014
           3421986811,            -142666555
           3511059279,               1176123
           3583098953,             165496033
           3723788291,             401450050
           3821874090,             345847816
           3928192403,             280981137
           3976673013,             198239545
           3972148471,             102027804
           3989453807,               8780623
           3975774185,             -99293725
           3964718473,            -203120274
           3989395850,            -319255492
           3987679211,            -449822818
           3935738823,            -616056306
           3853591376,            -740290106
           3765951270,            -801354870
           3667722485,            -832212262
           3576529588,            -857830381
           3490714464,            -874527738
           3405813481,            -887838000
           3322906118,            -897581178
           3234967903,            -910933036
           3152472134,            -923406355
           3054641632,            -940922089
           2931413795,            -950985383
           2805908557,            -971824705
           2681833165,            -929487897
           2610351687,            -862156615
           2564164548,            -812201076
           2537109697,            -768929659
           2511861148,            -729780108
           2485125054,            -701517086
           2450185195,            -667405108
           2420223832,            -643044659
           2385700696,            -616968058
           2341187490,            -588244757
           2291274005,            -560940843
           2227124126,            -520466227
           2135836741,            -461913271
           1981325614,            -382261398
           1581469914,            -249044121
           1581104380,            -202829028
           1699052624,            -192667535
           1790360334,            -209040776
           1845399138,            -232354005
           1907659244,            -238873165
           1952278241,            -239547017
           2002914018,            -227218760
           2037268636,            -223405570
           2074364510,            -204422221
           2137327952,            -167231976
           2208552781,            -100773851
           2320143610,              -2226128
           2537128428,             128311902
           2956755908,             354992199
           3136843003,             205443549
           3340023642,             146949119
           3415365432,             -15820783
           3545230553,            -140025054
           3677790848,            -270664601
           3789097118,            -308928685
           3913671624,            -156487347
           3921428907,             -21331897
           3917250508,             106257582
           3896276672,             202113334
           3821689037,             292628629
           3751317884,             351399678
           3645465113,             382372712
           3551925496,             413569966
           3460928180,             431832892
           3361888834,             443989469
           3272922960,             455125962
           3171586153,             459388933
           3077588593,             463742606
           2988869924,             456274457
           2881900202,             445244998
           2783469008,             439524850
           2679145342,             428852989
           2579786939,             411017096
           2460837212,             389394920
           2354104613,             382695819
           2239505703,             353307675
           2127897962,             323340813
           2010167841,             300681820
           1894013321,             288547754
           1796337881,             266724756
           1700311553,             247873946
           1604128872,             204307881
           1515143867,             164327315
           1428184616,              95456000
           1360812943,              21365763
           1308302257,             -68880068
           1289917480,            -172193659
           1295480489,            -303260407
           1327697607,            -420591276
           1420897850,            -550993346
           1502440625,            -614535885
           1641141696,            -658139646
           1780314736,            -645756588
           1922584387,            -590669729
           1992652027,            -456382584
           1952557036,            -332806602
           1858132721,            -273507059
           1755645016,            -242331588
           1650787038,            -271554704
           1600232640,            -327815597
           1558042113,            -401405300
           1547809595,            -463038505
           1549702304,            -522254460
           1569415135,            -568933375
           1599378877,            -606479394
           1644823976,            -632362337
           1676067447,            -651896851
           1712711155,            -655172391
           1750028840,            -640682119
           1779354907,            -624135589
           1814888426,            -598708496
           1834264991,            -567236018
           1853794899,            -519194540
           1873153864,            -471222354
           1883207497,            -419404903
           1883405381,            -367015213
           1889041295,            -303627263
           1886712010,            -235998104
           1881003512,            -181625279
           1866899435,            -123667124
           1839511581,             -78609364
           1805463867,             -35441482
           1749208186,               2644797
           1688244607,              48082289
           1619795887,              68002442
           1539037485,              99420017
           1433377164,             104340519
           1312962077,              97390707
           1159339381,              64541141
            971478656,             -25157981
            647588846,            -109773660
            249587735,            -450603427
           -673414521,            -436286842
           -688813370,            -384051381
           -698246894,            -250035215
           -717871870,             -82216617
           -770565413,              31470405
           -841073176,              87485542
           -927368098,             106980308
          -1018473071,             104262082
          -1092863980,              68576711
          -1163695288,             -32432829
          -1196810951,            -132648121
          -1200133325,            -292540308
          -1150897566,            -439987763
          -1080944565,            -565052527
           -938581933,            -641593894
           -820931816,            -683293483
           -692069404,            -683930177
           -600375709,            -672425482
           -527649256,            -645962205
           -470588401,            -616814979
           -427050569,            -587346867
           -406102217,            -559252264
           -393087396,            -533624516
           -389710320,            -516305853
           -396666009,            -510903215
           -404827083,            -522120370
           -418009050,            -535785830
           -428593801,            -563782986
           -444190385,            -597377886
           -447369419,            -650755794
           -451344266,            -705155081
           -437435407,            -770691733
           -417872080,            -836843500
           -380227956,            -912069905
           -332040843,            -989827394
           -271051091,           -1046802954
           -193161870,           -1100138717
           -105269516,           -1135671442
            -19278681,           -1152202156
             63968558,           -1126874491
            123962739,           -1087542885
            165156910,           -1033019714
            175044108,            -991814247
            166574270,            -944962191
            132853820,            -919738935
             93161449,            -916482543
             47633359,            -935109024
             15741457,            -975717592
                41766,           -1035840582
              2661289,           -1120065962
             23098772,           -1204396904
             82211275,           -1303100607
            230966398,           -1423098806
            513007289,           -1430514655
            756996643,           -1104580516
            576788212,            -938688142
            329569980,            -908664589
            231020997,           -1007032785
            160285192,           -1106685616
            117324257,           -1216943210
            143858776,           -1349913716
            270146068,           -1507164851
            438507446,           -1669329582
            912563769,           -1802897625
           1005030647,           -1910253806
            846095807,           -1992722323
            809422729,           -2062755517
            810344947,           -2121728138
            839797600,           -2171439597
            884747248,           -2213816504
            938402379,           -2235734344
            998723971,           -2233944209
           1074591664,           -2224423755
           1147218521,           -2198788433
           1223258038,           -2137546848
           1272061259,           -2049623086
           1326578816,           -1933287902
           1365481932,           -1778082790
           1392799910,           -1549275779
           1433097893,           -1362030140
           1528599660,           -1298091529
           1596306635,           -1258457411
           1631972404,           -1235119572
           1656538111,           -1197358214
           1672682383,           -1158384477
           1674545580,           -1122621032
           1659054335,           -1097832663
           1634001465,           -1073016173
           1600234215,           -1062100279
           1563499854,           -1064729661
           1527870968,           -1079786368
           1499670120,           -1102663013
           1475497151,           -1139151590
           1474037275,           -1178877760
           1490301536,           -1216791858
           1524141784,           -1256900291
           1581934672,           -1293273839
           1671810561,           -1310359526
           1760243415,           -1316437114
           1843670000,           -1308348729
           1915018838,           -1279080838
           1979170711,           -1245004642
           2016736292,           -1209773133
           2040266931,           -1149694236
           2041250194,           -1098623260
           2025421062,           -1039313913
           1991013441,            -994289720
           1923579383,            -962347371
           1856557919,            -950678647
           1779515382,            -969343561
           1721563928,           -1012467868
           1683104282,           -1078927690
           1698673647,           -1171793478
           1781214321,           -1241012784
           1850701577,           -1265610987
           1918459486,           -1217338402
           1945297514,           -1152483384
           1909100717,           -1083924425
           1845923600,           -1022912480
           1776852189,           -1022163299
           1706829609,           -1033047114
           1654416436,           -1067713786
           1612835796,           -1120458437
           1592714893,           -1186415267
           1601830785,           -1255981856
           1616244530,           -1320270042
           1674492421,           -1387825862
           1761807484,           -1448023816
           1849063157,           -1497831232
           1937750662,           -1541496376
           2035668756,           -1567260246
           2114382596,           -1571870254
           2213365207,           -1559445874
           2314463264,           -1541565263
           2383396401,           -1512794623
           2470346116,           -1464830919
           2546958944,           -1401148589
           2579256160,           -1338851460
           2612517305,           -1253400485
           2633304291,           -1156418411
           2620419313,           -1083736173
           2588127433,            -988552099
           2522879052,            -882492027
           2472256454,            -785532737
           2405011732,            -706056838
           2332225127,            -645474084
           2255146122,            -556440356
           2197376597,            -539945794
           2117155195,            -505284985
           2045258471,            -512205378
           1962088008,            -533218230
           1887896128,            -576235669
           1831253467,            -637526527
           1794772655,            -711549590
           1793008999,            -812731221
           1820505525,            -927805844
           1941957656,           -1031863058
           2216117721,           -1147093018
           2491942541,           -1345893746
           2414687785,           -1416065839
           2352919253,           -1506822678
           2343290360,           -1569734763
           2351861212,           -1620888645
           2384976314,           -1654622097
           2420852565,           -1665153086
           2458959041,           -1654367073
           2489168434,           -1618173238
           2508646742,           -1556483460
           2503742254,           -1498713250
           2476177134,           -1431390654
           2431667378,           -1370596144
           2349141001,           -1318775937
           2239854236,           -1301451730
           2141564000,           -1340074436
           2043405237,           -1429012780
           2038659732,           -1574836810
           2212387059,           -1743011427
           2354222433,           -1766297958
           2473153579,           -1692018226
           2494599052,           -1543489467
           2469657622,           -1422569255
           2378912756,           -1357467796
           2291040950,           -1353940927
           2223598960,           -1390035776
           2183623939,           -1447432586
           2166325928,           -1503887625
           2178356850,           -1543591901
           2221243123,           -1560365679
           2265104584,           -1554802930
           2300705487,           -1531662628
           2320847372,           -1486322520
           2322339822,           -1439183224
           2299231548,           -1392536665
           2257959615,           -1361759788
           2209913558,           -1346336321
           2162556015,           -1358488627
           2128748835,           -1385195515
           2117987232,           -1422387657
           2128209495,           -1448277448
           2154089709,           -1467359431
           2191410723,           -1464459321
           2234814445,           -1442223559
           2259954881,           -1394139830
           2260560754,           -1338013709
           2231388508,           -1261882513
           2181446330,           -1214717993
           2108859906,           -1193493206
           2022968662,           -1203413856
           1965701086,           -1261653521
           1940070255,           -1327440017
           1961823367,           -1397613123
           2043905058,           -1445721348
           2122261894,           -1445449345
           2197870850,           -1414845469
           2250999942,           -1347967795
           2265536070,           -1258925748
           2236399017,           -1178940699
           2154998653,           -1110948654
           2073098787,           -1083820600
           1991755584,           -1111556426
           1896455644,           -1170697073
           1837278409,           -1280792724
           1832002748,           -1420396759
           1900222422,           -1552879769
           2058315546,           -1675478497
           2378628581,           -1649744326
           2517474148,           -1957243384
           2562786394,           -2132610198
           2650088959,           -2233144108
           2735238995,           -2246753550
           2803294128,           -2225903820
           2843961048,           -2167507460
           2876661576,           -2086074807
           2891937103,           -2003609329
           2876850320,           -1924287505
           2828663154,           -1852364948
           2775374478,           -1810752250
           2702727804,           -1781634334
           2647989091,           -1791710996
           2608362657,           -1818347892
           2593548078,           -1851518018
           2609254338,           -1876549902
           2661567019,           -1868403764
           2721836992,           -1810222474
           2799163061,           -1656195291
           2706052294,           -1393350319
           2586787814,            -895454177
           2615750469,            -967894743
           2778825852,            -918271437
           2827862839,            -825591371
           2817641721,            -730609930
           2768746056,            -662346313
           2690279774,            -641861107
           2625746124,            -663531830
           2590153607,            -710976214
           2586226504,            -749731700
           2601976276,            -766501739
           2622142427,            -759975609
           2631081475,            -734127327
           2621635050,            -701203855
           2594570229,            -671688014
