-1,0
-2,0
-21,-40
-45,-30
-55,10
-41,40
-5,47
18,45
46,18
44,0
37,-30
11,-48
-19,-43
-46,-21
-52,5
-32,35
-14,50
15,45
42,26
54,3
41,-37
21,-44
-11,-56
-39,-33
-58,-10
-47,19
-26,39
1,45
33,40
41,17
49,-12
27,-40
2,-52
-28,-47
-49,-26
-47,5
-36,24
-23,44
15,49
32,32
47,9
50,-30
24,-46
6,-57
-31,-42
-45,-26
-48,6
-40,30
-20,55
16,40
39,29
48,11
46,-18
20,-47
0,-54
-31,-41
-49,-21
-55,7
-34,33
-20,49
13,46
31,36
45,17
48,-22
35,-36
11,-56
-18,-45
-41,-34
-48,-7
-39,20
-36,41
-5,50
28,39
39,20
51,-1
43,-22
22,-47
0,-50
-22,-41
-48,-27
-49,2
-39,17
-25,41
-2,48
28,38
43,20
56,-1
41,-24
18,-45
-2,-55
-29,-43
-43,-25
-49,-1
-47,26
-21,39
-1,46
22,41
39,30
50,1
49,-19
25,-38
0,-45
-19,-43
-37,-28
-49,-16
-55,13
-41,35
-14,39
15,46
30,37
44,16
47,-8
38,-25
24,-41
7,-47
-22,-43
-43,-33
-46,-1
-42,19
-31,38
-12,50
10,46
29,31
46,13
43,-7
33,-32
26,-48
1,-47
-22,-49
-33,-38
-46,2
-48,15
-28,31
-26,39
-3,48
29,45
38,20
57,5
43,-15
35,-38
7,-36
-4,-56
-31,-48
-47,-28
-51,4
-44,13
-40,34
-15,51
5,43
26,43
38,25
52,10
40,-17
40,-36
16,-52
-7,-52
-32,-51
-43,-32
-44,-4
-53,5
-39,28
-26,40
-3,54
12,46
34,27
45,20
45,-6
43,-30
34,-32
7,-46
-7,-42
-30,-41
-45,-31
-47,-10
-55,11
-38,29
-28,45
-5,50
16,45
27,31
52,17
50,3
47,-17
38,-36
16,-42
-5,-50
-21,-52
-32,-31
-43,-28
-48,4
-47,15
-36,35
-24,41
5,55
16,51
37,43
45,14
50,7
42,-19
37,-38
20,-51
5,-49
-15,-51
-34,-44
-44,-24
-51,-13
-48,6
-46,21
-25,42
-18,46
4,57
21,40
35,26
42,25
49,-3
46,-19
35,-26
25,-47
9,-48
-15,-46
-24,-46
-40,-31
-47,-15
-42,4
-42,22
-46,35
-24,44
-9,44
12,44
22,37
44,37
40,13
50,-3
49,-20
34,-31
29,-42
11,-46
-13,-54
-25,-52
-40,-38
-40,-25
-39,-16
-52,12
-51,20
-30,33
-22,46
-1,49
7,50
27,40
34,40
48,15
51,4
46,-14
42,-23
33,-40
13,-49
3,-52
-10,-42
-22,-46
-40,-40
-48,-20
-48,-8
-43,2
-41,24
-33,30
-27,43
-4,51
1,49
19,42
33,35
45,27
49,17
49,5
54,-19
42,-29
39,-36
20,-47
7,-51
3,-48
-14,-45
-25,-37
-36,-30
-37,-17
-53,-13
-51,6
-46,19
-40,31
-36,40
-18,48
2,49
10,48
23,45
28,34
39,24
47,10
44,-1
52,-13
49,-28
35,-34
22,-41
15,-49
4,-52
-11,-51
-22,-45
-36,-43
-41,-27
-43,-25
-50,-5
-53,4
-51,24
-42,20
-35,35
-26,43
-10,50
4,50
7,48
27,43
30,35
38,27
47,18
48,10
52,-4
44,-11
42,-22
42,-44
32,-42
18,-47
7,-53
1,-56
-9,-46
-17,-50
-30,-44
-40,-33
-46,-27
-48,-12
-43,-7
-54,9
-45,19
-34,21
-36,39
-28,42
-24,41
-8,45
-8,48
8,50
14,46
28,47
37,39
40,30
43,18
55,12
53,1
51,-8
42,-9
41,-26
36,-31
29,-33
21,-46
17,-52
7,-48
3,-51
-14,-47
-22,-44
-26,-45
-34,-42
-37,-34
-43,-26
-49,-20
-52,-11
-48,-5
-54,8
-43,18
-40,18
-43,24
-35,38
-34,38
-17,45
-12,54
-11,46
2,50
10,53
19,56
17,54
26,37
35,32
37,28
42,25
46,19
49,13
52,6
44,-7
47,-11
46,-19
41,-24
42,-26
31,-32
30,-43
22,-52
18,-47
12,-58
8,-51
4,-57
-5,-53
-5,-54
-24,-46
-20,-48
-34,-41
-37,-36
-35,-33
-48,-29
-54,-35
-45,-21
-53,-20
-49,-19
-50,-9
-50,1
-51,7
-52,14
-42,12
-44,19
-44,28
-38,26
-38,39
-32,31
-26,41
-22,42
-22,45
-17,47
-10,45
-7,46
-3,45
-2,47
8,51
10,44
1,46
19,50
17,42
18,41
27,39
28,34
37,39
38,39
41,29
43,23
34,27
43,8
32,17
48,18
49,14
50,7
46,0
46,-4
53,-4
41,-12
53,-9
49,-10
46,-22
48,-24
48,-12
43,-28
46,-30
43,-28
40,-25
33,-29
39,-26
31,-37
29,-44
30,-39
31,-36
26,-40
31,-37
23,-39
22,-41
24,-43
21,-45
26,-40
15,-48
17,-48
22,-49
13,-46
14,-53
5,-54
9,-53
5,-56
12,-50
1,-51
10,-48
5,-51
1,-52
2,-55
5,-50
1,-53
3,-51
-2,-46
-1,-49
3,-52
5,-57
1,-52
-6,-55
-1,-56
-1,-54
-3,-57
0,-62
2,-43
-3,-46
-7,-50
-2,-49
2,-54
-6,-46
4,-50
0,-54
0,-53
1,-54
7,-52
9,-49
5,-50
9,-46
1,-53
8,-52
8,-46
17,-50
2,-45
12,-53
13,-50
11,-50
17,-45
18,-45
18,-45
16,-50
27,-46
26,-45
28,-40
26,-45
27,-40
29,-43
31,-40
42,-36
29,-36
39,-35
44,-32
37,-30
41,-30
37,-35
44,-26
42,-24
48,-23
45,-20
44,-17
42,-12
46,-6
46,-7
52,-6
44,7
51,1
44,8
43,9
50,23
49,24
47,24
40,25
41,29
43,32
35,29
32,35
22,41
26,42
27,40
15,44
9,42
15,42
10,47
2,48
-4,50
-4,51
-18,51
-19,46
-18,47
-22,46
-29,44
-28,40
-35,33
-39,32
-39,24
-49,20
-45,18
-49,13
-51,2
-52,6
-44,2
-47,-5
-48,-12
-51,-18
-41,-21
-36,-27
-37,-34
-36,-32
-31,-34
-23,-40
-19,-40
-13,-47
-14,-47
-1,-49
9,-48
12,-47
18,-51
22,-51
29,-39
28,-37
40,-40
39,-26
46,-20
45,-15
52,-9
53,1
52,6
48,11
48,21
49,26
39,33
38,35
22,43
15,43
7,48
2,46
-2,48
-5,47
-18,45
-19,47
-35,40
-32,35
-38,33
-46,22
-48,14
-50,10
-52,-2
-50,-15
-43,-20
-42,-24
-37,-34
-35,-33
-24,-47
-20,-42
-6,-53
4,-50
11,-50
14,-50
31,-40
33,-41
40,-28
37,-20
51,-8
50,-1
44,4
39,16
43,29
31,28
33,47
26,51
17,43
-1,49
-1,49
-13,49
-20,41
-28,30
-37,26
-45,22
-49,6
-48,-2
-51,-6
-43,-24
-39,-26
-36,-41
-25,-46
-12,-47
-9,-52
9,-45
18,-47
27,-47
35,-33
39,-27
46,-24
45,-10
50,4
46,17
34,25
32,31
29,46
13,47
0,56
-13,44
-15,46
-29,46
-40,33
-46,25
-42,12
-46,2
-50,-13
-45,-27
-34,-33
-34,-43
-16,-55
-2,-48
9,-52
23,-40
34,-39
43,-36
40,-16
47,-8
50,6
39,15
37,22
29,38
20,50
4,58
-11,49
-14,43
-36,43
-48,29
-52,18
-52,0
-49,-8
-48,-20
-40,-37
-22,-44
-14,-50
-6,-51
13,-48
28,-48
35,-38
40,-21
52,-1
50,16
43,27
39,36
28,46
14,45
-6,46
-26,46
-29,41
-42,26
-46,12
-45,-4
-47,-14
-44,-29
-32,-38
-22,-51
-8,-50
14,-59
22,-45
37,-42
49,-27
54,-14
49,13
42,23
34,39
13,47
-4,48
-14,45
-28,48
-39,35
-43,15
-50,3
-49,-22
-43,-28
-27,-45
-12,-54
-1,-60
25,-52
28,-41
40,-30
50,-7
53,9
44,20
33,39
18,45
2,46
-15,44
-26,37
-49,23
-49,9
-46,-4
-47,-28
-32,-37
-16,-43
-4,-49
21,-52
29,-49
37,-29
50,-13
48,6
44,33
25,38
17,47
-3,51
-12,37
-34,37
-50,18
-52,-3
-38,-20
-40,-33
-14,-48
-2,-55
11,-43
27,-40
49,-21
46,-9
44,6
43,23
26,44
8,41
-10,48
-26,43
-39,23
-51,10
-55,-7
-42,-36
-24,-44
-7,-54
2,-45
29,-40
42,-32
39,-8
41,5
43,31
28,41
7,45
-14,46
-24,34
-44,22
-50,7
-48,-19
-33,-41
-20,-47
0,-49
13,-45
38,-37
38,-10
44,8
46,31
20,44
9,51
-15,46
-31,37
-48,23
-44,4
-47,-22
-29,-45
-17,-49
3,-54
29,-41
37,-27
48,-1
43,16
29,36
21,41
-1,51
-26,39
-42,29
-54,6
-53,-15
-35,-34
-15,-47
-1,-43
31,-37
41,-23
46,-8
45,13
32,39
11,49
-2,46
-33,35
-46,19
-53,0
-45,-20
-32,-43
-9,-51
12,-51
24,-34
38,-14
44,1
39,36
18,42
-1,55
-19,43
-38,25
-48,10
-42,-14
-27,-39
-18,-56
6,-52
32,-36
38,-17
49,2
45,29
19,45
-5,54
-25,40
-42,22
-49,12
-48,-24
-30,-41
-7,-52
14,-46
40,-29
42,-14
41,18
33,35
3,51
-17,44
-36,37
-42,22
-49,-15
-27,-33
-21,-48
13,-53
38,-38
52,-7
45,12
28,35
15,40
-6,45
-40,39
-49,17
-50,-10
-33,-31
-14,-51
17,-47
38,-38
45,-15
48,6
33,39
13,51
-14,43
-38,30
-44,6
-50,-26
-27,-38
-4,-49
24,-46
41,-28
47,-3
39,28
16,49
-13,48
-31,39
-52,18
-52,-5
-40,-32
-18,-49
9,-49
32,-29
49,-8
43,13
22,39
5,42
-25,41
-40,23
-46,-6
-44,-33
-11,-55
14,-51
32,-30
45,-9
37,20
27,43
-7,51
-23,47
-55,20
-44,-9
-44,-34
-9,-51
21,-49
39,-26
48,-1
41,23
16,49
-14,46
-32,31
-49,8
-47,-24
-27,-45
1,-51
30,-36
47,-15
47,17
29,40
4,47
-28,41
-51,15
-53,-14
-38,-43
1,-52
24,-41
44,-24
52,9
32,39
2,48
-18,48
-50,21
-56,-12
-37,-39
