0,0
0,0
-1,0
0,0
0,-1
1,0
1,0
1,-1
1,0
0,0
0,0
0,1
0,1
0,0
0,-1
0,0
-1,1
0,0
0,-1
0,-1
0,0
0,2
0,1
0,0
0,0
0,-1
0,0
0,0
0,1
1,1
1,1
0,0
0,-1
1,-1
1,-1
-2,0
-2,0
1,0
2,0
0,0
-1,-1
-1,-1
-1,0
-1,0
0,1
0,2
0,0
0,1
1,1
1,0
1,0
1,0
0,-1
0,-1
0,0
0,0
1,1
1,0
0,0
0,-1
-1,0
0,1
0,1
-1,1
0,0
1,-1
0,-1
0,-2
-1,-1
-1,0
0,1
1,-1
1,0
0,-1
0,0
0,0
0,0
0,0
0,0
1,0
0,-1
-1,-1
0,0
0,1
1,1
0,-1
0,0
0,1
1,1
1,1
-1,1
0,0
-1,0
-1,0
0,0
-1,-1
-1,0
-1,-1
0,-1
0,-1
0,-1
0,-1
1,0
1,0
1,0
0,1
1,0
0,0
-1,0
-1,-1
-1,-1
-1,0
-1,0
-1,0
0,-1
-1,-1
0,0
0,0
1,0
1,1
0,0
0,0
0,-1
0,-1
0,-1
0,-1
0,-1
0,-1
1,-1
0,0
-1,0
-1,-1
-1,-2
-1,0
0,0
0,0
-1,0
0,0
0,-1
1,-1
0,0
0,1
0,1
-1,0
0,0
0,0
0,-1
2,0
1,1
1,0
0,0
-1,0
0,0
1,1
0,0
-1,0
-1,0
0,-1
0,0
-1,1
-2,0
0,0
1,1
1,0
1,1
0,1
-1,1
-1,1
0,0
1,0
0,0
0,-1
0,0
0,0
-1,0
0,0
0,0
-1,0
0,-1
2,-1
1,-1
0,-1
-1,-1
0,-1
0,-1
-1,-1
0,-1
-1,-2
0,-1
0,0
0,0
0,0
0,0
-1,0
1,1
1,0
0,1
1,0
0,0
0,-1
0,0
-1,0
-1,-1
-1,0
0,0
0,1
0,1
1,0
0,-1
-1,-1
-1,0
0,1
1,0
1,0
1,0
1,0
0,0
0,1
0,0
0,0
0,0
0,0
0,0
-1,0
0,-1
-1,0
-1,1
-1,0
-1,-1
0,0
0,0
0,0
1,-1
0,0
0,0
0,0
0,0
0,-1
0,0
1,0
1,-1
-1,0
0,1
1,0
1,1
1,0
-1,0
-1,0
-1,0
0,0
-1,-1
1,1
1,1
0,0
1,1
0,0
-1,-1
0,0
0,0
-1,0
-2,0
0,1
0,0
0,0
1,0
0,0
0,-1
0,-1
0,-1
0,1
0,1
1,0
0,0
-1,0
0,1
0,1
1,0
1,1
-1,0
-1,0
0,1
1,0
0,0
0,0
0,0
0,0
0,0
0,-1
0,-1
0,0
0,0
0,-1
-1,1
-1,1
0,0
0,0
1,0
2,-1
0,0
0,0
0,0
0,-1
0,0
1,0
0,0
0,0
0,-1
0,-1
1,0
0,0
0,1
1,1
0,1
0,0
0,0
0,0
1,0
1,0
0,0
-1,1
0,2
1,0
-1,0
-1,1
0,1
0,1
0,2
0,1
-1,0
0,0
0,0
1,0
2,1
1,1
-1,-1
-1,0
1,1
-1,0
0,0
0,0
0,0
1,0
-1,0
-1,0
-2,0
-1,-1
0,0
0,1
-1,0
-1,-2
0,-1
0,-1
0,-1
1,0
0,1
0,0
0,0
-1,0
0,0
0,-1
0,-1
1,0
2,0
1,-1
-1,-1
-1,-1
-1,-1
0,0
1,1
0,1
0,1
0,0
0,-1
1,-1
0,0
1,1
1,0
2,-1
0,-1
0,-1
0,0
-1,0
0,1
1,1
0,0
0,0
0,-1
0,-1
0,-1
1,0
1,0
1,0
0,0
-1,0
-1,-1
0,0
-1,0
-2,0
-2,0
-1,-1
0,-2
0,-1
-1,0
-1,1
0,1
0,0
0,0
0,-1
0,-1
-1,0
0,0
0,1
-1,0
-2,1
-1,1
0,0
0,0
0,-1
-1,-1
-1,1
-1,0
-1,0
0,0
0,0
-1,1
0,0
0,0
0,0
0,-1
1,-1
1,1
1,2
1,0
0,-1
-1,-1
-2,1
-1,1
0,0
0,0
1,0
1,0
1,1
0,0
0,0
0,-1
0,0
0,0
0,-1
-1,-1
0,-1
0,0
0,0
0,0
0,-1
-1,-1
-1,-1
0,0
-1,0
-1,0
0,-1
0,0
1,0
0,1
0,2
1,1
1,1
0,-1
-1,0
0,-1
0,-1
0,-1
-1,0
0,-1
1,0
1,0
1,-1
1,0
0,0
-1,-1
0,0
-1,1
0,0
1,0
0,0
-1,1
1,1
1,1
1,0
0,-1
0,-2
0,-1
1,0
0,-1
-1,0
-1,0
0,0
1,0
0,-1
0,0
0,1
0,0
0,-1
-1,1
0,1
1,0
1,0
0,0
0,0
1,0
-1,-1
0,-1
-1,0
0,1
1,0
0,0
0,0
-1,0
-1,0
0,0
1,1
0,0
0,0
0,0
-1,1
-1,1
0,1
0,0
1,0
0,1
0,1
0,0
0,-2
-1,-2
0,0
0,0
0,0
-1,0
-1,0
0,0
0,-1
0,-1
0,1
0,0
1,-1
1,-1
1,0
0,0
-1,0
0,0
0,0
0,0
0,0
0,1
0,2
0,1
1,0
1,1
0,0
0,-1
0,-1
0,0
0,1
0,0
0,-1
1,0
-1,0
-1,0
0,1
0,0
-1,1
0,-1
0,0
0,0
0,0
0,0
0,-1
-1,-1
0,-1
0,0
0,1
-1,0
-1,0
-1,0
-2,0
-3,0
-3,1
-3,2
1,4
3,5
1,6
1,8
8,6
14,1
16,5
17,9
13,15
4,21
-5,22
-9,24
-6,26
3,26
7,25
-8,23
-14,24
-13,25
-15,23
-24,7
-24,-12
-20,-20
-16,-25
-8,-28
-4,-29
1,-30
4,-30
2,-31
3,-30
-2,-30
-4,-30
-14,-28
-16,-29
-20,-24
-27,-16
-25,-21
-29,-15
-32,-9
-30,6
-30,4
-23,-21
-14,-32
-16,-31
-24,-26
-28,-20
-29,-17
-24,-21
-17,-30
-16,-32
-18,-30
-17,-31
-10,-34
-24,-20
-36,-5
-38,-4
-35,-7
-28,-23
-24,-31
-25,-30
-24,-30
-18,-35
-20,-32
3,-32
27,-28
16,-36
5,-40
4,-40
-10,-38
-32,-23
-40,-1
-39,15
-39,6
-29,-22
-4,-39
16,-39
18,-41
13,-42
4,-43
21,-37
34,-29
40,-24
42,-18
44,-7
44,-10
45,-6
46,4
45,-14
44,-9
41,19
26,37
5,47
-11,46
-30,37
-33,36
-41,27
-45,21
-48,2
-50,2
-49,-9
-50,-14
-52,-6
-53,6
-50,-6
-48,-22
-51,-19
-50,-21
-51,-14
-48,-18
-36,-39
-16,-50
7,-55
20,-53
36,-42
30,-47
4,-56
-22,-53
-35,-45
-18,-53
-1,-59
13,-59
12,-59
-11,-59
-27,-55
-39,-48
-32,-51
-24,-58
-42,-45
-46,-40
-26,-55
-27,-57
-46,-44
-59,-28
-62,-23
-53,-30
-22,-56
9,-63
-2,-65
-25,-62
-51,-29
-54,31
-39,58
-33,59
-4,65
34,56
55,43
56,44
65,31
68,23
52,39
15,67
7,73
0,68
-47,45
-70,22
-75,13
-76,7
-75,9
-75,8
-73,-10
-65,-39
-70,-22
-71,27
-67,41
-52,57
-12,74
30,72
64,41
80,10
81,-2
81,-10
80,-5
78,26
63,51
24,76
-28,73
-68,49
-75,37
-54,63
-66,43
-86,-3
-87,-13
-74,-44
-72,-54
-73,-54
-57,-67
-15,-84
35,-79
67,-63
75,-56
81,-39
92,-6
96,-5
95,-12
90,-31
86,-40
86,-41
89,-38
95,-27
94,-32
90,-41
84,-52
79,-50
4,-80
-71,-65
-63,-74
-26,-98
-9,-103
-32,-94
-82,-40
-87,44
-45,92
-29,96
-77,30
-99,-35
-100,-38
-108,-9
-103,25
-99,-2
-66,-68
9,-101
39,-103
70,-67
90,25
79,78
83,77
58,92
-4,107
-48,98
-89,39
-103,-40
-110,-40
-113,-27
-80,-70
-58,-102
-86,-75
-111,-3
-110,-11
-109,-52
-99,-61
-77,-92
-92,-81
-83,-84
-6,-101
71,-96
104,-64
117,-39
121,11
107,58
58,103
8,126
-11,129
-18,127
-52,113
-79,102
-100,72
-126,26
-128,24
-108,73
-97,88
-117,61
-118,67
-115,60
-122,-16
-111,-74
-93,-98
-114,-66
-131,-4
-128,42
-123,-16
-105,-84
-122,-62
-134,-41
-135,-37
-138,9
-132,46
-132,44
-114,80
-72,117
13,133
51,133
70,120
121,71
107,81
58,130
76,125
92,113
66,128
83,115
76,121
37,138
-7,144
22,145
31,146
58,130
123,63
119,75
101,110
99,108
69,132
69,136
42,143
-4,150
-20,152
-32,141
-90,107
-29,133
-17,141
-97,113
-113,104
-56,137
6,156
36,152
97,117
100,105
-9,137
-67,140
-55,146
-91,126
-85,127
9,141
106,108
95,116
-3,140
-92,116
-141,49
-154,35
-148,57
-135,78
-111,114
-95,124
-122,96
-137,83
-145,49
-155,-10
-135,-77
-130,-96
-139,-81
-145,-66
-140,-76
-131,-90
-87,-129
-48,-152
-21,-147
46,-150
35,-157
20,-160
55,-151
112,-96
147,-58
119,-104
136,-78
144,-69
145,-68
143,-71
152,-10
160,21
160,-20
148,-62
156,-37
152,21
117,102
87,136
73,145
112,115
136,89
130,98
148,41
143,-62
94,-129
68,-150
55,-154
-10,-158
-90,-128
-141,-80
-150,-69
-153,-58
-139,-70
-119,-107
-139,-82
-157,-30
-163,1
-162,8
-144,69
-119,111
-63,145
7,162
7,159
-46,153
-59,149
-71,142
-63,150
-63,151
-75,142
-36,153
-5,161
-45,154
-66,149
-78,139
-121,97
-153,45
-140,74
-110,114
-131,86
-143,69
-154,38
-157,-13
-146,-55
-115,-110
-99,-128
-82,-138
-72,-145
-100,-122
-133,-85
-125,-100
-140,-77
-158,-22
-141,53
-73,133
8,154
83,130
136,77
156,34
161,-1
160,-21
159,-16
152,-37
112,-107
88,-135
62,-143
-14,-153
-53,-146
-114,-103
-147,-62
-144,-63
-126,-95
-121,-101
-133,-86
-146,-37
-141,53
-147,22
-152,-28
-144,-48
-140,37
-69,128
43,142
125,86
143,63
114,100
114,99
136,76
151,28
148,37
124,91
65,132
-23,145
-87,124
-105,114
-74,136
-102,105
-145,40
-151,41
-150,44
-155,17
-152,-24
-109,-91
-35,-145
-4,-157
5,-157
41,-150
43,-150
45,-150
46,-150
-2,-154
-44,-149
-64,-141
-85,-130
-83,-132
-107,-113
-95,-122
-41,-142
2,-151
-72,-126
-104,-115
-91,-127
-40,-144
22,-151
2,-154
-57,-134
-133,-53
-129,58
-82,128
-107,97
-145,50
-131,77
-99,120
-61,143
-62,138
-111,102
-141,35
-148,-2
-119,81
-121,91
-140,68
-148,22
-155,-11
-149,25
-120,92
-78,131
-97,112
-133,73
-99,109
-68,138
-74,137
-60,142
14,145
85,125
116,95
148,46
153,3
153,-16
147,-42
151,-25
151,-29
148,16
105,88
-8,137
-83,128
-118,85
-142,-10
-142,-47
-148,15
-153,27
-142,56
-116,98
-135,60
-152,34
-141,61
-81,120
-14,154
5,156
-7,155
0,156
17,155
-7,150
-41,149
-50,147
-62,141
-84,129
-89,127
-76,134
-56,144
-21,154
16,155
30,153
15,154
41,140
114,99
114,104
124,83
143,53
130,86
117,103
131,82
149,45
155,6
155,-15
154,-12
128,-67
110,-99
123,-93
94,-123
69,-140
78,-133
100,-117
118,-99
107,-113
111,-111
98,-120
64,-140
18,-151
-44,-148
-55,-145
-40,-149
-28,-154
-62,-142
-91,-128
-106,-115
-132,-79
-148,-46
-154,-18
-135,-55
-78,-124
-53,-144
-105,-103
-136,-67
-119,-96
-117,-100
-111,-107
-132,-81
-133,-76
-147,-28
-155,7
-153,4
-152,-27
-153,-22
-154,9
-153,22
-154,21
-149,43
-128,84
-123,92
-136,74
-148,32
-146,30
-135,62
-149,-1
-135,-56
-112,-103
-124,-92
-92,-117
-59,-137
-107,-105
-121,-96
-91,-124
-76,-136
-92,-125
-126,-85
-151,-26
-144,47
-122,94
-135,55
-149,15
-141,57
-139,62
-100,109
-45,147
-4,157
32,152
98,104
144,-4
147,-33
152,19
150,45
153,32
152,-2
143,-47
152,-18
156,-13
153,5
151,31
151,-15
144,-54
145,-41
129,-76
135,-35
129,59
138,9
138,-62
144,-1
149,43
147,52
142,58
141,53
119,92
102,116
73,137
60,144
92,121
141,55
153,-8
153,-21
148,-43
141,-59
146,-38
147,-48
152,-13
154,14
155,-18
152,-8
146,46
146,56
149,43
145,52
113,97
105,114
135,74
152,29
156,7
156,11
154,-4
135,-70
108,-111
73,-136
67,-141
90,-126
111,-110
88,-127
16,-148
-36,-152
-63,-140
-46,-145
-41,-150
-60,-143
-93,-118
-142,-41
-147,39
-128,88
-130,78
-91,113
-36,150
-44,148
-83,125
-108,100
-32,135
52,140
74,135
57,143
13,148
-69,127
-118,96
-81,127
-40,151
-63,138
-103,114
-127,76
-149,26
-148,28
-142,-40
-138,-71
-134,-76
-122,-87
-130,-68
-151,15
-153,33
-136,66
-51,126
76,119
98,113
104,107
135,76
103,103
41,145
45,148
49,148
54,146
58,139
-1,151
-3,154
24,151
27,153
51,146
92,124
94,124
104,116
138,61
137,48
80,119
33,142
-58,131
-83,131
-75,134
-25,142
-6,149
-61,141
-100,114
-131,69
-145,-15
-143,-61
-141,-68
-130,-78
-127,-82
-126,-74
-106,-111
-121,-96
-84,-115
34,-123
127,-73
141,-67
138,-74
122,-95
101,-115
113,-102
118,-99
113,-105
111,-105
92,-122
71,-131
-12,-147
-76,-133
-79,-132
-48,-146
-11,-147
61,-136
106,-108
138,-62
144,-42
151,-3
153,16
155,12
155,-15
154,-26
153,-1
154,5
154,-19
150,-32
138,-68
140,-67
141,-69
135,-78
101,-114
49,-144
19,-154
-35,-146
-88,-127
-82,-133
-76,-136
-59,-141
-101,-103
-146,-29
-142,-49
-120,-96
-119,-100
-133,-81
-143,-49
-154,1
-153,9
-146,46
-147,38
-141,-32
-136,-72
-142,-64
-148,-44
-148,-42
-154,-15
-145,29
-96,113
-59,143
-82,127
-123,90
-124,93
-88,126
-69,138
-107,92
-148,14
-138,-47
-106,-108
-116,-97
-146,-33
-149,-30
-149,-12
-138,64
-126,85
-66,129
11,145
59,129
-13,145
-27,152
-62,136
-71,134
-69,131
-105,104
-36,139
19,150
-48,109
-129,-13
-138,-60
-146,6
-136,-35
-139,-68
-137,-66
-107,-105
-112,-107
-127,-89
-114,-94
-63,-137
-39,-150
11,-141
106,-91
121,-88
57,-136
-8,-152
-65,-133
-132,-55
-154,-3
-143,-47
-116,-96
-59,-134
2,-152
-26,-150
-54,-144
-23,-151
-14,-145
52,-138
73,-135
89,-126
57,-141
15,-154
39,-147
74,-137
80,-133
66,-138
15,-149
23,-150
63,-141
99,-116
124,-86
123,-86
92,-122
36,-144
-40,-147
-61,-143
-43,-144
19,-150
45,-148
55,-144
50,-145
73,-130
124,-71
138,24
139,57
152,-5
139,-62
142,-53
124,-87
93,-126
92,-126
115,-100
104,-111
65,-141
66,-138
95,-121
118,-97
139,-67
119,-79
8,-134
-80,-132
-97,-122
-128,-84
-149,-23
-148,41
-132,75
-78,126
-35,147
-94,94
-138,-16
-145,-11
-123,84
-92,124
-95,121
-117,95
-120,94
-90,116
11,144
49,138
-25,144
-65,139
-60,142
-12,146
89,112
135,72
135,66
94,115
87,126
99,111
73,127
124,82
143,54
119,90
109,110
105,114
103,116
127,80
152,14
150,-12
122,62
73,130
92,122
100,117
89,127
99,120
102,116
65,136
12,152
-29,148
-91,117
-132,73
-144,47
-151,9
-155,-4
-154,-8
-149,4
-125,82
-55,132
25,147
-25,140
-94,117
-107,111
-53,141
17,145
112,87
139,46
67,114
-9,150
-33,150
14,148
74,126
133,41
142,-46
131,-73
129,-56
89,-112
84,-121
60,-138
89,-124
115,-99
134,-64
117,41
80,128
59,135
-34,134
-97,107
-141,32
-152,17
-124,82
-75,132
-45,145
-93,110
-92,111
-43,143
-62,140
-45,146
-60,140
-51,145
-73,135
-101,114
-133,57
-134,-43
-107,-109
-71,-133
-21,-150
9,-150
71,-129
116,-100
103,-111
69,-137
95,-117
130,-70
152,-13
154,0
146,-12
116,-89
88,-121
16,-143
-60,-136
-37,-147
-9,-154
1,-152
-20,-147
-82,-125
-35,-140
28,-149
80,-126
105,-114
117,-101
127,-91
103,-115
77,-129
30,-147
1,-150
-60,-141
-91,-125
-84,-124
-38,-146
-8,-152
-53,-142
-117,-93
-137,-67
-102,-108
-82,-128
-119,-96
-135,-73
-102,-105
-112,-95
-139,-61
-132,-76
-128,-85
-120,-99
-110,-110
-103,-113
-121,-90
-137,-51
-145,25
-149,35
-133,72
-128,68
-149,-8
-148,-38
-115,-87
-37,-138
35,-145
86,-125
60,-138
-1,-155
-24,-153
-43,-149
-71,-134
-117,-94
-147,-16
-147,49
-140,65
-144,49
-124,78
-66,136
-36,152
-47,148
-66,137
-94,123
-97,121
-71,138
-30,153
18,150
78,130
53,138
79,123
135,72
138,63
134,73
126,88
124,89
142,5
144,-46
148,3
139,57
146,43
151,16
152,6
148,-21
108,-95
59,-133
110,-57
134,50
136,48
151,1
133,49
67,125
36,150
7,151
-34,147
14,149
62,142
60,140
-16,135
-105,107
-108,111
-75,133
-17,149
49,144
84,129
122,89
148,28
152,-14
149,0
150,37
151,36
148,46
151,27
153,-14
131,-63
76,-130
57,-143
33,-146
15,-149
10,-150
-74,-124
-138,-38
-143,47
-135,70
-138,47
-152,-6
-144,38
-141,40
-151,7
-144,48
-120,84
-139,29
-152,4
-140,-35
-80,-110
-57,-130
-125,-81
-129,-79
-100,-117
-86,-130
-86,-121
-37,-145
-29,-151
-75,-127
-105,-109
-72,-132
-95,-111
-126,-84
-135,-69
-150,-10
-139,55
-128,78
-85,122
11,135
112,98
128,87
124,90
110,108
104,113
131,71
142,54
106,102
53,142
74,129
124,90
137,74
142,64
143,60
146,46
151,30
154,12
145,30
135,64
147,2
117,-86
50,-143
-2,-154
-37,-151
-70,-133
-126,-66
-144,29
-149,24
-150,4
-79,90
42,136
118,90
144,53
152,20
144,46
117,93
79,125
108,104
138,65
145,51
145,54
146,18
136,-63
107,-107
59,-140
47,-143
103,-94
140,3
135,72
129,82
139,58
151,30
149,17
145,-42
107,-92
21,-144
42,-138
83,-120
38,-146
20,-154
41,-148
67,-135
113,-92
143,-19
119,69
15,128
-97,101
-141,53
-121,82
-105,111
-117,102
-117,100
-128,79
-147,43
-140,-9
-94,-104
-91,-120
-118,-98
-112,-106
-101,-119
-95,-120
-71,-134
-93,-119
-135,-70
-112,-83
-48,-140
5,-149
37,-147
-11,-152
-68,-134
-126,-77
-148,0
-134,72
-104,106
-54,140
-47,144
-20,152
26,146
68,136
64,138
30,146
-24,147
-91,114
-135,61
-149,9
-138,-52
-129,-84
-119,-96
-132,-72
-148,-39
-138,-58
-114,-94
-51,-137
-16,-153
-12,-153
-3,-154
-49,-136
-86,-118
-20,-146
5,-154
8,-154
-35,-148
-38,-146
-79,-126
-118,-98
-105,-112
-76,-129
-41,-147
12,-145
56,-143
79,-128
127,-66
150,-5
146,-41
135,-71
110,-103
127,-57
138,43
127,86
121,92
88,121
47,145
39,149
-25,133
-114,93
-142,41
-150,-14
-146,6
-112,94
-41,143
39,139
124,78
152,37
156,13
154,-11
153,-16
152,-27
147,-35
152,-13
146,-45
134,-75
116,-100
64,-137
4,-153
-55,-138
-98,-114
-110,-97
-113,-83
-49,-137
14,-141
106,-94
144,-47
147,16
145,23
145,-35
148,-35
150,-34
150,-36
148,-47
133,-72
88,-121
64,-140
88,-120
125,-39
111,81
108,99
145,37
134,64
101,113
83,129
110,107
113,105
107,110
90,119
59,141
70,137
112,90
145,-3
123,-81
50,-131
-72,-117
-135,-71
-112,-97
-44,-132
34,-145
32,-149
79,-109
135,-63
138,-9
129,75
114,101
100,118
92,123
107,109
128,68
145,-27
140,-24
141,48
130,77
117,93
65,129
15,151
34,148
-17,139
-112,78
-137,-19
-105,-103
-111,-102
-129,-79
-105,-108
-118,-98
-139,-47
-139,38
-143,47
-149,11
-139,-52
-94,-108
-17,-146
20,-153
32,-148
90,-112
139,-32
126,59
55,133
12,153
-22,147
-66,138
-50,147
-12,154
11,154
12,153
-22,149
-23,153
31,142
107,103
79,121
78,126
133,51
137,-50
114,-103
119,-99
120,-91
144,-39
146,-1
138,55
140,60
122,89
84,116
-4,139
-60,132
35,130
131,73
148,9
141,-6
133,68
122,93
78,122
-1,143
-93,93
-145,20
-145,-32
-149,-34
-145,-31
-122,-86
-113,-99
-142,-24
-151,26
-152,-1
-139,-21
-62,-112
-3,-152
-59,-133
-96,-113
-38,-139
41,-133
116,-76
108,-99
93,-117
133,-65
136,-68
87,-119
44,-143
69,-135
98,-115
119,-96
132,-66
133,-53
86,-119
100,-110
93,-116
64,-134
117,-78
149,0
148,39
144,50
133,65
76,121
8,152
7,154
64,132
97,107
21,141
2,153
26,152
30,151
10,154
-37,138
-85,113
13,132
72,134
28,148
-7,152
-15,152
32,148
88,123
122,95
128,80
82,119
13,146
-15,149
-69,131
-47,141
5,153
-34,142
-97,112
-131,71
-147,38
-151,16
-146,-37
-149,-21
-153,23
-147,-15
-138,-65
-146,-37
-153,14
-147,36
-141,-24
-126,-83
-90,-118
-24,-143
-26,-149
-58,-143
-81,-127
-124,-76
-127,35
-117,96
-96,117
-71,137
-78,131
-83,127
-95,122
-44,137
33,138
-47,112
-133,6
-137,-66
-142,-50
-146,29
-136,72
-134,76
-144,51
-146,15
-139,-48
-148,-30
-141,-49
-135,-71
-148,-12
-152,8
-148,-33
-148,-39
-149,18
-146,28
-150,-3
-146,34
-136,-23
-121,-91
-119,-96
-124,-92
-137,-65
-153,-3
-152,33
-149,15
-146,-31
-152,-15
-146,-6
-132,61
-132,80
-102,112
-94,121
-109,110
-104,114
-119,91
-142,57
-137,69
-144,48
-149,39
-118,93
-94,115
-131,73
-117,94
-45,136
64,126
93,120
87,126
120,95
135,74
136,70
139,63
136,26
108,-91
109,-95
146,-22
151,-11
126,-79
117,-100
117,-99
47,-130
-76,-118
-130,-76
-127,-87
-134,-80
-137,-71
-142,-59
-138,-57
-127,20
-76,127
-49,144
-71,132
-39,145
-47,145
13,146
70,135
49,144
1,146
-76,122
-74,129
-66,132
-89,121
-40,145
-9,154
-20,151
-49,146
-9,146
68,132
52,141
-10,145
-80,124
-127,72
-145,16
-139,-54
-133,-77
-133,-73
-150,-8
-150,1
-138,-57
-139,-65
-127,-83
-125,-69
-143,27
-132,71
-77,123
-75,128
-106,109
-60,133
-46,139
-50,141
25,146
70,136
61,140
92,117
93,115
119,87
143,56
118,82
82,127
72,136
55,142
36,149
51,140
69,129
-10,143
-23,148
-2,150
-74,120
-117,98
-114,95
-130,-4
-121,-88
-76,-119
13,-143
80,-124
98,-118
92,-125
83,-133
68,-139
42,-148
-11,-151
-78,-130
-103,-110
-58,-138
-20,-151
-12,-152
-10,-154
-20,-153
-18,-152
14,-150
13,-150
-66,-129
-129,-76
-148,-25
-151,26
-148,34
-110,87
-29,145
-7,152
62,121
116,-14
43,-125
-67,-131
-85,-122
-6,-142
59,-141
90,-124
111,-107
112,-106
127,-78
139,6
136,66
138,65
146,47
148,1
135,-69
130,-80
145,-39
147,-43
144,-16
118,79
81,128
61,140
68,139
73,137
67,138
54,144
32,149
1,153
-28,140
-111,64
-147,40
-133,79
-114,103
-102,114
-127,83
-147,45
-136,63
-77,126
-60,137
-111,69
-124,-55
-125,-89
-144,-57
-145,-1
-94,103
-17,146
67,128
108,108
105,111
73,131
78,132
122,91
147,37
147,14
121,77
76,127
8,146
-75,125
-126,85
-146,42
-145,47
-142,14
-134,-65
-80,-110
36,-133
39,-144
-7,-154
-21,-153
-67,-132
-95,-110
-129,-20
-112,90
-54,141
-79,112
-134,54
-122,86
-131,82
-137,73
-142,37
-125,-59
-70,-129
-68,-138
-87,-127
-115,-100
-66,-117
39,-139
47,-146
23,-151
73,-128
121,-87
146,-16
148,28
130,-40
41,-129
10,-151
40,-148
49,-146
17,-146
-53,-137
-43,-146
5,-152
30,-147
93,-100
146,-18
147,41
146,40
146,-32
135,-76
127,-86
71,-127
60,-139
76,-134
62,-138
102,-109
95,-118
69,-137
16,-140
-88,-117
-129,-80
-90,-104
-57,-136
-108,-104
-129,-79
-125,-83
-95,-116
-80,-130
-40,-139
-10,-152
-19,-152
25,-149
67,-129
123,-78
140,-54
150,-13
149,-41
138,-70
138,-53
110,-78
41,-143
63,-134
92,-117
122,-87
123,-94
132,-70
146,-27
116,-87
99,-117
122,-92
126,-87
140,-54
151,-2
142,51
126,88
102,113
61,139
10,152
-31,150
-53,146
-21,150
-36,141
-86,127
-82,131
-33,144
24,142
-50,129
-109,105
-117,96
-135,74
-127,89
-99,116
-44,147
-5,148
31,142
7,151
45,148
74,135
108,109
135,72
150,36
153,-6
150,-33
140,-51
132,26
89,115
92,125
112,102
145,42
155,1
148,-37
114,-98
113,-98
135,-10
117,88
113,94
143,-6
139,-67
143,-60
131,-76
100,-112
117,-97
106,-109
85,-124
119,-84
147,-19
139,51
121,95
126,85
150,33
153,24
150,31
141,43
142,-35
126,-89
118,-99
131,-75
149,-9
153,23
156,0
154,-19
144,-53
142,-7
140,57
126,84
117,102
118,99
133,64
152,-6
147,-40
135,-75
138,-69
147,-20
146,39
149,17
144,-49
140,-63
133,-75
103,-114
79,-132
62,-141
40,-148
23,-149
71,-127
124,-83
106,-98
9,-142
-93,-106
-147,-33
-154,-9
-154,-15
-151,23
-136,71
-120,91
-78,128
-92,120
-121,89
-132,70
-121,88
-145,35
-152,-14
-142,-51
-101,-106
-93,-121
-89,-121
-48,-144
-55,-140
-36,-141
-6,-153
-34,-150
-56,-144
-72,-138
-86,-128
-99,-118
-105,-110
-138,-52
-142,-42
-134,-74
-143,-55
-149,-3
-132,72
-108,111
-119,94
-93,104
2,148
22,153
34,149
71,138
91,125
89,124
54,143
10,152
3,154
12,147
-45,142
-90,114
-134,64
-77,108
33,145
66,137
22,149
-11,152
16,151
-20,138
-92,116
-66,134
3,142
-4,138
-17,144
57,141
81,132
66,138
82,131
96,120
56,132
-14,148
-15,151
-68,119
-135,63
-147,23
-141,-48
-120,-94
-116,-99
-142,-56
-147,-46
-149,-33
-151,-17
-127,-72
-97,-119
-107,-112
-120,-98
-132,-81
-138,-68
-135,-70
-147,-40
-148,-37
-144,-49
-121,-89
-125,-85
-151,-11
-153,22
-141,57
-119,97
-115,103
-119,97
-118,88
-143,46
-130,76
-97,116
-107,105
-88,123
-54,143
-24,153
19,153
68,136
118,97
142,64
129,70
59,128
25,152
11,151
-37,150
-65,139
-49,144
-3,154
50,144
70,137
53,144
87,108
143,10
149,-11
118,-68
29,-141
21,-146
76,-131
50,-139
-30,-147
-27,-150
14,-150
60,-141
91,-115
136,-40
147,28
137,57
127,84
125,87
126,87
143,55
151,21
148,33
122,87
109,109
93,120
44,138
-36,140
-32,147
-46,141
-100,113
-108,110
-80,127
-24,151
1,154
18,153
2,154
-15,146
-97,99
-143,46
-117,81
-48,141
-46,144
-32,146
-12,148
-70,132
-86,127
-66,140
-54,143
10,148
45,145
6,153
-45,139
-106,104
-127,85
-82,115
28,140
104,111
107,109
100,101
20,138
2,151
57,141
78,127
39,145
-14,143
-47,144
-43,144
-16,152
-29,152
-26,152
4,154
-13,153
-13,153
44,137
69,130
71,134
52,137
28,147
70,137
55,138
-9,150
-6,155
7,154
-1,154
-38,146
-4,149
19,151
-10,153
-13,153
32,148
87,119
139,37
138,-54
109,-107
117,-94
145,-50
152,-34
139,-64
88,-119
86,-113
141,-38
155,-4
148,22
134,72
121,95
119,97
143,50
140,57
82,114
-19,142
-58,144
-61,144
-87,124
-112,104
-74,130
0,146
-10,146
-39,148
-88,109
-143,36
-152,22
-109,89
-23,147
-5,152
-29,150
-50,136
-123,71
-135,69
-129,82
-126,85
-75,125
-90,91
-135,-22
-141,-54
-95,-101
-9,-146
58,-137
108,-106
127,-84
114,-104
110,-103
115,1
76,118
82,128
65,137
25,146
16,148
96,106
135,70
123,92
102,105
-1,132
-85,118
-126,80
-118,98
-103,111
-43,143
-34,140
-90,118
-88,126
-68,139
-84,125
-115,103
-102,111
-12,136
64,131
25,148
-3,152
-19,150
5,149
0,146
11,143
-57,136
-94,121
-115,89
-123,84
-76,127
-8,150
15,152
47,147
24,145
-56,133
-66,133
-40,145
-96,97
-139,52
-109,98
-125,84
-137,73
-128,85
-102,114
-121,72
-149,3
-141,37
-135,45
-148,16
-144,15
-133,-63
-120,-98
-117,-100
-115,-96
-60,-135
-7,-153
34,-140
115,-68
147,18
113,88
80,124
120,89
140,15
102,-96
52,-142
70,-137
69,-138
85,-127
56,-141
16,-154
3,-155
-25,-151
-14,-145
77,-119
128,-80
118,-96
117,-100
140,-61
129,-75
72,-130
53,-142
75,-132
115,-90
146,-31
136,45
71,121
30,150
63,139
82,131
80,132
93,123
103,114
118,94
145,27
139,-55
114,-98
69,-132
79,-128
98,-116
133,-67
146,-53
133,-80
127,-73
142,11
149,9
151,-20
147,29
147,18
153,-14
155,-2
153,20
149,6
108,-85
30,-142
34,-146
47,-146
37,-147
7,-153
15,-154
-8,-155
-53,-143
-74,-136
-54,-143
-29,-151
-36,-147
-104,-105
-144,-23
-150,22
-153,3
-150,30
-138,60
-70,120
-6,150
63,133
108,108
130,69
152,20
152,29
150,36
137,55
64,117
-54,124
-132,67
-149,41
-131,74
-98,117
-112,103
-128,83
-81,118
-12,148
53,135
0,137
-47,146
-17,151
-25,147
15,151
37,147
92,118
95,120
100,113
123,78
69,120
44,145
11,148
-47,141
-77,134
-80,132
-73,133
-20,151
-15,151
-5,151
5,152
32,146
64,135
1,147
-18,146
71,125
119,92
147,25
138,-51
98,-111
120,-89
134,-66
151,-24
154,-25
146,-2
108,87
100,115
132,53
135,-55
134,-69
149,-19
152,-24
133,-71
48,-127
-45,-141
-5,-146
43,-145
97,-103
138,-63
138,-70
117,-96
65,-135
43,-146
76,-118
134,-36
141,50
147,40
149,2
150,20
152,3
129,-69
119,-96
116,-104
122,-84
143,-52
144,-54
125,-86
128,-69
146,7
135,69
127,86
112,103
133,74
148,42
147,-8
149,-30
140,31
102,107
113,95
148,12
153,-18
149,21
125,78
77,128
65,138
105,111
130,85
135,74
141,5
131,-77
74,-127
8,-154
-14,-155
-47,-146
-56,-143
-27,-152
0,-152
-66,-113
-145,-20
-151,-11
-136,-62
-143,-19
-117,81
-62,139
-45,148
-12,154
44,144
72,133
89,113
135,5
144,0
132,70
99,111
79,128
123,75
149,-8
138,19
96,105
113,81
97,89
8,143
-77,120
-131,76
-144,51
-149,40
-151,31
-146,3
-134,-69
-120,-93
-62,-126
-11,-152
-50,-140
-117,-91
-146,-4
-148,4
-139,-56
-81,-114
-32,-149
-49,-145
-11,-145
-8,-147
-57,-139
-6,-147
-4,-146
-74,-132
-118,-90
-149,-26
-138,43
-99,115
-87,123
-73,125
-116,90
-117,101
-97,117
-123,89
-139,52
-152,13
-141,-36
-143,-18
-148,35
-152,21
-145,46
-147,31
-152,-7
-142,33
-141,37
-154,-2
-145,-38
-112,-96
-57,-140
-28,-152
-62,-135
-113,-102
-120,-92
-75,-128
-47,-146
-72,-137
-87,-128
-87,-124
-57,-140
-52,-140
-110,-101
-131,-86
-135,-75
-118,-88
-50,-135
-3,-153
-13,-154
-13,-154
-46,-145
-98,-118
-136,-69
-152,-16
-152,25
-153,24
-140,54
-91,117
-94,118
-120,97
-126,90
-126,85
-110,102
-118,96
-99,113
-49,145
-14,154
11,154
61,135
119,96
110,104
74,132
61,141
71,137
88,127
98,114
139,52
148,35
149,37
144,55
142,61
146,50
150,40
153,5
142,-49
144,-41
145,-46
135,-76
142,-63
142,-62
141,-62
147,-47
126,-84
88,-125
52,-134
-53,-133
-94,-123
-105,-111
-127,-21
-83,111
-26,151
26,151
57,144
63,142
78,134
88,128
117,103
134,75
78,105
-30,140
-60,142
-68,140
-88,126
-79,133
-57,144
-29,149
15,154
33,150
-36,119
-134,43
-152,27
-125,78
-26,131
41,146
6,152
-38,148
-38,149
-8,154
2,149
-66,131
-114,100
-139,65
-147,13
-146,-43
-151,-27
-148,26
-136,72
-140,59
-127,-26
-78,-123
-51,-145
11,-144
92,-113
90,-117
-14,-139
-70,-135
-65,-139
-72,-137
-65,-137
-12,-150
-21,-151
-77,-134
-45,-134
31,-147
21,-153
35,-147
92,-119
113,-105
113,-93
110,-87
18,-142
-25,-149
37,-142
26,-141
-73,-130
-119,-98
-148,-38
-156,-10
-153,3
-141,-43
-120,-95
-127,-79
-131,-67
-98,-115
-113,-84
-148,4
-149,36
-122,91
-120,85
-146,19
-152,-16
-121,-67
-80,-126
-123,-71
-144,-15
-133,-63
-145,-50
-152,-6
-146,45
-147,12
-148,5
-146,23
-144,-30
-101,-99
-55,-138
-3,-149
44,-142
82,-131
92,-124
82,-126
123,-80
143,-3
135,68
131,70
148,17
144,46
138,33
114,-82
50,-140
21,-152
12,-154
-6,-154
5,-154
33,-150
54,-144
84,-126
122,-88
107,-99
39,-143
47,-147
17,-152
-5,-153
21,-153
-7,-153
-44,-148
-79,-132
-94,-122
-95,-120
-66,-136
-74,-128
-132,-67
-141,-61
-140,-70
-141,-69
-141,-67
-148,-23
-145,47
-136,67
-147,36
-150,31
-148,-8
-146,24
-110,97
-19,142
25,152
43,148
43,148
47,146
34,149
10,144
-72,125
-85,128
-66,129
-119,41
-150,12
-145,55
-140,64
-143,22
-141,-49
-115,-97
-89,-126
-106,-106
-138,-13
-149,6
-152,-1
-122,68
-74,133
-21,146
32,150
12,155
30,148
104,98
130,71
65,126
-2,152
-29,151
-26,153
15,150
87,122
132,62
149,-18
152,-9
152,19
138,63
144,52
135,65
134,72
147,-4
123,-84
81,-127
63,-137
76,-131
98,-116
129,-83
141,-62
151,-29
152,-24
127,-73
107,-110
131,-58
148,21
152,25
152,5
150,-33
151,-40
146,-57
136,-73
123,-86
73,-129
58,-144
65,-138
93,-118
52,-139
14,-153
-53,-139
-102,-114
-87,-124
-86,-125
-42,-143
-27,-153
-56,-143
-114,-83
-151,-13
-156,0
-156,14
-147,44
-144,28
-151,-25
-144,-48
-129,25
-63,130
-41,149
-41,149
-68,135
-37,142
19,153
44,148
77,132
52,140
-35,126
-131,62
-153,14
-149,41
-137,72
-142,55
-140,60
-107,109
-98,118
-126,84
-133,8
-123,-74
-146,-18
-151,25
-151,29
-137,67
-133,73
-103,110
-80,134
-65,138
-100,96
-119,86
-95,117
-116,100
-107,110
-105,111
-116,96
-139,55
-106,99
-68,139
-92,114
-133,77
-141,59
-129,75
-107,111
-118,100
-119,101
-125,81
-147,6
-152,-23
-147,-38
-146,-28
-146,34
-139,-25
-134,-73
-149,-33
-146,30
-126,83
-138,58
-133,72
-135,57
-139,-26
-101,-108
-66,-137
-83,-122
-127,-83
-115,-98
-99,-119
-101,-117
-94,-115
-43,-143
-31,-150
-12,-150
65,-121
136,-47
151,-24
145,-31
151,15
155,-2
144,-38
129,-81
138,-66
138,-64
131,-73
142,-51
138,-67
126,-88
99,-119
89,-125
109,-107
114,-103
104,-107
133,-72
140,-70
144,-45
144,-32
112,-101
100,-117
122,-94
128,-85
78,-122
-15,-148
-97,-109
-146,-24
-142,58
-130,86
-82,117
9,151
60,143
96,121
104,114
105,107
143,33
152,7
150,27
153,10
132,57
111,106
107,113
126,89
136,77
134,79
118,98
111,108
133,62
142,-37
139,-57
142,19
140,65
143,62
147,39
142,-40
121,-90
39,-133
-50,-142
-25,-148
4,-154
-33,-152
-81,-129
-129,-80
-146,-44
-123,-80
-99,-113
-51,-142
-21,-152
41,-141
85,-127
78,-134
41,-148
-13,-154
-42,-148
-1,-145
54,-144
57,-145
33,-151
42,-147
42,-145
-40,-142
-109,-106
-127,-84
-112,-103
-93,-120
-87,-127
-119,-80
-145,20
-145,49
-148,13
-132,-51
-139,-5
-114,90
-50,140
-58,141
-67,134
-117,56
-151,2
-151,28
-148,-3
-108,-83
-17,-141
-15,-151
-49,-146
-57,-143
-94,-121
-70,-122
-14,-147
-64,-138
-82,-131
-51,-144
-39,-150
-75,-131
-128,-75
-146,-53
-139,-68
-90,-110
-52,-142
-94,-118
-94,-115
-30,-144
9,-149
-67,-112
-143,-14
-131,69
-109,108
-133,57
-145,-25
-132,-73
-141,-32
-137,62
-120,94
-138,36
-133,-58
-93,-118
-91,-118
-96,-111
-72,-134
-42,-140
32,-144
102,-105
140,-65
143,-11
134,67
104,109
68,138
62,142
46,144
-13,148
-33,149
15,149
72,133
72,125
0,150
-21,153
4,154
-8,153
-5,156
6,156
26,151
-2,151
-60,134
-121,68
-152,5
-153,-21
-153,-29
-152,-25
-141,-58
-121,-93
-102,-116
-127,-82
-150,-30
-154,-23
-154,-27
-151,-11
-120,71
-53,139
10,145
104,89
134,71
105,108
106,108
107,108
132,54
150,3
134,59
138,69
140,61
130,82
142,59
149,30
127,73
134,65
110,86
87,120
58,131
15,151
-32,144
-45,142
7,153
3,154
29,150
49,143
-17,141
-100,98
-143,22
-113,67
-34,144
-25,153
5,154
18,154
4,154
-32,146
-94,114
-130,81
-147,33
-148,-23
-147,7
-139,63
-141,58
-140,65
-109,107
-80,134
-77,133
-58,143
-72,135
-96,121
-87,128
-42,145
-35,145
-74,134
-68,139
-37,150
-38,150
-8,153
56,140
120,88
148,30
149,-35
146,-54
136,-76
108,-112
56,-139
-44,-138
-98,-117
-115,-94
-126,-81
-143,-30
-148,-30
-140,-65
-144,-58
-150,-39
-155,5
-154,6
-140,-52
-117,-99
-108,-111
-90,-119
-37,-145
-42,-149
-36,-150
-46,-147
-79,-132
-76,-135
-71,-138
-66,-140
-26,-147
24,-151
48,-145
12,-152
-27,-152
-74,-135
-115,-97
-130,7
-89,119
-62,144
-64,142
-96,116
-132,77
-138,66
-111,102
-77,131
-43,149
-73,125
-102,104
-13,140
49,144
89,107
148,21
154,-21
146,-44
118,-97
93,-122
117,-82
139,-50
128,32
106,109
108,108
133,72
140,60
106,104
85,130
83,129
19,132
-83,107
-131,-3
-138,-67
-142,-64
-142,-62
-152,-22
-149,31
-120,90
-90,123
-120,80
-145,40
-132,-38
-121,-95
-138,-71
-146,-53
-146,-53
-149,-10
-149,32
-152,22
-142,-29
-109,-98
-44,-142
-41,-148
-86,-129
-75,-134
-50,-147
-35,-145
34,-145
53,-144
76,-127
82,-123
120,-73
152,-20
136,-40
71,-128
25,-154
47,-137
112,-99
129,-83
143,-49
152,-29
151,-4
143,50
100,105
26,148
-9,155
-16,155
-42,147
-89,124
-119,101
-125,92
-136,63
-150,22
-124,-53
-65,-131
-82,-131
-112,-107
-137,-49
-153,7
-152,7
-129,68
-126,80
-146,22
-121,-60
-85,-120
-126,-80
-150,-34
-132,-65
-136,-54
-140,35
-140,10
-149,-42
-155,-12
-142,-18
-95,-104
-29,-145
-35,-147
-38,-143
-21,-147
-81,-127
-70,-136
-41,-149
-52,-144
-28,-145
12,-154
33,-146
105,-91
144,-36
102,-97
41,-147
35,-152
-3,-155
-46,-148
-43,-146
-44,-143
-104,-110
-140,-57
-153,11
-145,49
-105,108
-81,131
-96,113
-26,133
43,146
37,143
-14,148
40,133
131,71
152,5
138,-62
80,-123
32,-147
82,-119
82,-126
67,-137
54,-138
-27,-147
-91,-115
-143,-53
-151,-25
-147,-43
-148,-4
-115,-55
-46,-139
-52,-144
-74,-133
-39,-146
22,-145
54,-138
-16,-146
-24,-153
-11,-147
78,-104
144,-34
155,0
154,-17
150,-36
144,-58
150,-37
150,9
153,11
144,-49
140,-53
154,-16
150,-35
142,-61
141,-64
96,-106
9,-147
41,-133
122,-75
139,-66
142,-58
132,-78
113,-106
115,-102
49,-123
-46,-140
-13,-150
-9,-150
-56,-140
-25,-149
31,-143
60,-138
57,-141
37,-147
69,-112
138,-9
153,23
149,-22
144,-54
151,-25
154,-12
145,29
139,65
134,74
88,115
61,137
121,68
151,-22
148,-47
151,-38
145,-58
124,-92
75,-132
62,-140
107,-87
148,-13
154,12
154,-16
124,-78
39,-137
-16,-154
-42,-149
-80,-129
-121,-89
-116,-90
-82,-129
-49,-145
-53,-142
-98,-109
-91,-120
-69,-137
-78,-130
-88,-125
-61,-140
-43,-144
-11,-152
-28,-149
-68,-136
-38,-145
32,-148
72,-135
113,-92
149,-30
154,7
138,62
107,106
26,136
-50,142
-41,146
-79,124
-115,102
-132,69
-146,48
-145,56
-144,56
-140,65
-133,78
-143,57
-150,36
-136,64
-99,118
-96,122
-78,132
-37,152
-40,151
-37,151
-30,150
-72,130
-57,136
17,151
59,141
114,94
150,37
144,-24
89,-116
60,-142
50,-145
11,-152
62,-130
99,-119
92,-123
113,-99
139,-43
123,57
76,126
103,80
145,-29
124,-88
127,-71
147,-39
143,-54
138,-58
62,-123
-12,-151
-5,-155
-17,-155
-31,-153
-59,-144
-68,-137
-86,-126
-87,-126
-91,-120
-7,-136
82,-123
74,-131
86,-122
53,-135
-6,-155
9,-150
84,-110
119,-96
103,-112
127,-40
141,50
142,61
148,44
138,57
134,72
150,28
154,-3
134,-62
93,-121
79,-130
105,-111
120,-96
108,-110
117,-92
140,-62
144,-59
146,-57
148,-44
151,-17
143,38
145,18
137,-61
89,-120
78,-131
109,-105
132,-73
79,-113
10,-153
5,-155
45,-137
114,-91
99,-112
73,-136
91,-125
73,-132
38,-148
76,-130
106,-112
121,-97
111,-109
123,-86
147,-27
139,48
138,73
137,74
141,62
148,48
151,37
151,-16
123,-87
112,-107
133,-71
152,-30
151,-40
122,-85
44,-138
11,-149
71,-132
107,-110
124,-89
112,-106
62,-137
18,-154
-9,-153
-67,-136
-65,-133
-35,-145
-88,-125
-80,-125
10,-140
43,-145
2,-151
-73,-124
-131,-75
-99,-100
-36,-148
-45,-141
-120,-71
-149,20
-147,38
-136,-34
-93,-113
-38,-147
-25,-148
-87,-120
-130,-84
-144,-57
-128,-69
-65,-132
-28,-150
44,-136
96,-118
123,-64
133,44
121,97
110,103
107,106
81,115
-8,144
24,140
98,119
90,125
50,142
62,139
50,146
67,140
117,87
111,69
4,135
-48,141
11,145
55,143
-1,141
-69,138
-96,120
-120,95
-135,33
-99,-85
-28,-145
31,-148
64,-142
83,-132
80,-133
15,-149
-35,-151
-45,-147
-61,-141
-8,-139
95,-103
140,-62
141,-62
135,-78
141,-63
136,12
113,100
106,112
136,64
132,61
74,126
39,149
2,153
38,137
126,67
141,50
144,55
152,22
146,40
122,71
31,132
-4,154
-14,151
-61,139
-108,92
-147,34
-138,65
-101,115
-88,123
-126,65
-151,25
-147,47
-139,68
-136,68
-147,1
-140,-57
-96,-110
-34,-145
50,-134
117,-97
137,-70
146,-37
149,-32
149,-34
143,15
135,62
143,-14
119,-95
76,-134
58,-143
48,-142
-13,-153
2,-151
71,-123
133,-65
147,-50
149,-40
153,4
153,-2
140,-56
141,-18
151,13
153,-20
151,-31
143,-58
141,-64
117,-99
87,-128
82,-132
105,-103
144,-45
150,-30
115,-92
50,-143
27,-153
31,-151
23,-151
23,-150
-41,-146
-70,-138
-81,-133
-112,-97
-149,-23
-148,21
-99,105
-48,146
-3,156
19,155
26,154
47,149
60,143
48,148
78,130
106,106
57,134
65,136
15,142
-59,140
-55,144
-37,151
-62,141
-78,136
-59,143
-22,149
-64,133
-58,137
46,131
132,50
141,-51
99,-113
26,-147
-71,-127
-126,-85
-74,-105
54,-127
96,-122
73,-136
74,-132
91,-123
90,-124
121,-84
148,-10
147,38
137,70
138,72
138,72
141,64
130,81
97,115
60,140
58,142
48,142
42,145
89,125
104,111
136,43
128,-67
88,-127
82,-131
15,-135
-109,-65
-143,35
-96,111
-40,146
-10,153
-24,153
-29,153
-56,144
-60,140
-98,81
-120,-51
-61,-127
26,-142
35,-150
21,-153
6,-152
52,-142
65,-138
19,-151
40,-132
127,-53
150,0
144,45
141,64
145,56
140,66
149,35
152,21
146,42
85,85
-73,70
-131,-42
-83,-120
-65,-139
-53,-143
-1,-148
72,-129
77,-131
64,-139
109,-88
149,-8
154,23
153,12
145,-46
128,-87
104,-115
105,-110
132,-80
121,-92
81,-126
113,-94
146,-51
152,-36
147,-45
115,-99
89,-126
26,-143
-70,-127
-136,-45
-147,21
-148,-16
-140,26
-103,110
-104,110
-136,46
-141,-44
-123,-93
-135,-75
-146,-10
-141,47
-142,-16
-83,-104
-46,-140
-120,-61
-140,44
-87,121
-56,145
-55,145
-79,132
-114,91
-145,6
-136,-56
-68,-118
52,-127
124,-85
134,-77
109,-109
54,-141
-27,-148
-89,-122
-65,-133
-5,-150
-42,-138
-48,-141
-46,-146
-101,-109
-137,-73
-117,-93
-51,-138
-16,-152
19,-149
87,-103
134,8
62,105
-52,135
-79,133
-46,146
-62,134
-97,113
-65,135
-97,113
-134,70
-148,18
-147,-35
-148,-47
-151,-33
-151,2
-144,3
-117,-84
-108,-110
-119,-99
-141,-62
-132,-73
-91,-121
-68,-139
-80,-126
-120,-92
-82,-121
-8,-149
2,-154
-13,-155
-21,-154
-39,-149
-42,-148
-39,-148
33,-122
131,-32
148,30
140,64
144,35
110,-73
26,-146
39,-145
85,-128
96,-122
83,-130
106,-104
143,-49
146,-42
121,-84
104,3
24,129
11,152
49,144
81,124
134,61
145,52
137,67
92,107
-3,137
-108,88
-145,45
-149,8
-152,17
-150,26
-152,27
-150,40
-151,8
-152,-28
-134,-61
-52,-123
15,-152
-15,-149
-96,-111
-144,-46
-141,39
-136,72
-144,58
-146,47
-145,43
-134,-14
-140,-55
-150,-32
-140,-64
-144,-56
-153,2
-151,38
-140,62
-110,102
-75,134
-73,133
-108,108
-104,111
-105,107
-41,140
35,147
90,123
131,52
139,-47
131,-59
136,40
136,74
141,62
144,16
125,50
114,100
131,76
113,99
114,105
105,104
37,141
-16,153
-33,150
-64,127
-121,87
-109,108
-126,79
-147,43
-124,78
-98,116
-128,68
-149,38
-134,76
-131,80
-148,46
-150,42
-150,24
-143,-44
-131,-81
-142,-53
-150,-22
-148,-18
-141,52
-142,58
-146,48
-137,65
-149,31
-140,53
-94,118
-88,119
-135,55
-148,5
-138,-59
-142,-58
-153,-24
-151,-34
-152,-22
-141,46
-87,117
-16,153
12,156
56,142
99,117
124,89
129,81
150,36
153,1
153,-18
147,17
143,28
133,-62
101,-114
53,-142
46,-150
41,-151
-2,-154
-31,-152
-45,-147
-12,-136
86,-117
88,-126
47,-145
-2,-152
-50,-147
-40,-146
31,-145
79,-133
86,-128
103,-113
131,-65
149,12
138,65
109,108
100,120
109,111
121,98
135,72
151,34
153,23
147,45
142,64
143,64
148,46
145,54
145,57
151,25
154,-13
149,21
146,49
154,11
154,-14
127,-76
69,-136
26,-152
-2,-155
-7,-155
-15,-154
-69,-129
-135,-60
-144,-5
-87,102
-32,151
-49,141
-103,109
-110,106
-131,58
-153,8
-154,5
-152,-18
-135,-49
-73,-123
-47,-147
-73,-132
-112,-103
-97,-119
-115,-102
-80,-115
15,-144
89,-121
120,-92
138,-51
87,-105
-16,-146
-37,-150
-3,-152
-8,-154
-14,-155
-22,-154
-21,-151
-6,-139
99,-68
141,35
137,68
126,88
113,105
128,77
149,-3
148,-19
149,33
146,49
126,78
52,128
5,155
30,152
73,135
104,115
125,71
153,9
156,9
155,19
144,42
104,103
113,102
141,57
152,9
151,13
119,77
93,122
107,106
144,49
151,34
127,74
95,121
83,131
53,145
53,146
63,140
54,142
59,137
19,149
-12,144
-96,107
-137,55
-152,7
-155,-9
-152,-35
-143,-62
-135,-76
-127,-88
-121,-96
-132,-80
-115,-99
-112,-105
-136,-69
-143,-53
-154,-6
-154,7
-147,-34
-123,-89
-123,-93
-127,-90
-127,-88
-137,-70
-128,-84
-142,-14
-114,90
-77,132
-52,146
-54,146
-69,137
-83,129
-87,122
-97,115
-93,121
-104,108
-84,124
-97,120
-79,133
-74,134
-49,145
-62,136
-102,113
-132,50
-152,-20
-148,-48
-146,-54
-150,-31
-150,18
-128,80
-120,97
-137,59
-153,2
-155,3
-143,54
-133,81
-133,80
-136,72
-126,91
-121,99
-108,112
-114,97
-144,52
-152,26
-151,27
-152,29
-140,64
-116,102
-98,118
-60,141
-18,152
7,155
49,143
112,102
131,81
136,35
128,-73
111,-108
85,-127
51,-140
95,-97
143,-51
126,-85
115,-100
74,-129
101,-95
148,-19
152,12
118,68
0,125
-75,132
-40,149
-46,143
-106,103
-142,50
-133,-20
-70,-121
-74,-133
-113,-105
-126,-90
-141,-59
-154,-2
-148,40
-132,80
-133,76
-130,12
-105,-100
-99,-119
-131,-80
-138,-70
-138,-70
-152,-22
-147,42
-143,58
-146,52
-137,22
-92,-91
-33,-148
-17,-155
-52,-142
-115,-98
-143,-41
-143,-45
-147,-44
-131,-76
-86,-118
-34,-149
-56,-145
-89,-127
-78,-123
-24,-146
-24,-150
-6,-154
-36,-148
-98,-116
-82,-120
-24,-149
-68,-131
-131,-77
-150,-36
-150,0
-147,45
-150,22
-150,-33
-151,-26
-149,21
-146,30
-120,91
-110,107
-126,82
-147,43
-150,39
-150,41
-150,21
-151,-9
-141,44
-144,48
-150,39
-141,-10
-120,-90
-107,-109
-103,-112
-131,-81
-137,-12
-68,110
21,148
35,146
105,85
152,2
147,-51
138,-71
135,-66
144,-47
130,-82
137,-32
150,30
149,25
93,89
21,149
47,144
111,100
116,88
73,133
44,144
-44,127
-86,121
-33,148
-37,146
31,126
123,87
138,71
147,51
147,28
142,-42
135,10
124,89
112,107
95,118
28,138
-64,132
-116,91
-144,55
-136,73
-126,76
-122,-31
-83,-123
-41,-147
-2,-149
72,-122
115,-96
70,-134
27,-152
-4,-155
-16,-151
41,-137
52,-140
-36,-143
-102,-113
-58,-124
39,-141
100,-110
116,-101
67,-136
36,-144
106,-86
144,-52
131,-70
140,-57
147,-26
153,-1
151,26
137,60
122,91
127,82
46,112
-87,104
-142,53
-149,22
-131,-53
-95,-117
-52,-143
-49,-147
-65,-141
-9,-147
40,-146
0,-153
-17,-152
49,-136
115,-90
149,-36
153,-26
150,-21
113,-87
59,-139
78,-132
76,-137
66,-140
-3,-148
-53,-146
-92,-121
-128,-83
-149,-27
-152,-19
-152,-16
-139,47
-73,122
42,133
130,64
138,-41
83,-124
1,-149
-19,-147
49,-141
33,-143
-72,-126
-98,-109
2,-133
41,-145
19,-154
39,-147
95,-115
96,-117
24,-148
-30,-152
-71,-135
-65,-129
40,-130
72,-133
69,-137
30,-148
35,-145
28,-144
-49,-144
-69,-139
-77,-130
-85,-109
16,-132
20,-150
-29,-151
-13,-150
-5,-152
-53,-145
-76,-137
-104,-112
-104,-94
10,-128
98,-115
130,-69
135,33
83,118
28,151
34,151
90,115
142,51
148,39
134,56
74,126
67,132
126,78
148,47
151,-6
139,-66
141,-41
128,53
92,122
83,130
52,141
97,106
129,83
112,108
124,94
134,79
112,98
40,140
17,155
38,147
-22,141
-103,99
-115,96
-41,142
6,154
62,135
122,86
123,91
137,58
131,51
68,126
13,151
18,151
-18,149
14,150
77,128
61,133
57,135
128,63
148,31
143,55
151,33
150,-6
141,37
144,57
127,76
49,132
-26,146
-59,138
-17,152
-2,155
2,154
8,154
3,154
37,149
39,146
-8,153
-34,149
-54,144
0,147
98,103
139,62
90,111
35,150
50,147
87,129
103,115
114,102
106,110
68,128
1,152
-9,154
37,147
93,123
106,115
112,104
114,97
75,128
26,149
22,153
23,153
23,153
53,145
71,139
89,126
62,133
23,151
9,154
-10,149
-50,142
12,142
97,117
128,82
143,-7
110,-90
7,-139
-12,-153
-19,-151
-80,-130
-77,-129
8,-135
88,-120
75,-132
107,-103
140,-69
145,-59
136,-77
97,-114
43,-146
25,-151
31,-145
89,-122
111,-107
124,-88
115,-102
102,-116
77,-136
65,-143
60,-144
42,-149
92,-113
131,-83
126,-93
122,-98
117,-103
94,-121
71,-136
79,-132
90,-126
118,-96
141,-32
151,27
154,6
152,-30
145,-54
130,-79
103,-115
76,-134
19,-151
-39,-146
3,-142
4,-148
-42,-149
-43,-149
-77,-130
-107,-110
-107,-113
-108,-111
-122,-89
-150,-21
-151,14
-149,-25
-145,13
-130,72
-136,-9
-136,-67
-148,-3
-145,57
-120,91
-90,127
-93,125
-108,110
-99,116
-99,115
-81,132
-84,129
-106,111
-86,128
-67,139
-48,143
8,152
-38,139
-114,95
-142,64
-112,90
-15,145
72,120
134,61
137,72
126,89
128,83
149,28
148,4
117,-85
111,-105
129,-81
125,-79
147,-37
154,-12
155,-14
147,-45
149,-23
139,41
100,107
114,101
139,50
129,65
117,98
144,38
146,-39
140,-50
149,-23
132,-69
143,-38
145,17
116,93
94,121
72,136
70,137
64,140
67,138
79,131
76,134
63,140
69,138
94,124
69,135
34,150
16,152
-1,154
21,153
-7,153
-47,142
-107,103
-116,102
-101,116
-77,134
-60,145
-46,148
-38,150
4,153
79,114
138,-4
128,-85
122,-94
119,-96
136,-66
126,-88
88,-127
32,-149
-16,-150
-49,-134
18,-141
10,-153
-21,-155
-2,-153
41,-145
16,-151
-29,-153
-10,-153
31,-151
72,-129
127,-78
147,-51
147,-53
110,-101
51,-145
38,-150
3,-153
-51,-146
-93,-124
-90,-121
-50,-141
-97,-114
-139,-59
-134,35
-90,120
-104,87
-145,-6
-152,-8
-154,-6
-151,-2
-143,-47
-151,-16
-151,7
-137,-54
-140,-18
-107,90
-36,144
-42,139
-70,131
1,149
30,152
1,151
-31,145
-96,93
-142,57
-123,87
-99,113
-129,82
-137,63
-130,-26
-116,-99
-120,-98
-77,-120
5,-149
21,-154
-5,-146
-86,-120
-108,-111
-65,-131
12,-147
4,-152
-35,-148
-54,-146
-38,-150
-49,-145
-104,-110
-118,-100
-125,-90
-139,-71
-127,-89
-128,-87
-121,-97
-122,-98
-111,-109
-97,-122
-100,-119
-123,-92
-125,-86
-110,-106
-82,-127
-95,-118
-137,-64
-150,7
-148,45
-150,34
-120,90
-93,125
-115,99
-111,102
-62,140
0,151
85,119
103,101
35,144
-8,151
-42,146
-6,154
-4,154
-17,153
-7,152
-43,143
-46,146
3,153
47,146
71,139
95,119
138,53
154,7
153,-1
133,-65
88,-125
47,-147
9,-153
-48,-147
-97,-116
-138,-55
-148,-38
-145,-10
-113,86
-62,140
1,144
91,115
109,106
130,81
124,91
130,84
130,81
82,117
53,145
70,137
87,125
51,144
57,141
105,113
128,83
151,36
155,17
155,-6
154,1
152,-18
147,-48
144,-53
117,-97
61,-137
-4,-154
-12,-155
1,-156
-15,-153
-45,-148
-10,-150
-11,-151
-48,-148
-66,-141
-25,-137
71,-127
73,-137
52,-145
-14,-146
-78,-132
-62,-135
-2,-148
33,-151
-29,-142
-105,-108
-108,-110
-94,-122
-120,-91
-144,-20
-142,38
-120,-48
-43,-133
-9,-151
18,-122
128,-36
153,-12
118,-78
87,-126
100,-114
135,-65
149,-42
149,-43
145,-2
117,86
81,131
89,126
94,120
57,141
10,151
-32,150
-9,155
44,147
87,130
95,122
69,137
58,141
-2,147
-13,153
-3,152
-59,138
-65,139
1,152
61,142
67,137
54,142
90,124
67,135
62,140
87,128
68,138
51,146
74,133
115,101
132,75
84,108
38,144
45,148
39,151
34,150
-3,154
-30,149
-94,113
-136,40
-110,-76
-36,-140
51,-140
81,-133
85,-130
96,-123
76,-133
-7,-130
-124,-65
-155,-22
-155,-15
-137,-52
-97,-114
-79,-133
-110,-100
-145,-46
-152,-33
-141,-48
-81,-116
-30,-151
-31,-152
-40,-149
-41,-149
-72,-137
-80,-129
-53,-144
-94,-115
-101,-102
-68,-127
-127,-50
-133,57
-128,75
-135,71
-125,88
-134,22
-120,-82
-83,-127
-22,-141
76,-114
129,-10
126,79
99,114
45,142
0,155
-17,155
-29,152
-63,138
-112,65
-145,-28
-137,-67
-113,-103
-106,-110
-128,-84
-146,-36
-155,16
-140,62
-102,113
-97,111
-136,28
-127,-69
-114,-106
-122,-94
-135,-77
-117,-97
-120,-92
-149,-25
-154,19
-150,30
-147,39
-149,38
-152,31
-150,19
-152,-19
-132,-71
-118,-95
-142,-41
-139,-46
-98,-112
-13,-133
92,-110
80,-127
54,-146
60,-144
94,-119
129,-77
144,-53
122,-92
131,-72
148,-43
143,-61
143,-62
127,-87
109,-111
109,-109
132,-78
149,-40
153,-18
152,14
142,57
137,66
142,-3
108,-101
37,-145
-43,-145
-99,-118
-136,-68
-153,-18
-136,50
-46,126
37,146
7,150
-11,150
64,131
85,125
75,128
130,66
152,-1
147,21
87,101
15,149
-24,150
-46,144
-102,107
-127,88
-126,86
-139,27
-114,-79
-55,-134
46,-129
73,-134
26,-145
-68,-125
-54,-134
1,-151
66,-131
108,-109
109,-107
50,-141
46,-136
113,-97
137,-38
103,75
-13,134
-80,127
-33,144
-43,141
-112,83
-145,-1
-138,-63
-147,-47
-126,-64
-39,-134
17,-152
-10,-151
-85,-121
-110,-105
-57,-133
21,-148
54,-144
20,-151
30,-131
126,-50
154,-14
147,-45
132,-82
134,-78
131,-81
107,-106
83,-130
64,-141
67,-134
114,-94
129,-86
125,-89
67,-119
-71,-102
-145,-10
-151,-7
-151,19
-150,40
-148,41
-153,-6
-154,-17
-154,5
-147,-20
-91,-94
13,-143
62,-137
84,-123
-3,-140
-46,-141
13,-152
1,-153
-72,-127
-107,-100
-15,-128
83,-122
88,-128
109,-100
135,-6
147,38
148,43
146,46
152,18
138,31
25,96
-111,85
-122,95
-116,102
-139,60
-138,62
-100,114
-73,136
-108,105
-141,38
-134,-51
-112,-106
-104,-116
-119,-98
-128,-82
-127,-85
-88,-111
-29,-150
-10,-154
34,-147
97,-109
137,-73
127,-91
126,-74
132,32
119,94
127,81
101,114
78,135
26,137
-94,80
-145,47
-126,90
-126,85
-145,43
-141,49
-138,6
-139,-21
-86,95
22,145
39,144
-19,149
6,151
42,150
25,152
30,151
29,151
52,140
-35,115
-136,46
-148,-23
-148,-44
-150,-37
-140,-66
-147,-35
-154,21
-148,48
-126,79
-138,26
-143,-41
-100,-105
-34,-146
-13,-154
-78,-121
-128,-86
-141,-44
-125,62
-98,107
-133,22
-149,20
-148,23
-139,45
-62,123
-29,144
-88,118
-133,68
-140,-10
-131,-73
-88,-109
-58,-136
-108,-105
-133,-64
-117,-76
-57,-136
-73,-126
-109,-98
-31,-136
10,-149
64,-130
114,-99
140,-65
145,-41
146,30
130,80
88,119
68,131
69,129
10,149
-66,121
-135,65
-150,37
-139,63
-141,11
-135,-65
-98,-111
-53,-143
2,-147
78,-121
131,-70
121,-91
107,-110
117,-92
145,-48
146,-51
147,-46
151,-13
139,52
140,53
142,46
136,54
146,-29
118,-85
83,-122
108,-108
105,-117
108,-114
106,-114
92,-123
106,-97
145,-21
155,3
147,21
130,75
145,34
150,-36
128,-77
63,-135
0,-150
-82,-127
-118,-102
-142,-57
-129,-72
-129,-83
-137,-73
-145,-48
-155,11
-150,33
-114,93
-36,141
44,146
104,111
133,79
140,60
152,4
153,6
132,65
82,126
35,147
-24,147
-77,132
-107,112
-100,121
-97,119
-91,118
-14,149
46,146
83,131
89,128
87,129
60,136
-14,148
-13,153
2,149
-79,108
-138,54
-124,90
-79,127
-39,144
-77,131
-80,132
-37,141
28,151
14,154
-34,143
-102,109
-126,88
-111,104
-128,84
-126,90
-103,116
-110,93
-145,2
-153,-12
-147,-21
-133,-75
-128,-81
-75,-118
-22,-151
-62,-131
-133,-44
-150,-4
-148,9
-120,85
-78,128
-57,131
30,145
45,149
51,147
36,144
-45,139
-91,121
-129,76
-148,23
-129,-58
-71,-126
23,-143
64,-142
43,-149
78,-111
132,6
124,86
112,105
106,105
49,141
-8,150
-13,148
77,118
139,63
129,78
97,114
109,108
89,123
100,106
132,80
131,84
123,94
101,111
59,141
3,145
-83,118
-80,123
28,138
66,136
58,144
56,143
36,150
0,150
-55,143
-67,135
-102,110
-99,113
-127,73
-148,38
-153,20
-133,69
-94,122
-70,137
-12,146
-11,148
-53,145
-47,148
-37,151
-22,155
-27,154
-2,155
13,154
-11,154
-18,153
12,154
39,150
63,142
66,141
65,142
100,115
125,82
101,110
132,58
145,39
123,90
119,96
144,45
152,35
155,12
153,-24
134,-71
103,-113
115,-93
148,-38
128,-55
70,-120
118,-75
143,-58
115,-98
42,-139
-11,-152
1,-153
54,-133
112,-100
135,-21
141,48
147,42
148,-20
129,-83
116,-103
89,-126
51,-146
52,-141
-3,-143
-40,-146
26,-145
101,-101
147,-31
155,3
144,35
102,103
69,137
52,144
12,148
-74,123
-124,91
-129,89
-124,95
-125,92
-104,112
-52,143
-40,148
-68,132
-103,111
-66,136
-57,145
-19,144
72,129
80,133
71,138
81,130
116,101
124,89
146,23
151,-23
145,-39
121,-91
129,-82
115,-102
60,-134
-22,-151
-38,-149
-10,-156
-5,-156
-6,-155
44,-139
116,-86
147,-50
151,-29
143,31
116,95
108,107
141,40
122,-71
84,-129
85,-130
113,-104
121,-98
93,-124
90,-123
87,-126
45,-146
32,-151
69,-136
55,-140
-8,-152
-7,-153
-24,-152
-34,-149
-80,-126
-134,-67
-141,-56
-93,-107
-24,-149
0,-152
61,-134
61,-127
-48,-135
-89,-127
-93,-122
-67,-138
-96,-108
-139,2
-107,101
-67,135
-97,117
-124,70
-148,18
-138,64
-92,116
-45,148
-40,150
-44,148
-79,125
-114,100
-86,127
-86,130
-113,103
-135,50
-136,-45
-144,-39
-155,5
-156,-1
-152,-24
-143,-57
-140,-66
-114,-93
-54,-138
-30,-144
-88,-118
-49,-135
-29,-150
-78,-123
-111,-104
-67,-135
-15,-153
-1,-155
-48,-138
-106,-108
-112,-106
-105,-109
-91,-125
-100,-119
-114,-106
-109,-110
-100,-118
-110,-110
-118,-101
-128,-84
-148,-28
-144,-38
-142,-57
-149,-33
-136,-68
-128,-81
-149,-12
-154,30
-152,29
-153,26
-131,69
-112,104
-101,114
-59,140
31,126
133,58
139,64
125,93
135,75
145,25
138,-46
147,-29
129,-72
77,-129
88,-106
146,-29
153,-21
141,-61
134,-78
137,-52
146,29
150,39
153,25
155,7
145,28
132,66
144,-10
149,-43
135,-69
107,-109
112,-106
96,-119
116,-100
135,-78
144,-35
148,10
108,80
54,143
39,150
12,152
-17,152
30,147
110,86
150,12
113,65
11,134
-87,118
-104,115
-121,86
-150,34
-149,40
-145,48
-138,6
-117,-88
-87,-126
-58,-142
-3,-150
24,-154
-16,-150
-85,-120
-66,-130
-53,-143
-13,-140
50,-145
59,-142
98,-115
128,-83
120,-96
125,-90
120,-90
80,-130
80,-132
109,-104
108,-106
96,-120
105,-113
123,-89
119,-97
87,-125
116,-82
149,-6
151,-12
135,8
71,115
25,153
40,150
38,149
74,131
74,132
61,143
67,140
95,122
92,124
105,106
141,20
133,-72
115,-105
117,-92
146,-46
151,-7
150,35
154,19
151,24
152,24
148,38
150,10
147,-41
149,-8
150,0
97,-92
1,-151
-55,-142
-111,-100
-147,-27
-153,-22
-132,-74
-94,-121
-90,-126
-98,-116
-49,-140
-51,-145
-93,-123
-102,-117
-125,-85
-150,-18
-149,-21
-146,-50
-146,1
-132,75
-140,60
-146,47
-149,8
-154,-13
-155,0
-152,-9
-139,-59
-141,-60
-128,-58
-76,-124
-89,-118
-141,-44
-151,19
-121,91
-82,129
-106,110
-131,80
-144,51
-146,2
-128,-74
-66,-125
14,-148
-10,-152
-29,-151
11,-151
38,-151
13,-153
-5,-154
15,-151
54,-142
81,-128
126,-75
132,-77
134,-79
143,-65
146,-52
136,-71
122,-97
134,-74
152,-24
151,5
138,61
135,71
137,-18
73,-119
-35,-143
-96,-118
-137,-69
-151,-24
-153,-2
-146,47
-147,49
-148,14
-121,-73
-91,-122
-117,-94
-119,-92
-112,-98
-86,-110
-42,-149
-39,-151
-16,-153
38,-133
123,-36
153,20
154,13
147,-24
142,-15
144,48
151,37
151,41
151,37
151,9
116,65
91,118
125,92
127,86
115,98
104,113
134,64
149,-20
140,-67
124,-90
135,-60
154,0
151,26
150,29
156,0
154,-20
142,-63
141,-64
147,-52
142,-12
96,94
66,138
107,101
147,49
152,32
155,10
153,24
132,72
111,107
131,73
115,86
92,125
90,126
85,129
63,138
30,151
77,124
135,23
126,-80
129,-79
145,-38
138,-59
142,-59
147,-47
123,-87
93,-119
43,-146
32,-148
87,-108
142,-56
146,-18
127,70
119,97
122,90
64,129
1,152
-32,151
-42,144
-99,105
-119,98
-127,86
-140,64
-145,52
-137,67
-114,105
-85,130
-44,144
15,150
-14,149
-42,149
-71,132
-104,112
-69,134
-63,139
-42,147
-29,145
-106,81
-134,-19
-98,-107
-121,-93
-147,-35
-151,6
-143,-42
-129,-76
-109,-104
-135,-73
-132,-74
-99,-114
-41,-140
-27,-147
-87,-124
-119,-96
-85,-110
-12,-150
26,-149
76,-133
88,-125
64,-139
30,-152
30,-148
98,-102
147,-33
154,-25
153,-29
156,-15
155,-20
155,-24
154,-25
142,-58
109,-108
75,-135
35,-150
-5,-154
-82,-119
-141,-52
-146,31
-138,72
-146,37
-152,15
-145,-15
-138,-68
-148,-32
-148,38
-147,44
-144,50
-145,40
-150,37
-150,37
-152,23
-123,80
-75,132
-89,122
-117,101
-129,50
-106,-72
-35,-143
-43,-147
-74,-134
-67,-139
-56,-139
12,-145
-3,-152
-23,-155
-36,-150
15,-141
108,-78
147,11
148,-6
137,-70
130,-81
128,-77
147,-37
127,-78
107,-112
126,-88
137,-70
117,-98
125,-87
146,-36
151,22
138,64
116,100
96,121
109,108
141,65
152,30
150,31
146,52
151,6
138,-65
129,-86
142,-50
155,-7
144,32
98,107
66,138
93,122
132,68
148,-24
142,-61
109,-94
19,-147
-60,-139
-74,-133
-58,-141
-104,-106
-144,-53
-138,-61
-106,-108
-108,-109
-115,-98
-104,-113
-94,-117
-29,-142
61,-134
110,-107
131,-82
143,-58
137,-58
89,-116
111,-99
139,-68
147,-45
155,-19
155,-20
147,-49
135,-76
101,-115
90,-111
131,1
134,76
140,71
147,52
152,19
153,-29
154,-16
149,27
120,89
103,113
65,136
21,152
25,152
43,149
65,136
124,70
153,20
148,38
126,82
65,128
13,151
78,110
146,43
150,-1
137,-55
145,-1
146,-26
139,-66
133,-77
95,-121
73,-136
72,-133
27,-141
-43,-148
-15,-147
43,-142
49,-145
35,-150
28,-151
32,-152
59,-132
127,-52
147,32
141,64
147,48
142,54
108,105
95,122
111,107
135,67
148,31
116,89
81,131
100,106
143,6
139,-63
104,-113
92,-125
102,-118
98,-118
122,-92
133,-83
129,-85
134,-20
146,37
155,4
150,-38
126,-88
101,-117
88,-123
33,-146
-62,-130
-128,-80
-133,-75
-129,-80
-148,-19
-149,36
-148,-1
-152,-22
-138,45
-103,114
-90,126
-103,115
-122,89
-135,70
-107,110
-58,139
-42,146
-34,145
-7,144
-72,130
-86,129
-74,136
-77,129
-129,69
-153,19
-147,-35
-136,-70
-146,-38
-128,-70
-130,-63
-150,23
-141,64
-134,68
-131,65
-63,130
-62,132
-118,97
-139,45
-137,-46
-87,-118
-64,-141
-95,-118
-137,-64
-125,-58
-16,-126
36,-151
11,-152
-65,-137
-66,-133
21,-142
82,-131
91,-127
77,-136
53,-142
102,-75
144,-15
134,-52
147,-21
116,-80
83,-129
67,-138
76,-135
61,-140
35,-152
51,-147
72,-138
101,-116
86,-120
8,-144
-53,-140
-59,-140
-118,-86
-151,-36
-143,-56
-123,-87
-141,-59
-148,-49
-148,-47
-145,-50
-112,-98
-73,-135
-50,-144
-47,-144
-95,-116
-110,-107
-134,-74
-127,-80
-77,-129
-62,-143
-73,-136
-90,-128
-73,-135
-25,-149
40,-142
96,-114
74,-130
19,-153
-32,-151
-63,-143
-74,-134
-125,-75
-155,-13
-153,14
-153,-5
-153,-2
-147,-39
-149,-48
-154,-8
-147,44
-140,52
-142,-26
-117,-96
-119,-95
-148,-34
-155,4
-153,28
-152,35
-138,69
-125,91
-87,123
-51,146
-45,147
-65,138
-93,123
-52,141
10,154
63,137
99,118
86,128
102,115
126,85
93,112
72,135
117,91
120,89
105,115
107,113
126,79
143,-16
107,-103
104,-102
119,-91
30,-133
-83,-117
-88,-122
-109,-95
-150,-8
-153,23
-152,7
-150,11
-125,80
-83,128
-107,101
-140,66
-145,57
-151,29
-153,11
-152,13
-135,-49
-74,-124
-59,-142
-105,-108
-140,-67
-151,-34
-155,-11
-149,-15
-115,-84
-111,-84
-149,-9
-144,36
-88,116
-53,142
16,141
97,119
115,105
98,113
20,142
-69,127
-129,79
-142,59
-144,50
-145,23
-151,-26
-151,-32
-144,-56
-120,-93
-66,-127
45,-127
97,-114
19,-142
-56,-143
-56,-140
16,-145
63,-141
48,-148
23,-151
-53,-135
-99,-114
-21,-135
51,-135
-34,-134
-100,-119
-121,-93
-137,-68
-133,-77
-144,-18
-145,39
-107,99
-16,137
21,147
-34,148
-2,148
40,147
61,141
94,124
78,131
74,133
98,118
55,136
-41,132
-125,70
-153,20
-146,48
-145,56
-150,43
-147,47
-153,19
-155,14
-151,39
-139,67
-142,61
-145,44
-153,21
-152,25
-148,-13
-111,-89
-113,-95
-147,-43
-142,-61
-144,-44
-137,-60
-144,-51
-152,7
-108,88
-42,148
-21,155
-3,152
79,111
144,19
142,-56
147,-28
145,40
120,87
42,132
-25,150
-6,156
33,151
49,147
-4,143
-90,117
-67,134
15,151
71,136
22,135
-25,144
77,106
144,4
151,-35
146,-51
134,-80
113,-107
113,-102
104,-110
112,-98
144,-43
146,21
139,66
145,54
139,64
115,104
89,125
25,147
-29,151
-36,151
-32,150
-85,111
-142,40
-149,-24
-146,-49
-151,-8
-145,28
-119,90
-123,94
-139,62
-149,40
-142,49
-100,107
-56,145
-36,152
-22,155
-31,147
-93,115
-118,95
-76,129
-74,124
-133,41
-150,-11
-141,50
-117,101
-83,131
-60,143
-36,136
74,112
69,127
4,152
-28,153
-7,153
-8,152
-8,153
41,143
47,139
-49,131
-119,96
-121,97
-106,114
-117,93
-133,-5
-115,-96
-97,-120
-61,-140
-24,-153
-1,-152
41,-147
70,-136
46,-139
-70,-105
-149,-25
-155,-13
-155,-14
-153,-19
-153,5
-142,-23
-122,-90
-136,-76
-134,-61
-51,-119
19,-152
2,-156
-33,-153
-65,-141
-96,-113
-137,-56
-145,-49
-154,-12
-148,-20
-97,-97
-59,-139
-114,-96
-148,-18
-143,53
-134,57
-129,-44
-95,-119
-81,-132
-77,-132
-6,-138
25,-149
-2,-155
-20,-152
37,-139
81,-128
122,-79
150,-36
152,9
134,59
66,122
76,128
118,98
140,65
140,67
93,109
26,149
-8,154
-22,153
35,146
51,141
37,148
37,146
8,151
67,133
123,92
138,70
153,20
156,-15
152,-6
138,58
137,74
126,83
89,123
106,113
130,85
121,93
110,105
139,42
147,20
133,75
140,46
151,-22
153,-8
153,20
156,9
156,7
134,57
85,120
107,110
126,91
135,75
115,97
95,122
122,89
149,25
157,-1
153,-23
132,36
102,110
103,112
53,139
37,149
76,136
84,126
36,142
58,140
72,136
22,151
-7,154
1,152
76,127
121,99
121,98
101,112
78,128
102,114
111,107
109,106
53,138
-1,153
-55,140
-96,120
-119,98
-137,68
-147,11
-140,-55
-145,-56
-144,-54
-153,-14
-145,-24
-104,-101
-104,-96
-143,7
-146,51
-149,15
-145,-48
-126,-88
-100,-119
-113,-105
-137,-28
-142,54
-141,61
-149,34
-149,46
-142,65
-123,90
-72,130
6,150
38,149
81,129
56,135
-34,139
-104,109
-136,68
-121,85
-68,134
2,148
54,147
92,123
129,85
129,85
88,117
31,145
75,124
67,127
-28,137
-103,113
-97,121
-68,138
-10,152
16,154
-20,150
-23,145
58,138
99,118
122,90
147,24
150,-31
154,-30
145,-54
102,-108
32,-147
-27,-152
-53,-147
-57,-141
-109,-100
-60,-114
19,-147
-25,-151
-80,-130
-115,-104
-97,-118
-99,-116
-141,-59
-154,-24
-146,-6
-120,80
-119,97
-116,100
-85,128
-100,116
-121,96
-88,117
4,148
51,148
51,147
47,149
33,152
23,154
28,148
103,83
151,20
147,45
148,27
152,-1
154,18
155,23
155,26
154,17
139,40
46,114
-16,150
36,150
68,139
80,131
37,148
19,155
8,155
3,155
22,151
-40,127
-127,75
-143,58
-118,95
-43,137
57,138
110,103
147,31
153,-23
148,-39
147,-25
149,30
147,47
143,58
134,79
146,20
150,-38
153,-26
155,-3
150,17
104,90
86,119
130,81
138,69
141,62
151,39
153,30
141,58
120,94
138,63
135,57
109,107
114,94
141,-8
90,-103
-18,-146
-66,-138
-118,-93
-131,-82
-127,-88
-85,-113
23,-133
106,-105
139,-61
150,-18
144,-25
126,-83
140,-26
151,3
152,-14
155,2
155,-12
146,12
124,84
102,113
50,138
0,150
-45,141
-22,149
38,150
45,147
40,148
100,99
149,16
151,-36
150,-30
151,-1
111,68
11,140
-56,142
-14,145
81,124
121,97
106,106
41,141
4,156
-5,152
-56,138
-32,141
75,125
90,123
44,142
-22,150
-34,147
-73,132
-66,138
-100,111
-132,81
-142,46
-152,-13
-155,-11
-148,-26
-127,-80
-55,-124
57,-130
107,-109
102,-115
69,-134
6,-152
-22,-154
-63,-135
-111,-104
-83,-125
-19,-148
-3,-154
-34,-150
-89,-124
-125,-92
-137,-70
-151,-23
-118,-68
-60,-136
-91,-114
-141,-56
-146,-50
-143,-60
-132,-82
-137,-71
-152,-20
-154,3
-126,-49
-60,-133
-29,-144
-104,-83
-154,-7
-151,27
-121,87
-113,105
-129,71
-152,16
-142,-30
-117,-91
-67,-120
30,-143
30,-151
-17,-151
-57,-143
-67,-140
-69,-138
-101,-117
-106,-113
-95,-124
-86,-127
-47,-142
-75,-131
-86,-124
-26,-147
-3,-156
-39,-148
-80,-133
-60,-138
1,-151
18,-152
69,-126
133,-65
149,-46
143,-62
116,-99
42,-142
19,-150
54,-144
54,-146
19,-154
20,-153
35,-152
50,-148
64,-142
29,-150
-11,-154
-62,-137
-48,-138
34,-143
99,-111
140,-55
151,-25
120,-77
28,-141
25,-145
100,-108
142,-44
146,-34
108,-104
84,-131
64,-141
57,-141
109,-83
131,38
120,90
144,20
153,-11
140,-57
83,-117
-2,-150
-21,-154
-24,-154
-12,-142
96,-84
149,-27
144,35
131,81
139,67
110,85
57,138
81,131
119,85
148,9
147,27
130,76
105,107
136,62
141,-27
109,-95
138,-53
154,-25
154,-16
142,28
117,95
116,99
97,119
120,92
138,58
90,112
49,148
65,141
72,135
2,142
-96,97
-142,59
-147,54
-150,25
-152,-13
-146,-44
-145,-51
-150,16
-122,91
-109,107
-132,79
-146,42
-148,36
-125,88
-116,102
-132,72
-144,52
-107,93
-61,136
-54,138
1,153
15,155
11,154
-4,154
32,151
85,118
142,38
149,25
149,40
150,33
150,22
154,0
152,27
137,70
127,89
136,73
148,38
153,17
151,34
148,42
145,53
149,31
153,-24
150,-45
145,-57
150,-29
157,-7
156,-19
153,-34
147,-38
128,47
115,98
139,65
150,38
155,12
151,-11
134,-72
138,-69
150,-34
143,-44
99,-112
94,-120
109,-102
56,-134
62,-139
85,-126
91,-114
39,-147
1,-155
-32,-151
-79,-129
-132,-65
-143,-45
-103,-104
-97,-120
-91,-114
-7,-144
2,-155
-3,-155
-18,-153
-82,-118
-138,-66
-128,-80
-98,-119
-58,-141
-44,-149
-85,-125
-138,-57
-153,-16
-148,-4
-143,35
-150,-16
-153,-20
-151,-26
-147,-6
-141,52
-151,24
-155,6
-150,35
-148,18
-137,-52
-128,-85
-142,-64
-151,-19
-148,-27
-140,-61
-138,17
-81,120
-21,153
-53,140
-109,104
-133,81
-117,103
-79,127
-8,146
19,151
-19,137
-114,79
-144,48
-127,80
-141,57
-126,83
-112,101
-137,60
-143,60
-139,67
-147,18
-149,-36
-153,-23
-153,19
-142,61
-136,71
-146,40
-150,39
-147,47
-150,34
-139,65
-126,82
-142,9
-139,-64
-116,-101
-120,-97
-132,-80
-137,-74
-147,-48
-153,-1
-141,-23
-94,-111
-77,-136
-114,-102
-142,-63
-147,-43
-144,-55
-151,0
-141,63
-143,46
-153,6
-146,35
-136,70
-146,28
-150,-23
-122,-74
-121,-84
-127,-82
-103,-112
-66,-137
-82,-128
-122,-92
-146,-27
-142,53
-103,110
-74,132
-118,90
-143,56
-123,66
-20,136
29,153
52,148
69,137
113,102
105,112
104,114
137,72
151,27
151,10
146,45
152,33
154,18
152,29
151,33
153,-15
120,-85
94,-122
111,-107
134,-41
146,20
141,-43
135,-71
68,-121
-13,-153
-46,-145
-7,-144
-13,-150
-30,-150
-25,-152
-25,-152
-2,-155
3,-154
46,-137
49,-138
67,-122
132,-33
145,43
152,7
146,-47
144,-52
124,-93
98,-121
114,-83
146,8
141,59
125,91
111,109
89,128
73,138
80,133
104,108
125,79
84,124
73,136
22,140
-63,133
-24,138
12,145
-77,119
-127,82
-98,114
-92,121
-122,79
-147,46
-132,78
-119,92
-139,35
-140,39
-105,106
-29,147
15,155
36,150
69,135
121,84
151,25
147,34
96,100
42,147
31,153
22,153
17,154
33,153
23,153
22,147
97,110
139,56
151,20
146,48
150,39
151,29
152,-12
152,1
143,47
118,96
89,126
61,141
12,148
-60,136
-102,113
-87,127
-95,118
-53,140
10,152
-20,143
-78,129
-44,146
10,152
53,146
15,148
-70,121
-119,93
-98,120
-59,136
40,139
89,123
64,137
17,147
-38,148
-79,133
-97,122
-116,101
-124,95
-125,91
-89,118
-69,140
-69,139
-32,148
9,153
69,132
108,110
117,96
136,-1
107,-103
107,-113
121,-100
127,-87
109,-110
88,-127
39,-145
21,-146
-28,-145
51,-112
135,-5
152,17
147,-40
114,-102
103,-117
99,-119
116,-102
131,-78
144,-23
102,80
60,138
98,118
94,116
53,145
44,150
55,142
95,121
64,138
31,149
-30,121
-122,76
-80,117
-23,152
-28,153
-22,153
5,153
-31,151
-47,149
-53,143
-102,101
-139,58
-144,14
-142,-57
-144,-52
-154,-2
-153,-17
-148,15
-132,79
-133,79
-143,34
-151,-19
-149,-30
-153,-1
-153,31
-150,44
-148,39
-139,-28
-137,-67
-150,-30
-126,-68
-103,-114
-72,-129
-26,-152
-49,-141
-113,-46
-122,80
-129,61
-137,-39
-112,-103
-75,-120
20,-143
59,-144
71,-139
93,-120
122,-33
95,95
25,143
25,149
23,151
-36,144
-61,141
-34,153
-8,157
-24,150
-91,103
-145,35
-152,-2
-153,-23
-155,-7
-153,-12
-152,-27
-152,15
-137,68
-104,108
-116,64
-142,29
-129,84
-105,113
-81,131
-79,132
-79,131
-111,83
-147,-7
-150,-25
-119,-61
-27,-136
29,-150
-31,-135
-120,-89
-145,-43
-150,11
-148,20
-153,-15
-139,-53
-76,-117
-20,-152
-43,-144
-104,-114
-129,-86
-149,-30
-135,-35
-32,-114
76,-127
76,-135
100,-104
141,-52
140,-64
140,-68
122,-96
125,-91
143,-57
152,-39
141,-63
107,-107
89,-123
57,-134
-36,-144
-106,-102
-149,-22
-143,52
-136,74
-145,58
-144,48
-148,-17
-133,-73
-107,-110
-120,-96
-115,-94
-135,-13
-144,53
-126,89
-87,125
11,138
103,108
79,125
23,151
36,149
39,146
-7,152
0,156
17,154
-4,151
-53,143
-75,136
-43,145
4,156
10,152
-49,140
-88,126
-64,140
-40,149
-30,151
-62,137
-59,138
31,139
123,81
131,76
96,117
76,135
88,128
108,111
69,130
22,151
28,152
-11,149
-32,145
30,150
67,140
79,134
68,138
54,144
81,130
75,133
74,134
79,127
4,146
-9,149
65,138
96,118
134,69
131,81
108,111
91,127
80,132
96,117
59,136
8,148
-60,137
-91,125
-115,102
-93,120
1,140
95,120
121,97
100,114
90,126
89,121
30,146
-11,152
-62,136
-82,131
-86,122
-112,98
-68,133
-12,151
52,142
61,141
60,139
106,111
128,87
141,66
119,87
61,138
57,143
116,91
133,75
121,96
131,80
144,58
147,48
153,-2
145,-36
150,9
151,9
150,19
150,41
154,29
153,31
150,37
150,-16
150,-26
133,43
110,104
126,82
108,105
115,103
128,84
148,18
147,-43
146,-7
151,19
149,-29
110,-94
113,-100
126,-92
104,-112
66,-138
100,-103
146,-27
152,22
154,4
152,-35
153,-35
154,-28
153,-6
155,10
151,-25
140,-65
128,-88
135,-77
109,-95
3,-141
-35,-150
-14,-152
-73,-127
-118,-100
-106,-102
-135,-14
-150,38
-144,57
-127,69
-120,-41
-116,-104
-116,-103
-99,-119
-100,-116
-108,-105
-66,-137
-69,-139
-75,-135
-35,-148
36,-140
60,-139
10,-153
26,-150
85,-115
139,-57
150,5
136,63
86,118
85,125
71,132
25,151
-10,154
-3,154
-7,152
-62,135
-110,104
-94,119
-74,129
-123,47
-128,-64
-86,-123
-46,-146
-7,-146
63,-137
87,-126
96,-118
69,-135
13,-154
24,-149
82,-126
79,-130
-12,-142
-104,-107
-146,-22
-153,32
-152,32
-126,78
-72,135
-81,128
-115,101
-108,109
-123,83
-143,49
-146,-3
-153,-10
-145,43
-112,102
-106,112
-78,131
-45,148
-8,152
28,151
78,120
129,86
132,83
125,88
93,120
59,140
-8,146
-59,140
-55,143
-76,133
-68,137
-69,138
-57,145
-55,145
-11,148
50,143
112,90
146,39
123,84
107,111
99,120
101,118
119,97
132,80
74,115
-22,146
-41,151
-23,147
73,116
137,68
136,73
137,72
136,72
142,63
150,43
153,26
154,-10
136,-64
124,-89
119,-91
120,-85
58,-137
33,-151
55,-145
92,-120
117,-100
127,-88
142,-50
153,3
153,17
152,-3
150,37
141,68
130,86
128,84
148,16
151,-35
153,-32
153,-31
145,-51
139,-36
138,52
135,76
137,74
137,72
141,26
146,-42
137,-71
133,-82
145,-55
154,-23
146,-40
119,-98
82,-130
13,-147
-31,-151
-42,-148
-31,-149
-71,-125
-139,-35
-139,52
-145,18
-155,-3
-153,16
-130,-41
-85,-122
-30,-147
49,-137
107,-105
140,-62
151,-36
141,24
91,111
46,145
6,150
-21,154
11,154
45,149
14,146
-70,128
-86,126
-56,144
-27,153
7,156
-8,151
10,153
72,134
123,94
144,61
150,34
146,-37
131,-81
141,-64
136,-74
126,-91
95,-119
92,-120
77,-128
68,-134
116,-98
111,-104
41,-138
-65,-130
-86,-126
-66,-137
-77,-124
10,-135
111,-83
142,-44
66,-114
-3,-152
28,-148
81,-125
53,-139
5,-154
15,-154
50,-146
97,-118
112,-107
121,-88
142,-60
141,-49
142,26
127,84
135,71
154,14
147,24
125,88
111,109
76,129
53,144
18,145
-44,145
-91,114
-132,78
-124,89
-62,131
23,150
73,136
60,142
62,143
37,141
-42,142
-38,147
-21,150
-77,124
-133,64
-151,19
-149,-26
-130,-77
-98,-116
-63,-140
-36,-151
-49,-147
-105,-105
-146,-51
-147,-46
-146,-51
-152,-16
-151,33
-124,81
-39,138
31,147
107,92
113,84
19,139
13,148
22,144
-54,140
-89,124
-124,82
-146,22
-145,39
-127,88
-101,113
-53,142
-58,142
-61,143
-41,149
19,143
57,138
-4,149
-38,150
-73,132
-127,61
-155,11
-151,-13
-137,-65
-139,-67
-146,-52
-150,-34
-137,-51
-130,-72
-149,-1
-132,73
-99,118
-71,135
10,140
98,112
78,119
15,150
0,154
7,151
-12,150
41,147
46,147
51,143
78,131
38,146
11,156
6,156
-8,155
-52,136
-96,117
-44,142
-6,152
-28,152
-47,146
-55,143
-34,149
17,148
85,128
110,109
124,91
133,69
95,116
94,123
132,79
149,45
150,35
142,53
148,36
152,-9
153,7
155,-3
152,-28
139,-71
138,-68
131,-77
118,-99
138,-49
147,26
137,66
150,23
154,-22
153,-23
154,2
153,-15
154,-26
155,-17
155,-15
155,-6
153,-20
126,-81
82,-131
40,-150
31,-153
62,-136
94,-120
42,-139
5,-154
3,-156
-29,-152
-36,-150
-42,-151
-76,-136
-107,-113
-104,-115
-116,-101
-98,-112
-118,-55
-111,81
-21,144
36,149
60,141
38,147
7,154
37,150
51,146
21,149
-58,123
-137,41
-155,0
-154,-4
-151,-17
-149,11
-130,80
-108,110
-131,64
-142,-24
-83,-106
-11,-150
11,-155
17,-156
11,-154
-2,-153
4,-152
7,-148
-85,-112
-117,-95
-44,-133
-23,-142
-112,-95
-150,-44
-142,-47
-67,-116
-19,-147
-75,-131
-53,-138
-18,-152
34,-132
125,-66
152,-15
143,-51
106,-109
46,-146
-35,-138
-115,-96
-114,-97
-119,-94
-94,-116
-46,-146
5,-150
78,-120
126,-86
115,-103
119,-96
122,-95
128,-88
126,-88
139,-45
150,11
145,-36
144,-49
146,-45
97,-112
72,-136
100,-110
138,-36
152,26
151,34
149,1
152,-5
153,-3
148,-31
146,-8
147,25
143,-45
131,-83
99,-117
63,-140
85,-127
94,-121
118,-96
134,-33
113,80
96,120
98,120
113,108
96,116
32,144
-9,153
55,128
136,62
123,68
41,135
-4,155
33,148
104,89
151,1
156,-11
156,-9
152,13
153,12
145,30
115,93
70,132
-5,147
-26,152
26,152
39,150
42,146
-24,141
-54,140
1,151
3,146
-29,143
57,133
107,109
141,47
156,6
153,-19
146,-50
148,-46
145,9
118,90
120,97
139,67
149,14
123,-74
80,-132
76,-136
71,-139
67,-140
53,-145
69,-139
82,-131
81,-132
36,-151
17,-153
39,-148
-29,-137
-113,-101
-139,-66
-150,-40
-153,-7
-145,49
-125,90
-119,97
-104,108
-131,71
-149,7
-139,29
-91,116
-36,143
61,134
125,80
153,25
147,39
132,79
125,86
75,120
19,152
-18,151
-62,129
-128,40
-148,-32
-148,-48
-152,-29
-148,-36
-128,-79
-102,-111
-128,-76
-153,-14
-145,-5
-132,-69
-142,-60
-147,4
-117,90
-89,125
-112,104
-122,93
-115,101
-93,124
-94,118
-134,57
-152,18
-147,-18
-144,-56
-150,3
-143,61
-139,68
-121,96
-101,119
-113,99
-142,52
-148,32
-151,-20
-153,-19
-142,-46
-146,-39
-147,33
-127,83
-140,58
-148,41
-152,-5
-147,-44
-115,-91
-99,-117
-99,-114
-55,-140
-17,-152
-39,-143
-87,-125
-82,-132
-110,-105
-148,-29
-155,18
-151,-5
-151,-32
-153,-1
-152,29
-150,-4
-147,-44
-143,-55
-119,-88
-95,-121
-122,-96
-125,-91
-90,-123
-54,-144
-48,-147
-74,-135
-66,-139
-65,-139
-47,-137
30,-146
26,-149
-17,-154
-37,-151
-40,-147
-76,-130
-91,-124
-85,-129
-109,-111
-104,-115
-123,-85
-132,-72
-127,-87
-147,-51
-154,-9
-117,67
-26,144
26,152
67,134
123,90
107,103
69,132
31,150
34,151
42,147
49,145
48,144
111,100
123,90
109,107
49,120
-79,112
-135,71
-106,103
-82,130
-110,106
-130,84
-137,76
-143,62
-128,82
-88,123
-37,148
11,152
57,142
84,126
78,131
104,108
140,60
142,-23
123,-92
90,-123
25,-148
-37,-148
-27,-150
-24,-150
-24,-143
69,-124
96,-121
95,-122
117,-96
118,-91
68,-133
96,-116
119,-101
116,-107
101,-118
122,-77
151,-20
153,9
152,28
152,-10
144,-56
136,-70
118,-98
89,-122
38,-146
81,-111
142,-55
142,-52
96,-117
48,-147
42,-146
98,-104
107,-94
44,-144
50,-143
79,-133
92,-126
106,-107
138,-64
102,-92
-20,-140
-70,-139
-40,-146
20,-150
57,-144
27,-148
-56,-141
-75,-134
-53,-144
-71,-137
-72,-135
-104,-114
-94,-125
-92,-128
-112,-106
-134,-75
-132,-79
-127,-86
-141,-44
-132,-58
-95,-117
-59,-144
-37,-149
12,-153
17,-154
-15,-154
-13,-154
-43,-147
-75,-136
-78,-134
-55,-145
-58,-143
-93,-125
-116,-98
-147,-35
-148,-34
-143,-53
-136,33
-88,122
-59,143
-84,130
-67,137
12,150
37,146
11,153
45,148
50,145
15,153
8,155
37,149
86,127
128,74
149,36
150,34
151,31
143,-30
99,-108
111,-103
137,-69
147,-10
149,39
142,61
134,73
85,119
54,143
-7,142
-44,145
34,142
111,99
140,61
136,74
137,72
145,54
143,56
138,73
146,22
135,-67
115,-101
132,-69
148,-26
129,-78
100,-119
101,-115
114,-102
75,-134
46,-147
56,-145
54,-144
39,-144
-39,-147
-76,-135
-97,-120
-108,-107
-144,-40
-148,32
-128,84
-84,127
-77,129
-124,78
-122,88
-122,93
-134,72
-87,117
-69,139
-89,126
-112,104
-127,85
-129,83
-130,79
-85,127
-72,137
-59,140
-55,141
-76,134
-33,149
36,143
62,135
35,150
31,149
14,151
86,105
145,22
148,18
143,-26
136,33
102,110
90,125
127,63
135,-52
122,-93
130,-30
102,90
17,140
-58,138
-46,145
-60,139
-82,132
-108,95
-139,-9
-128,-82
-91,-113
-35,-145
-64,-137
-63,-138
-76,-135
-104,-114
-122,-96
-125,-86
-87,-125
-106,-101
-145,-33
-144,-15
-128,60
-139,53
-140,63
-138,69
-137,63
-129,73
-137,58
-143,-11
-88,-105
-30,-148
5,-153
22,-153
28,-152
65,-139
96,-107
133,2
128,81
134,69
115,98
83,124
13,147
-21,154
9,153
40,150
23,152
11,154
-14,154
-6,154
-16,153
-38,150
-29,149
32,149
53,145
69,138
115,100
104,108
79,134
68,138
69,136
114,103
129,88
139,68
136,73
136,75
144,23
109,-89
37,-146
-23,-153
-33,-148
-96,-106
-146,-47
-155,-20
-152,12
-131,77
-130,80
-138,68
-133,78
-122,93
-110,106
-130,84
-130,84
-88,116
-20,152
25,147
73,132
40,146
-8,149
-76,128
-124,89
-145,55
-146,52
-127,86
-116,104
-121,90
-142,55
-120,89
-35,137
40,149
88,123
135,38
121,-81
79,-134
30,-147
13,-147
87,-119
132,-61
153,4
142,-29
98,-109
98,-72
119,63
122,93
123,89
120,95
135,74
149,16
145,-51
138,-69
146,-13
135,58
84,121
39,148
-27,142
-100,111
-133,73
-149,21
-148,-32
-128,-78
-129,-83
-112,-91
-32,-140
-36,-149
-55,-146
-82,-128
-129,-84
-147,-46
-153,-2
-149,-29
-127,-80
-71,-123
26,-140
-1,-144
-56,-142
-34,-152
-31,-153
0,-153
34,-152
45,-150
29,-149
-10,-149
36,-146
73,-127
117,-100
108,-111
125,-84
138,-67
96,-115
25,-148
39,-131
126,-59
152,6
151,30
146,56
146,22
113,-82
113,-92
148,-38
151,-21
131,-62
132,-73
149,-25
141,44
137,72
147,43
151,-1
135,-69
134,-76
137,1
111,95
42,133
-59,133
-115,94
-128,77
-69,132
-53,145
-72,134
-42,144
-3,156
20,153
85,112
144,24
144,-51
133,-63
148,-2
153,-16
147,-28
128,53
76,127
34,151
6,155
9,156
19,156
-4,146
-92,110
-104,106
-35,144
-63,128
-87,124
-5,147
89,117
134,71
124,91
90,113
42,137
100,105
124,86
124,83
76,128
7,145
-76,126
-99,114
-28,143
41,147
14,150
-56,130
-118,96
-132,76
-132,78
-128,83
-127,83
-121,96
-120,98
-106,114
-99,120
-102,117
-97,122
-96,119
-113,102
-90,122
-118,82
-150,30
-155,11
-154,24
-153,7
-140,-49
-131,-81
-121,-96
-102,-116
-65,-138
-55,-146
-62,-142
-88,-122
-133,-77
-150,-38
-148,10
-135,72
-125,90
-90,124
-89,127
-95,121
-52,137
-73,122
-88,124
-37,146
16,148
-25,147
-16,153
24,153
75,128
133,38
148,-34
142,-18
128,68
129,87
98,107
9,144
-51,144
-99,112
-130,70
-132,-26
-87,-115
-13,-146
12,-155
5,-156
-2,-156
-27,-152
-59,-145
-53,-144
16,-140
111,-80
145,-54
141,-62
114,-96
38,-142
-29,-151
-67,-138
-94,-120
-36,-140
10,-154
35,-147
91,-122
116,-101
79,-129
86,-110
138,-60
146,-43
152,-3
153,-19
150,-37
148,-16
91,-91
24,-145
68,-133
106,-107
140,-58
121,-84
77,-133
43,-145
-48,-137
-90,-123
-55,-142
-75,-134
-110,-97
-142,-51
-145,-55
-151,-33
-149,-43
-151,-23
-112,-77
-42,-142
3,-153
26,-149
89,-98
133,18
123,93
128,90
142,63
114,83
-1,131
-84,124
-98,106
-4,140
15,149
-56,138
-78,133
-73,138
-76,137
-104,108
-137,25
-152,3
-150,0
-136,-65
-133,-81
-135,-75
-144,-36
-140,50
-113,103
-113,99
-140,34
-142,-44
-131,-80
-127,-88
-142,-61
-153,-13
-143,-36
-115,-97
-78,-131
-61,-143
-36,-149
8,-152
53,-145
76,-136
89,-124
109,-106
90,-122
98,-119
90,-127
58,-143
80,-129
69,-139
21,-150
9,-153
6,-153
-24,-152
0,-147
77,-123
74,-131
48,-147
61,-142
28,-150
16,-151
21,-152
-3,-154
1,-154
-17,-155
-20,-153
-67,-138
-77,-136
-78,-132
-125,-85
-140,-68
-144,-50
-134,-67
-120,-99
-130,-81
-146,-47
-138,-64
-142,2
-112,98
-120,92
-145,49
-154,7
-156,-10
-155,-1
-129,55
-38,134
-26,150
-51,142
-108,93
-148,47
-152,34
-153,9
-150,10
-93,97
-52,135
-118,77
-137,69
-124,94
-109,103
-69,136
-30,147
47,142
117,90
147,47
127,62
50,132
22,151
79,124
84,123
40,148
12,153
1,153
16,154
22,154
22,146
-40,144
-47,144
-94,115
-133,40
-129,-65
-100,-114
-40,-141
25,-149
24,-153
51,-140
103,-112
107,-115
106,-112
131,-82
137,-73
137,-74
132,-82
127,-88
107,-106
91,-119
131,-72
140,-52
73,-120
-28,-145
-88,-127
-106,-107
-68,-133
-91,-118
-123,-94
-138,-71
-146,-29
-140,44
-141,54
-138,67
-131,80
-139,56
-74,103
31,145
34,151
-2,153
-30,153
-31,152
-62,138
-89,125
-69,139
-29,149
-46,135
-98,115
-75,134
-5,150
51,146
4,144
-80,124
-124,84
-113,93
-30,144
-41,134
-102,112
-68,137
-13,153
12,155
49,144
97,120
122,93
103,98
45,143
-24,140
-71,133
-50,145
-84,129
-98,121
-41,138
81,104
144,42
125,78
84,126
28,147
-1,154
0,155
46,144
102,116
113,106
93,112
36,146
47,147
71,134
88,125
79,132
64,137
-24,125
-112,90
-69,130
-69,125
-115,95
-103,110
-133,66
-145,50
-150,30
-154,-2
-154,11
-154,4
-152,-21
-147,-29
-147,-42
-151,-36
-122,-81
-56,-135
-43,-142
-100,-115
-95,-121
-85,-129
-111,-104
-52,-118
56,-133
113,-100
134,-78
127,-87
97,-118
107,-111
119,-100
127,-89
113,-107
114,-105
116,-102
53,-135
-50,-141
-110,-107
-120,-98
-106,-113
-87,-127
-91,-120
-134,-72
-132,-72
-114,-104
-116,-100
-106,-108
-139,-61
-155,-11
-152,32
-128,82
-127,66
-150,-10
-153,-6
-142,55
-132,75
-142,3
-146,-46
-154,-23
-144,-45
-112,-99
-102,-116
-114,-103
-90,-121
-83,-129
-110,-108
-99,-118
-104,-116
-109,-110
-130,-85
-117,-98
-100,-114
-45,-141
-26,-155
-60,-144
-60,-142
-53,-144
-112,-99
-144,-48
-142,36
-140,58
-152,31
-142,59
-120,100
-97,122
-63,142
-3,152
67,135
113,101
92,120
64,139
35,152
22,153
73,127
110,108
119,98
106,110
99,121
109,112
126,75
149,-13
125,-83
73,-133
38,-149
-4,-154
14,-151
39,-150
47,-148
75,-135
99,-118
103,-114
86,-129
67,-132
-30,-141
-106,-113
-131,-84
-139,-64
-137,-50
-136,47
-131,72
-145,-4
-126,-74
-86,-126
-86,-131
-105,-114
-134,-70
-142,-61
-127,-83
-79,-126
-39,-149
-20,-152
-66,-137
-96,-122
-116,-102
-106,-110
-96,-123
-99,-121
-93,-121
-47,-142
-20,-153
19,-151
55,-145
58,-144
-6,-144
-111,-87
-144,-58
-148,-35
-152,19
-154,14
-153,27
-123,85
-53,132
59,133
81,123
12,142
40,141
76,133
102,107
94,115
104,111
65,120
-59,91
-124,-43
-100,-112
-13,-130
106,-86
141,-62
145,-34
150,-15
140,-50
147,4
149,15
129,65
129,70
77,115
2,150
-40,149
-77,130
-126,75
-153,25
-155,12
-150,-17
-96,-90
29,-120
129,-32
153,22
142,54
116,102
109,110
131,73
145,52
124,84
65,130
2,151
-19,153
23,153
71,136
122,88
144,53
131,80
122,95
118,90
37,132
-53,138
-109,106
-128,87
-114,106
-121,81
-149,22
-153,20
-136,56
-92,117
-112,101
-128,88
-131,81
-104,109
-73,138
-68,141
-46,147
8,153
-20,134
-121,68
-153,19
-153,21
-150,-13
-136,-66
-146,-33
-140,52
-108,110
-95,123
-110,82
-122,-45
-105,-108
-135,-53
-141,39
-116,101
-86,128
-49,147
1,153
45,148
43,144
-6,153
-6,157
-22,141
-111,47
-147,-37
-153,-30
-146,16
-110,98
-64,140
-69,132
-86,119
-10,147
66,133
82,120
56,141
103,108
141,60
138,72
138,70
150,26
133,58
95,118
81,134
49,143
7,155
31,149
24,148
-15,153
-54,143
-81,133
-67,138
-74,131
-61,138
-37,150
-5,148
89,114
119,97
93,120
104,111
96,116
78,130
119,94
105,109
75,134
50,146
47,147
76,138
89,130
100,121
119,99
144,45
152,27
149,0
130,-75
66,-130
13,-155
-32,-146
-76,-131
-38,-147
-54,-142
-38,-137
14,-152
12,-150
73,-130
101,-119
117,-101
135,-67
113,-88
20,-143
-63,-137
-110,-109
-132,-71
-150,-16
-153,-19
-156,5
-134,61
-111,93
-139,11
-152,-31
-149,22
-130,81
-116,88
-134,-10
-118,-95
-101,-118
-65,-130
43,-127
118,-96
142,-46
151,-27
136,-67
133,-41
136,55
132,80
132,81
146,54
149,43
155,13
156,-15
155,-23
150,-32
142,18
118,93
72,130
6,151
-48,146
-43,145
21,151
42,151
69,138
104,116
114,104
118,77
122,-53
90,-125
68,-134
-13,-143
-62,-142
-89,-125
-92,-122
-84,-124
-133,-48
-132,-44
-111,-93
-143,-25
-135,68
-134,63
-148,-15
-151,-34
-150,-40
-150,-35
-139,-58
-109,-102
-59,-140
-15,-152
7,-154
2,-153
-61,-135
-91,-121
-120,-86
-114,-92
-59,-138
8,-142
77,-129
66,-136
96,-115
99,-118
65,-140
53,-145
86,-123
54,-132
-34,-147
-63,-138
-26,-145
50,-136
72,-137
59,-142
-10,-149
-75,-132
-29,-137
57,-137
113,-102
132,-80
110,-97
42,-145
-18,-153
-69,-139
-98,-119
-68,-128
1,-151
53,-134
73,-124
2,-149
42,-137
62,-133
-41,-137
-84,-131
-73,-134
-76,-132
-105,-109
-139,-43
-154,-11
-154,7
-150,23
-133,61
-135,70
-132,81
-106,110
-16,135
27,147
-28,149
-23,154
-10,156
-42,139
-120,67
-149,-11
-152,8
-149,9
-130,-56
-142,-49
-152,-24
-143,34
-107,107
-72,135
-52,146
-78,127
-128,64
-152,12
-153,-2
-152,-25
-151,14
-133,-8
-88,-112
-29,-146
42,-143
93,-124
111,-110
128,-75
149,-22
133,-60
83,-126
86,-119
134,-61
109,-91
13,-145
-46,-148
-75,-135
-114,-100
-118,-94
-104,-115
-101,-116
-66,-136
-51,-141
-75,-130
-17,-147
14,-153
-59,-126
-137,-66
-147,-24
-137,55
-126,87
-115,101
-110,104
-104,108
-137,65
-134,72
-129,26
-130,-69
-132,-73
-116,-97
-132,-79
-144,-56
-140,-67
-146,-47
-148,-3
-133,69
-136,28
-146,14
-137,64
-147,19
-154,-9
-151,-24
-151,-25
-140,-41
-92,-113
-63,-140
-40,-143
46,-134
118,-89
149,-34
150,-36
152,-25
148,-38
140,-65
149,-44
150,-44
148,-3
148,43
151,39
153,9
141,-50
115,-102
94,-121
31,-142
-64,-132
-125,-88
-112,-103
-62,-138
-49,-142
-117,-81
-139,-59
-127,-84
-79,-118
-30,-149
-22,-144
31,-146
15,-153
-14,-153
-40,-148
-100,-106
-147,-42
-148,-45
-142,-61
-148,-47
-141,-50
-94,-112
-96,-120
-101,-117
-74,-133
-51,-145
-41,-144
12,-152
-17,-152
-77,-133
-108,-112
-108,-112
-94,-124
-102,-116
-122,-92
-138,-44
-133,62
-76,129
-7,153
10,155
17,155
6,156
6,155
24,152
53,143
105,108
145,50
155,18
154,20
149,35
150,22
134,-60
95,-121
93,-121
61,-137
37,-149
66,-139
90,-125
118,-99
86,-119
76,-121
134,-46
154,-1
