   -10,      0
  -118,      8
  -261,   -255
   -83,    291
  -142,   -607
   -23,    137
  -110,     59
    63,    108
    76,    441
   156,   -490
   527,   -174
  -229,     67
  -391,   -422
  -238,    216
  -330,   -120
    96,     70
   330,    242
   381,   -245
   100,   -145
    28,    455
  -178,    303
    76,    276
  -182,    -30
   -23,   -156
   291,   -334
    11,    340
   254,    952
   589,    459
   345,    427
   474,    -81
   212,   -274
  -294,    -71
   -32,    107
  -430,    396
   -22,    -54
  -118,   -229
  -659,   -115
  -131,    281
   -93,   -404
   216,   -125
  -314,   -275
   -56,    334
   288,     78
   388,   -444
  -302,     55
    31,    -88
    77,    368
   157,    237
   425,    154
   778,   -125
   157,    151
  -333,    266
   -52,      3
   101,   -411
  -112,   -404
  -240,      4
   121,   -104
  -573,    -53
   -20,     73
   -54,    154
    43,    404
   419,    699
    46,    -90
   -83,   -352
   172,    -36
   396,   -209
   354,   -420
  -293,    -76
    60,    190
  -132,   -299
  -220,    286
    54,   -164
  -243,    152
    45,   -241
  -289,     12
  -201,   -155
   400,   -767
   422,     79
     8,   -156
   -67,   -238
  -316,     75
   101,    369
  -461,   -100
  -393,   -257
   185,    432
   -87,   -159
   108,   -346
  -145,   -260
    83,    232
  -387,   -417
   -67,   -125
    -3,    -59
  -335,    247
   -13,   -229
    98,   -141
   309,    530
   -95,    665
   132,    -56
   235,   -121
   -72,    140
    51,    314
   496,    205
   -64,    167
  -409,   -478
  -139,    307
    59,    -53
   366,    359
  -105,   -182
   129,   -111
   309,     61
  -212,    121
   522,   -286
  -289,    -83
   147,    -12
   -95,     11
  -441,    330
  -264,    202
   463,    -70
  -105,     46
   -51,     66
  -138,    201
   438,    278
   357,   -372
    54,     40
    28,     10
    40,    237
   322,    171
    72,   -161
  -615,    159
  -164,    -28
  -373,    -29
    90,     71
  -385,    -18
   513,   -114
  -111,    130
   -36,    359
   -80,   -124
  -388,   -183
  -311,    115
  -377,    531
    60,    -34
    47,   -363
  -527,    -87
  -245,   -118
  -475,     -2
   292,    151
   104,    533
    51,    367
   -32,   -141
  -415,   -470
    15,   -174
    77,    120
   370,    390
   -23,    238
    81,   -109
   354,    174
    45,    -56
  -536,    -41
  -181,    -41
   350,    392
  -210,     69
   -45,    168
    62,    167
   324,    -56
  -235,     78
  -392,    -25
    -3,    240
   -50,   -364
   -63,   -256
   318,   -110
  -169,    -52
  -265,     33
    96,   -259
    66,   -208
  -286,   -315
   174,   -243
  -117,     37
   172,   -643
   -24,   -562
     2,    243
   -88,   -201
   317,    237
  -298,      7
  -281,   -385
  -143,    -24
   132,    -49
    -6,    -91
   116,    503
   -98,    189
  -392,   -254
   169,     51
  -395,    353
  -181,    336
  -255,    178
   858,   -221
  -202,    -77
   184,   -191
   564,   -147
  -274,    -16
  -187,    360
   397,    364
    58,    183
   -13,    -35
   -74,   -321
   340,   -113
   -75,   -238
    74,    -56
   290,    586
   133,    370
    93,   -282
   253,    153
   249,    458
  -188,   -293
  -101,   -129
   200,    -99
   396,   -210
  -124,   -211
  -204,   -156
   299,      3
    30,   -164
  -179,     86
  -230,   -507
   238,   -244
  -137,   -168
   376,   -237
   167,    -78
   -14,   -261
   -39,    -36
  -210,     25
   395,   -144
  -147,     18
  -230,    594
   123,   -414
   129,   -513
   141,     23
    66,    -33
     2,   -336
   831,     69
  -637,    -45
  -105,   -177
    67,   -317
     7,   -105
   -56,    489
   134,    123
  -227,    145
   289,    326
   320,   -153
  -201,    486
   107,    118
     9,     31
  -134,   -350
   279,    -73
   338,     -3
   283,    -99
    84,    107
  -168,   -735
   126,   -135
  -525,    309
  -172,    -62
    61,    104
   321,   -220
  -194,   -113
  -169,    110
  -121,     98
    41,    -81
  -131,    -95
   -48,   -298
   411,    -26
    42,    271
   262,    366
  -224,    509
    61,    218
   -59,    -25
   -63,     81
    73,   -450
  -230,   -284
    91,   -149
  -335,    293
   181,   -391
    78,   -324
   295,   -211
   -61,     60
   341,    253
  -341,     13
   127,     81
   172,    -26
   125,     55
   196,    653
  -119,     58
  -316,    -47
    -9,     51
  -354,   -210
  -427,    518
  -109,     40
  -370,    412
  -480,    -57
     8,   -209
    56,   -310
   410,    -18
   194,     16
   278,   -136
   190,   -373
  -504,    597
  -219,   -144
  -406,    189
  -438,    335
  -177,    -65
   -10,    -36
   492,   -115
  -338,     12
  -166,   -218
    84,     79
    35,   -300
   197,    171
  -244,     42
   -25,    -21
   119,    256
   717,     26
    44,   -188
  -432,    -46
   293,   -105
  -176,    104
   407,   -155
  -476,    136
   -70,   -415
   205,   -166
   142,     52
  -214,   -116
  -254,    -20
   171,    -47
   114,   -577
  -277,     -1
  -275,    -77
   218,   -268
  -369,    579
    78,    218
  -390,    276
  -288,    -45
   193,   -132
    76,     -6
   -39,    192
  -115,    -79
  -311,   -210
    59,    263
  -232,      4
   488,    103
   180,    185
   -12,   -266
  -155,    192
   387,    733
    31,    161
   103,   -166
   -62,    409
   -72,    -34
   522,   -158
   101,    -25
  -500,   -163
   762,   -145
    30,    119
  -225,   -251
   520,    -40
   106,     31
  -248,   -224
   141,    137
    86,    155
   204,    225
  -137,   -122
  -199,     84
    21,     35
  -185,   -200
  -510,    255
   436,   -113
   237,    458
   161,    346
   385,    123
   -76,   -165
   -48,    106
    25,   -301
  -231,    -62
   -95,    133
  -216,   -155
     1,    -84
   -37,    112
   186,   -242
  -169,   -275
   425,     19
  -371,    -80
  -239,     37
  -268,   -349
     9,    274
   134,      8
    14,   -258
   246,    164
  -612,   -429
  -250,   -312
    24,     26
   173,    411
   351,     61
   177,   -369
    20,    -96
   147,   -273
    16,     18
   132,    290
    71,    -17
    92,    -77
   351,     -7
  -337,     36
   -95,    210
   -64,    211
  -212,     33
  -276,    112
   233,   -138
    70,    376
   382,     53
    49,   -633
   -64,    -25
   222,   -330
  -254,    104
   290,     -1
  -106,    118
  -115,   -166
   119,    251
   -20,    345
   401,     61
  -468,    286
  -297,   -375
   301,    304
    92,    191
   187,    284
   205,    502
   191,    -15
    84,   -387
  -253,    161
    66,    -75
  -194,     64
   -73,     74
  -138,   -184
     4,    -13
   238,     72
     0,   -241
     8,   -279
   296,     38
   157,     75
   137,   -274
  -151,   -184
   554,    266
    44,     10
  -439,    349
    81,   -166
    -2,     87
    61,     55
    67,   -167
   340,   -105
  -208,     48
   342,    -50
     1,     26
   269,   -585
   112,     30
   -42,   -213
    35,    294
   444,    155
  -327,     39
   254,    -41
   -48,    194
   438,   -391
    40,   -230
    97,   -677
  -312,    133
   581,    436
   -37,   -187
   -17,    277
    68,    129
   157,    217
   189,    174
   114,     64
   121,   -202
  -509,    -92
   -50,     69
  -120,    247
   126,   -252
  -175,    391
   -85,   -257
    64,    -51
   329,    117
     5,    247
   -67,    -20
   173,   -371
   101,   -235
  -129,    300
  -290,   -371
  -150,    309
   116,   -101
   -53,   -234
  -288,    -68
  -113,    268
   185,    403
  -290,   -192
   -55,    271
   190,     56
   -94,     71
  -230,    270
  -313,   -897
   127,    -43
    40,   -513
   -93,    103
  -337,    155
   294,    -78
   271,     45
  -160,   -438
  -161,   -419
   -37,    -47
    26,    154
   104,     98
  -288,     36
   381,    -14
   176,   -213
   -68,    291
  -298,   -108
   584,    161
   -14,   -245
   307,   -326
  -103,   -202
    64,   -590
   -38,    405
  -206,    232
  -282,   -149
   538,     48
  -222,   -216
    85,   -440
   -17,   -220
    96,   -249
    -4,   -166
   150,    -43
   284,    237
  -233,    -76
   228,    289
  -256,   -510
    53,     27
   131,     91
  -189,   -159
   -89,    -89
   441,    -44
    70,    -99
    40,   -273
  -201,    100
  -280,    -40
  -269,   -316
  -145,   -290
   -52,    176
   136,    178
  -177,    -52
    34,    415
    57,   -274
    13,    326
    -3,      2
  -198,   -192
   -25,   -301
   -54,    -69
   209,   -334
    72,   -394
    50,    442
  -158,    208
   470,    139
   298,    260
   373,    194
   -93,   -177
   260,   -119
  -458,    -19
  -350,   -101
  -586,   -135
   100,    288
   337,      8
   142,    321
    75,   -161
   300,   -103
  -123,     87
   -49,     39
   -92,    -93
  -123,   -171
   308,    -12
   248,    111
   178,     69
  -105,    102
  -191,   -326
   142,    245
  -140,     66
  -427,   -378
   -22,   -474
  -283,   -242
  -311,    305
   387,    429
  -421,   -337
   -52,    -88
   157,   -249
  -164,      1
  -318,     40
   211,   -242
   -45,     90
  -253,    -19
  -232,    139
  -365,   -320
  -234,   -850
  -102,    148
   245,    315
   353,    -91
    33,   -395
   190,    -78
   167,    136
   193,   -344
    85,     54
  -296,   -106
  -102,     25
  -197,     48
    56,     75
    25,    -90
  -100,    -31
    35,    -19
  -253,    158
   -18,   -154
   256,   -162
  -402,    279
   302,    391
  -159,   -196
  -173,    320
   -29,   -118
   253,     53
   261,    517
  -342,    -49
   161,    542
  -117,   -477
   270,    -86
   209,    -87
   367,      0
    77,    -86
  -170,    248
  -644,   -704
   120,    -82
   116,   -251
  -340,   -316
  -174,    200
   229,    204
   145,   -211
   133,   -373
  -110,    330
   126,   -116
   -90,     -8
    24,    -66
   338,    387
   279,     22
   330,    -58
   484,    -50
    25,   -157
   340,    -46
     7,    -37
   137,      3
   281,    348
  -160,    208
    48,    141
    -2,   -146
    44,   -178
  -106,     43
   404,     69
  -303,    207
    25,    182
   -52,     62
  -206,    281
   102,    -69
  -218,    -99
  -121,    -74
   -14,   -157
   443,    -59
   151,    -91
  -181,   -464
   195,   -123
   570,    153
     7,   -661
   146,    -28
   521,    -12
   270,   -394
    19,   -327
   -12,    -73
   230,    -75
    20,    246
   239,    347
   185,    -15
   270,    223
   134,   -522
   180,   -281
  -409,     43
    57,    485
     5,     79
     7,     44
  -377,   -399
  -146,    399
    83,    -55
   101,   -278
   217,   -214
    76,   -260
   177,     53
   316,    -87
   173,    -16
   -49,     98
  -162,   -232
   -43,   -197
    20,     84
   -20,   -108
   198,    -95
   139,    -95
    63,   -201
    26,    -28
   124,     84
   245,    267
   -83,    144
  -313,    256
  -446,    104
    98,    209
    90,   -202
   -25,     93
  -415,    262
   255,   -313
    21,     34
  -127,    226
   160,   -156
  -130,   -211
  -167,    -53
  -157,   -189
   144,    -36
  -162,   -180
   122,    351
   -28,   -267
  -155,    -48
   312,     66
   256,     97
  -152,    102
   267,    -90
   152,    -68
   410,    189
  -102,    278
  -238,    -56
    69,    186
   -40,   -206
  -295,    110
    23,   -633
    -2,   -284
  -317,   -280
    -8,   -296
    -8,   -128
    17,    -35
     4,    210
    69,     99
   177,    174
    10,   -462
  -302,    255
   -88,    168
   180,    167
  -218,    221
    26,    -52
   278,    183
   208,    -90
   218,     -5
   126,    404
  -582,    161
    76,     83
  -551,    198
   165,   -273
  -161,    149
  -213,    212
  -157,    -57
    71,   -524
  -277,     44
  -394,    135
   150,    -71
   -57,   -121
   272,    396
    12,    281
   172,     55
    19,    286
   -91,   -105
   -49,    365
    19,   -274
   101,   -446
  -333,    109
  -207,   -517
   -84,   -184
   222,   -282
    58,    106
    96,     35
     4,   -306
   -93,     94
   -33,     42
   -17,    409
  -102,    148
  -251,    183
   211,   -148
    45,    151
  -162,     50
   -18,     66
   -82,    176
     9,     98
   209,   -211
    62,     46
   326,    -27
   -69,   -118
    -9,    228
  -541,   -274
   127,    187
    62,    204
   233,    158
   160,     60
    31,    -50
   -15,    432
  -438,   -184
   -48,    -39
   140,   -245
  -213,     43
   -66,    -18
  -608,   -208
   120,    -75
   -41,   -332
  -113,    109
   228,   -435
    66,    371
  -215,   -289
  -226,    -32
  -122,    363
   194,    337
   381,   -195
  -246,   -244
  -174,    150
  -298,    108
    66,    102
  -427,    110
   182,   -162
   102,    -37
   131,   -313
    42,   -111
   110,    148
   381,    -22
    19,    273
    89,    215
  -278,   -124
  -166,   -239
  -323,     21
   309,     68
  -305,    118
   133,     84
  -493,   -216
   -89,   -158
   160,   -112
    -6,     97
    -9,    125
    99,    159
   191,    -74
   -38,   -150
   249,    158
    32,    -13
    27,   -424
   -41,   -145
   143,     81
   -39,   -433
    -6,    -38
    33,     50
  -462,   -298
   -19,   -114
  -276,   -333
   -98,    419
  -213,     31
   158,     74
   -71,    -17
   102,    131
   130,    266
  -338,     52
  -193,    131
    37,   -108
  -536,    187
   -10,   -146
   -98,    296
    81,     95
  -228,     22
   225,     83
   325,    -40
   209,    147
   375,    -66
   117,    565
  -254,     -7
   -47,    -58
  -140,     12
  -181,    141
  -171,    -90
   -93,    216
   -38,   -183
   -22,     80
   239,   -137
  -242,   -350
   -19,    -73
    98,    155
   118,    213
   217,   -459
   294,    162
   225,    -78
    70,   -161
  -288,   -405
  -251,   -247
   -84,     -4
   335,    281
   102,   -418
   515,    250
  -231,    381
  -367,   -155
  -252,     60
    82,    274
  -255,    263
   -19,   -265
  -162,   -414
  -223,     15
   140,    -19
  -133,    -33
   -54,    -60
   150,     97
   366,    119
  -127,   -422
  -100,    161
    27,    -22
   200,    118
  -226,    -32
    24,    -95
    -2,    -65
   360,     77
   146,    137
    53,   -151
  -263,    -90
   174,    352
  -118,     76
   -56,   -227
   402,     92
  -446,     98
  -197,   -520
   145,    119
   131,    316
   -70,   -345
   102,    293
    92,    115
   -79,   -134
  -408,    283
    -1,     83
  -402,    -20
  -225,   -125
   -44,    153
  -127,    -62
    30,     -7
   307,   -294
     9,    419
  -103,    145
    28,    173
   263,     30
    30,    380
  -129,    197
    49,   -273
  -116,    116
  -224,    149
