                    0,                     0
                    0,                     0
             10660415,               -725345
             41831884,              33861290
             18228354,             -17112234
            -25942507,               -469465
            -49332951,              -9107925
            -21278174,              56064164
            -59597870,             -30588363
            -41279396,             -21042939
            -91376622,             -43152306
            -61362753,               6384667
            -96672226,               4330817
            -83502413,              47524513
            -77090030,               1813359
            -55947543,              56868808
            -82691025,              45414157
            -52773775,              56490277
            -30531106,              17152460
                67721,              10826674
            -29766825,              24642995
              4137030,              40460309
             25172356,              12443037
              6926690,              48368627
             12450808,             105130726
             28079883,             115775586
             -3074982,             142971344
             23126230,             140367940
             57063060,             115179771
             96938271,             124575904
            118484182,              84150899
            151718218,              56728816
            142355524,              22956408
            142679371,               8668835
            156621223,              19267961
            150552557,              29400848
            154767006,              17483790
            164664290,              -5834350
            167197267,             -37421883
            147766341,             -23225279
            147697363,               6272616
            145197049,             -16337963
            126667480,             -38050103
            119267036,             -70805878
            125818413,             -98061115
            101853482,            -116011817
             94651573,             -92238860
             85700408,             -81216433
            114592660,             -81956116
            138953622,             -90548564
            161434130,             -98289404
            167350538,             -79370962
            166036449,             -63553726
            159468948,             -59970544
            149974642,             -44802126
            180519500,             -57947022
            191273881,             -82886716
            177276009,             -64145731
            159134179,             -74038641
            159945187,             -84502663
            186037556,             -66373141
            202019772,             -74272204
            219400004,             -82890734
            214213730,             -89186098
            226416753,             -88863607
            222326682,             -58317325
            233601587,             -66980615
            249626723,             -79688917
            234060704,             -99503801
            230357449,            -116435233
            208631570,            -111877189
            188125058,            -133466726
            178788499,            -131262750
            157787204,            -138259739
            140643991,            -128520770
            138809232,            -135675470
            140896092,            -120226958
            140642877,            -106541175
            145049560,             -92066920
            130911890,            -107961365
            145906113,            -124992580
            142979848,            -151857645
            147537957,            -166627684
            139294557,            -147509924
            150542509,            -146040898
            128579109,            -153344636
            122459908,            -153666378
            125806103,            -135940541
            141802635,            -135926423
            130014454,            -131948173
            114523604,            -125647954
            125359033,            -116115155
            166823309,            -124255294
            161421836,            -125727113
            159283812,            -113274323
            153887301,            -110930955
            145771867,            -100200628
            157825618,             -88847747
            153951170,             -97556962
            170962914,             -86719786
            173429571,             -80472183
            172740015,             -86745620
            171881289,             -96470965
            161967041,             -92836733
            155021301,             -83261497
            153084503,             -95122033
            153617762,             -83924241
            152019844,             -78206312
            144209690,             -71502500
            131215596,             -62492435
            131776870,             -42116063
            132093132,             -33694928
            117797259,             -32946108
            116599392,             -39189791
            103407774,             -24570039
             85756905,             -44484969
             89000606,             -42991082
             98160440,             -35656880
             93435837,             -36322044
             76942995,             -31738201
            150552217,             -63912454
            158365008,             -65059778
            159216181,             -73569413
            163582754,             -78258441
            161838613,             -64215169
            196383449,            -167280816
            195268035,            -168966976
            191756430,            -176992045
            178931160,            -189445911
            177020375,            -193718931
            180932849,            -178768766
            192215905,            -174744690
            195502271,            -179202466
            187435621,            -172134778
            178957377,            -172787477
            167627451,            -156908596
            172838350,            -167041997
            167154089,            -173300233
            168411795,            -170955229
            165028551,            -165880686
            166352390,            -165964778
            152961948,            -158937928
            151105570,            -163756227
            154758471,            -173041553
            164300357,            -161373103
            174382960,            -164412022
            173005682,            -167241053
            171923035,            -155450728
            180907174,            -145354552
            185299315,            -142834061
            185552196,            -143158553
            175772846,            -134466399
            158834624,            -107314486
            160718864,            -110480028
            159468504,            -112682771
            137342593,            -114081623
            139581971,            -114113310
            123770317,            -118112742
            120716096,            -119459572
            133099686,            -113573929
            133296590,            -116139089
            127526240,            -101905591
            138864862,            -118353754
            168096767,            -121507627
            175196899,            -123313335
            172521977,            -112003727
            169799003,            -113369902
            155855508,            -112605979
            145032666,            -115549520
            153424047,            -104470813
            157955305,             -93105600
            150982475,            -107572134
            160429582,             -97066577
            162847164,             -84374507
            158891825,             -95363080
            154493233,            -102136642
            152532103,            -105199077
            131767618,            -101972053
            131516942,            -102079756
            129041271,             -98915248
            116179578,             -92137407
            114196043,             -99111558
            104727607,             -90274127
            104481556,             -93834827
            100670375,             -86716995
            104093333,             -76135412
             96349032,             -52620347
             74130063,             -89113343
             73949561,             -89599472
             68781771,             -78508463
             69089958,             -69463021
             69629198,             -75286097
             65241210,             -69228626
             73355269,             -72042278
             83161500,             -71872237
             81486878,             -74237490
             81439148,             -67948295
             67920706,             -63932259
             71952864,             -57629208
             76726774,             -58789290
             72930161,             -56146235
             68338400,             -57919722
             61872718,             -61824674
             36743600,             -61118818
             35941087,             -60322532
             40381147,             -64015681
             30053295,             -68678201
             27868806,             -82054696
             25710826,             -81175629
             30147543,             -72284633
             34194168,             -66789911
             22947479,             -58584949
             28442832,             -53151365
             32925270,             -55373898
             23661227,             -47478917
             10072793,             -31697742
             17095050,             -29927128
             27346544,             -32707503
             32186877,             -21113287
             34101032,             -11413391
             27573878,             -28006938
             34535336,             -38767318
             34900396,             -33563116
             39967386,             -37347970
             30619204,             -43768712
             31228973,             -46171768
             22778368,             -43047939
             14204021,             -39742021
             -1642377,             -40128938
            -10601598,             -43135814
            -16042156,             -47185153
            -12311778,             -35681012
            -14025114,             -37009962
            -18654452,             -42153698
            -14254220,             -36537237
             -5566462,             -27870549
              3428910,             -78279707
              3703492,             -80912134
              5685830,             -79867685
              1985033,             -82781769
              9461907,             -73527869
             15791209,             -76871409
             13884464,             -90332171
             11264108,             -92416152
             16261558,             -80439210
             11307110,             -66521049
             15621370,             -71012424
             20425420,             -64796448
             16895127,             -58570467
             23433494,             -67660028
             70104857,             -68389783
             69220648,             -68679929
             61257567,             -57000015
             70325576,             -53615198
             80214445,             -59300725
             90642111,             -66340807
             89057353,             -67786705
             93772893,             -62551061
             94162004,             -64362918
             91010951,             -54681923
            104233131,             -43164379
             99922293,             -41157727
             88204835,             -47758572
             99233699,             -60753472
            125057131,             -53276002
            144405439,             -50010074
            126996629,             -48611762
            122548031,             -52591972
            114030907,             -51093442
            114649289,             -39954377
            120415696,             -42877590
            124112562,             -42792290
            119718946,             -50865133
            118585712,             -71604390
            101446865,             -60119434
             95813960,             -60363633
            101917371,             -54312637
            102650082,             -37552727
            104635039,             -38841006
             96199660,             -31799322
            101635744,             -37563050
            105213202,             -43011061
             92613985,             -55894561
             92033655,             -54356007
             80238040,             -46812789
             90589999,             -48178471
             81695499,             -38990851
             67578500,             -26346286
             67009399,             -23821415
             71698448,             -17305195
             73400788,             -22117885
             62576965,             -36353591
             62440048,             -36867189
             58721580,             -38730654
             55374723,             -45252465
             53409832,             -46140738
             50262044,             -47437149
             39787803,             -41265598
             43391224,             -32198584
             47623692,             -24905363
             54428275,             -36150686
             53711583,             -47454551
             55929664,             -54465680
             56950406,             -56410619
             51640070,             -49126675
             56894519,             -46245499
             59161455,             -40203014
             61849649,             -30784521
             92702983,             -38001951
             92104514,             -38464616
             80126830,             -37968880
             86797462,             -43028770
             79500409,             -55672885
             78387865,             -50728502
             66478852,             -50131968
             69793785,             -39337467
             63555214,             -59914390
             54264184,             -60499682
             56899226,             -61036092
             61806757,             -55494330
             59427394,             -51605550
             48018099,             -50542428
             56722804,             -45907151
             48192234,             -47367465
             51830437,             -47818691
             43334502,             -43688656
             48644532,             -32068207
             62628538,             -37652622
             57644111,             -47740365
             60963499,             -34990314
             59288919,             -18887126
             57735285,             -21857629
             62358248,             -28792287
             67818947,             -18343442
             73311181,             -13889778
             70831876,             -17615671
             72893786,             -11226128
             69767206,              -4880280
             78699295,                899984
             83651761,              -6010448
             64239046,              -2111938
             49229475,               7912181
             67805726,              12782090
             64135368,               9066527
             56467641,                726859
             66142788,               2272408
             62628423,              -1864007
             67915734,               6159001
             76107237,               6886828
             67051345,              13339714
             66209980,              11161732
             69203371,               5736782
             64678322,             -12672170
             65590073,              -8285282
             58288094,             -19631350
             56254143,             -17340334
             65774639,             -20015551
             66507527,             -21191874
             64280349,             -17890494
             66790929,             -23521630
             59343908,             -24891676
             62410190,             -21603467
             59867023,             -29669310
             53185125,             -34444971
             61430343,             -29430873
             49358845,             -29390196
             42147329,             -26677604
             29451006,             -22529038
             42019628,             -30494186
             61059020,             -13479049
             55817707,              -9220211
             57329995,             -13236927
             61954964,             -13112777
             55252361,             -10982832
             54396445,              -4239589
             54932287,               2191286
             50655072,              11457730
             30134196,              -4372540
             32947827,              -4361136
             20566634,              -2581115
             12957543,             -16752243
             16754465,             -22453276
              1260891,             -28221929
            -26246141,             -19870329
            -25187156,             -24917391
            -26431406,             -17302284
            -33131657,             -13982038
            -28220755,             -11421150
            -36697766,             -13549318
            -41186093,             -13180615
            -46080678,              -7961419
            -47974923,             -24550108
            -40904579,             -27538702
            -37424339,             -16532650
            -37120933,             -18604937
            -37984697,             -12690768
            -36570650,                796826
            -37806418,                -33118
            -42189281,              -6741018
            -40313852,             -13515294
            -25265507,             -17354265
            -20642448,             -17968067
             -3009307,             -26739338
             -5516690,             -27053183
            -16777680,             -27160713
            -29543778,             -44519391
            -30474855,             -48189080
            -35946824,             -55404320
            -30044127,             -44792425
            -33593684,             -31671624
            -40113810,             -16528853
            -33321271,              -8902563
            -27343625,              -1565936
            -31134727,              -5568407
            -32708726,                 28788
            -36870524,                -87778
            -38441009,              -8876417
            -38185673,              -9787509
            -45364577,             -16100562
            -38017020,             -15957849
            -51550393,              -8494648
            -41611928,              -3191040
            -45338677,             -12748119
            -41853875,              -2607617
            -37327468,                736883
            -41342912,               6828217
            -35994241,               5009733
            -39654251,               -667653
            -33003891,              10469037
            -26193755,              16750977
            -22405367,              20392603
            -13637284,              24359822
            -13951586,              28706914
            -22201521,              31439551
            -19304469,              16660447
            -27909405,              24675381
            -32639651,               2976163
            -33855473,              -2131571
            -53731261,              -5117216
            -61936553,              -1044634
            -52289342,               3700968
            -57888345,               8884532
            -64635927,              17597913
            -45109393,              25698405
            -39442425,              25931747
            -39318056,              34422223
            -42922957,              36379934
            -30687475,              34737761
            -30829470,              34855643
            -35983733,              27424961
            -33801797,              51592565
            -54948430,              17100709
            -52453714,               8963305
            -49950015,              15891619
            -39391253,              18317711
            -48580606,              18315999
            -29508848,              16290055
            -30432376,              16112730
            -23787911,              23832415
            -19346123,              18908886
            -19249566,              27458578
            -22099655,              21568508
            -17700362,              15111173
            -29629577,              19722612
            -18548826,              13571551
            -22650441,              11280069
            -12076096,              11077214
            -10280817,              12456266
             -5799706,              15483958
             -8881862,              16450252
            -10531636,               9479864
             -6898060,              14767072
            -18246022,               9175095
            -23567130,               2393369
            -28946449,              -4584401
            -34397422,             -17991941
            -39462195,             -28954342
            -36067133,             -30602246
            -38171575,             -20627508
            -43700610,             -18570116
            -53059201,             -18361710
            -49045284,             -19059489
            -57926692,             -16106847
            -36856810,               -168429
            -36309307,              -1997088
            -38027007,              -9947172
            -55481510,             -11580592
            -57348199,              -9192446
            -42194384,             -12900755
            -37153657,             -16105678
            -43234502,             -14193377
            -37734439,             -10057744
            -48524954,              -5795071
            -41965784,             -19597656
            -33733852,             -16363082
            -33829871,              -8602130
            -38043280,              -6849270
            -44331460,              -8192322
            -39944652,               -887919
            -49250531,              -2129733
            -57054451,             -15515465
            -60082467,             -12278991
            -61711260,             -10260688
            -54308504,              -7404917
            -54287781,             -10449338
            -43022757,             -11805131
            -45898007,              -8967442
            -50157552,               -649808
            -47481056,             -10518039
            -49277789,             -16277274
            -42299608,             -13191971
            -28425678,              -7874508
            -29335012,              -4237465
            -42855207,              -6888683
            -48972004,             -10738342
            -52720891,              -4920931
            -51253960,             -16272519
            -45756670,             -20335980
            -53437090,             -19745260
            -53922966,             -15947629
            -54267808,             -24911697
            -48961829,             -22580902
            -37588712,             -28009485
            -34794376,             -25159313
            -28674702,             -24476522
            -34905633,             -25146428
            -41549930,             -20130551
            -42697733,             -14878882
            -40457773,             -21646742
            -38105888,             -14187716
            -27238602,             -10617412
            -18197128,              -1518680
              4311423,               2401765
             17001519,              17993797
             20334031,              14582881
             17277522,               4443286
             13061971,               9303021
             11587497,               5031279
             13866680,              14306093
              8101604,               4005622
              6805826,              -7534448
              -762325,               5308234
             -3866073,               8839966
              8746933,                993757
             13705918,               4692634
             18469258,              13654423
             10155315,              12425824
              4711151,              15288867
               -91642,              20404236
             -4551324,              30250154
            -12959787,              17946755
             -8531246,               7934439
            -13913007,               8335483
            -13379678,              -1459803
            -14427567,               5705711
            -13907445,             -10430583
            -16171178,             -10937416
            -22537216,              -6804524
            -29091904,               4066979
            -32829530,               5666644
            -32140097,              10234406
            -35893370,              16384085
            -29015825,               8253348
            -30288144,               2229116
            -23024324,               6982017
            -15195102,               8278714
             -6051458,              12429392
            -15090309,              12155796
            -15824873,              16434349
            -18361291,               9955124
            -19766022,               6075265
            -23460841,              -1420618
            -16062481,               -515277
            -16618453,              10604796
             -6488881,              16053689
            -12669181,              17535115
            -22479992,              28018308
              8192551,              -2525463
              9965162,              -7823519
              5530538,             -16556359
              1970879,             -21566891
             -3932785,             -14492513
             -9661530,              -4134435
            -23606852,              11318743
            -20415704,              13201565
            -21820553,               4494139
            -29485573,              19537101
            -27512737,              20644221
            -23682004,              16872269
            -23223934,               9074396
            -18647055,               4184122
            -16993864,               7041262
            -21599885,               9202944
            -11283923,               8096602
             -8695585,               5849808
             -7759423,              -7858306
             -3168459,              -1429609
              1000601,               6344673
              3467942,              -5641863
             -3925194,               1242130
             -2063834,               9090285
             -4173619,              14615585
             -1780513,              17063763
              4465378,              18161835
             -1420863,              18609974
             -5718018,              11596055
             -1112101,               4073187
             10137427,              11294812
             20641697,               4054185
             20451403,              -2584173
             32264461,               3616086
             31458793,               -381425
             19250535,               6192634
             10057908,               5703153
            -10181964,               1206469
             -4444123,             -22013795
            -12331377,             -10356000
            -46419873,             -12326872
            -48156058,             -11211983
            -52203960,             -19598224
            -57551239,             -14657613
            -59521209,              -9243496
            -58818311,             -16389642
            -51292790,             -12104574
            -59099169,             -17044099
            -47514043,             -23359034
            -55209988,             -25494165
            -55230467,             -20780443
            -51808529,             -13620898
            -51313067,             -17572808
            -49291390,             -11773059
            -51220720,             -17147987
            -59101207,             -16456403
            -62631038,             -17499771
            -72868273,             -17117535
            -79555600,             -21443610
            -78984940,             -18741428
            -71728149,             -19724546
            -75653649,             -27558967
            -74001805,             -33999668
            -63218660,             -32707322
            -67166000,             -27203854
            -74851277,             -32747637
            -68977163,             -39156862
            -62491385,             -40489537
            -72398422,             -38833095
            -52859510,             -49581023
            -84582725,             -26990787
            -84355061,             -26376843
            -81548135,             -33747760
            -72380529,             -39109063
            -65941006,             -39408414
            -53659729,             -37225017
            -54724567,             -28761765
            -39277424,             -18523483
            -57946114,              -8261984
            -55994515,              -5609143
            -43136685,              -4563534
            -38887926,             -21176034
            -28183720,             -21456785
            -38671001,             -23708616
            -58143128,             -20650030
            -57528265,             -23502343
            -59949419,             -14180239
            -47489795,             -19369716
            -35415957,              10987254
            -34008280,              11936798
            -25080535,              19669873
            -36685779,              15452500
            -14075930,               5140563
              4100930,              -1590515
              5198422,              -4285735
             -1167801,             -10619779
             -1790583,             -14487711
              6807027,             -13500460
              7397037,             -16112055
              7102096,             -20755656
             15151418,             -18274163
             15856580,             -20469676
             18289151,             -24276959
             25080288,             -21029791
             30151123,              -4650374
             25702663,               1651117
             35207163,               5941315
             35839180,                795217
             46622391,              -2657225
             48592796,               2618889
             52732503,               4452832
             44531085,               7399424
             39756808,              11065163
             39839794,               5261701
             50358323,              10825833
             66838207,              82385459
             66363791,              82874611
             66125552,              75870961
             70211381,              84239996
             64213565,              80739598
             61752124,              71961813
             56105193,              63254988
             59101181,              53868131
             53091640,              48559688
             48317527,              37267043
             45387314,              21620261
             35537980,              23035574
             39507470,              34284635
             46208587,              49158624
             30043642,              28819069
             27955500,              40118177
             44845081,              44083576
             51802226,              52509699
             39346844,              74563113
             18858794,              86229379
             22740270,              87290726
             34221010,              90238031
             37157925,              85225891
             39459645,              78857329
             43903143,              69270235
             44625394,              77931625
             27244090,              63800374
             27369299,              65493713
             33309789,              67940123
             27023964,              56011645
             21932497,              54981728
             17232068,              64183626
             16076801,              49069522
             30734035,              54825554
             29190931,              64465659
             35570364,              79708981
             40091523,              71880130
             38017133,              78529895
             36180661,              69848199
             33258578,              80764650
             23484925,              81214194
             33253728,              81096665
             45834813,              86186451
             44706386,              77435828
             39776016,              88085315
             36876188,              89254903
             37496897,              94384436
             49328083,              96011609
             54244005,              83678387
             52168745,              95225691
             50582588,              83600590
             53316410,              84829008
             54305072,              76493179
             57254606,              72129187
             65337397,              73452424
             79609774,              68281825
            131127318,              79541406
            130895387,              78432356
            115476634,              65083519
            112876438,              54048286
            114595000,              50101389
            110897236,              56265014
            102312580,              46220893
            103723310,              33632429
            110669809,              35577259
            116442651,              20569180
            110896389,              19934854
            106689056,              29882058
             93298486,              30871673
             87787842,              30510435
             85503392,              33138151
             89608058,              37994266
             87213980,              37485237
             87084981,              45038060
             92543692,              36268513
             84846706,              39691842
             71839909,              41335358
             70235654,              43636628
             71250504,              48869738
             64745838,              47534763
             53389131,              42239751
             57488494,              53826143
             53429219,              54668928
             61238842,              53556436
             72825584,              52369569
             69100642,              61376717
             78108303,              70649624
             76990297,              65594599
             77942335,              74470529
             76473163,              67624704
             75554699,              58762660
             76787091,              62594136
             84570815,              59542219
             90350166,              61440515
            100609394,              54477585
             83217226,              38891826
             84694238,              33702410
             81377499,              46435319
             63769122,              27954496
             61876043,              25598952
             67517977,              16753851
             69237070,              10473846
             72564812,               1955718
             56554296,               5990944
             60788546,              25691806
             92128661,               8252054
             88228141,              13268218
             82778048,              30276561
             76957717,              33513283
             77409468,              18558931
             72600138,              15316867
             74082925,               1869818
             73787137,               8124898
             71715037,               5437946
             64420662,               9117805
             70283952,              -1412136
             77430265,             -10901180
             91097703,              -4030001
             96127304,              15958356
             93151716,              16372972
             97064230,              18498342
             98334922,               8118422
             97684923,               4926384
             88545523,              -7017203
             97610593,              15911441
             97683122,              16393271
             97042354,              23811800
             99107564,              18935788
            105993837,              27356362
            102326136,              25878146
            105462780,              31030241
            106752233,              25378523
             95256967,              27212038
             89195047,              22274678
             93889701,              17769469
             95784484,              21987566
             86393049,              24342596
             86832407,              14548904
             92435882,              20105573
            100445702,              30458532
             96513550,              30386706
             94922175,              39380211
            102845410,              23155299
            104141831,              18929993
            114832607,              24751338
            119774457,              34641661
            121089264,              30894756
            125529000,              35928066
            131680213,              29613908
            137130395,              30047991
            132704793,              21980804
            126538348,              13853712
            131973921,               9638659
            121267500,               9888688
            126747588,              20227788
            123833546,              19255187
            125631173,              24940011
            134009666,              32539532
            144933781,              21765705
            131801042,               9755810
            123544344,                -53439
            131325471,             -12585170
            132672795,                949133
            121431591,               -396635
            122688521,              16119607
            120885429,              16579954
            110225396,               9309685
            106811932,              -2425737
            102171838,              -2292311
            107378323,             -10409494
            105204737,             -20596301
            103332144,             -21676604
            100099285,             -11947927
            100345957,              -9778880
             95570957,              -6381646
             93122666,             -13453962
             80862003,             -25264240
             93250606,             -10016057
             83963224,             -26061312
             83844816,             -19791504
             81531720,             -12034822
             89898019,             -11088473
             96645637,               5081116
             96962291,               3269735
             91374094,              11834760
             94105701,              12970672
             83362720,               7375549
             82723599,                362110
             69354578,              -4023365
             75674997,              -2308850
             76292396,               7822615
             78484460,              12110464
             74121531,              15546757
             73387951,              21529496
             91044112,              16611363
             95630288,              -3038701
             98796625,               2756352
             89556146,              13594694
             89856081,              20758784
             75845105,              15402718
             69080681,              36201918
             65386927,              30795215
             65430205,              34577691
             53967267,              31546078
             38227497,              28006829
             41349153,              35661059
             39883433,              39544761
             36225533,              33315194
             26597543,              31655171
             19766243,              17996819
             21201863,              15543993
             23783239,              20571620
             21363487,              31697553
             17687289,              31915356
             22469141,              29731853
             20543606,              32806019
             24713504,              36677524
             30206882,              33497851
             32583902,              21839813
             39101254,              21554537
             35310740,              26203873
             34120650,              36361034
             38584975,              33503957
             43440472,              37523637
             27800956,              44927599
             39147511,              41022341
             19411298,              37348550
              1433024,              31683363
              3777328,              34309877
              2597560,              39685615
             -3311463,              31873706
             16951635,              48776786
             14009272,              44904866
               696363,              43317307
              7764117,              67401337
             73522926,              40639219
             73601488,              41872397
             80753678,              33495619
             88303977,              24729877
             82065478,              28727420
             76333928,              23923148
             83195197,              32175778
             89546354,              29365334
             89270467,              24871074
             83087833,              24407317
             84283767,              28195225
             90282992,              30592148
             87883025,              24027397
             84566700,              17800958
             80787506,              26013392
             88535647,              15875980
             97709289,              18490191
             93213411,              16225777
             99363450,              11389766
             99256498,              13220066
            106910482,              13163676
            117790393,              16134137
             99053351,              19409328
             88113644,              54136927
             87397927,              52997994
             91554715,              56020545
             92748538,              46255260
             94854793,              27456181
            101206081,              27217634
             97341926,              31998450
             99044533,              40076717
            101635304,              47533734
            103721225,              34210929
