2,-16
-5,-16
-11,-12
-14,-9
-16,-4
-15,2
-14,8
-11,12
-6,14
0,15
6,14
11,12
13,7
15,3
14,-3
12,-8
9,-13
4,-16
-2,-16
-8,-15
-11,-10
-15,-5
-16,1
-16,6
-12,9
-7,13
-2,15
3,14
9,13
13,9
15,4
16,-2
14,-7
10,-11
5,-14
1,-15
-5,-15
-10,-12
-13,-8
-14,-2
-13,4
-12,8
-8,12
-4,15
1,16
5,14
10,11
15,5
16,-1
15,-5
14,-10
9,-13
2,-16
-3,-15
-9,-13
-13,-9
-15,-6
-14,-1
-15,6
-12,11
-5,15
1,15
5,15
9,13
12,8
14,3
15,-2
12,-8
10,-13
6,-16
0,-15
-6,-13
-10,-10
-14,-6
-15,-1
-14,6
-12,11
-8,13
-4,15
2,14
8,12
13,10
17,5
18,0
15,-7
12,-12
6,-14
0,-14
-5,-14
-9,-12
-13,-10
-15,-5
-16,1
-13,6
-10,12
-5,15
0,14
5,13
9,11
14,7
15,1
14,-5
11,-10
9,-15
4,-17
-2,-15
-7,-12
-11,-10
-14,-5
-15,0
-15,6
-12,9
-7,14
-2,16
4,14
8,13
12,10
15,3
16,-2
14,-7
11,-12
6,-16
0,-17
-5,-14
-9,-11
-13,-8
-16,-3
-16,3
-14,8
-10,12
-4,14
2,15
8,14
12,12
14,7
15,1
14,-6
10,-11
7,-14
2,-17
-2,-16
-8,-14
-12,-10
-15,-3
-16,2
-14,8
-10,12
-4,13
0,14
4,14
10,13
16,9
17,5
16,-1
14,-7
10,-12
5,-14
1,-15
-7,-14
-11,-11
-15,-7
-16,-1
-15,4
-12,8
-8,12
-3,15
2,16
8,14
13,10
16,5
15,-1
14,-6
10,-11
6,-14
2,-16
-4,-16
-10,-14
-15,-7
-16,-2
-14,3
-13,8
-10,12
-6,14
1,15
6,14
10,10
14,6
16,2
16,-4
13,-9
8,-12
3,-16
-2,-15
-7,-14
-11,-11
-14,-5
-16,-1
-14,4
-12,11
-7,13
0,14
4,14
8,13
12,8
16,2
15,-3
12,-8
10,-13
6,-15
-1,-15
-7,-14
-10,-11
-12,-7
-15,-2
-15,3
-14,9
-9,12
-3,15
3,16
9,13
12,10
15,4
16,-1
16,-7
12,-12
8,-13
2,-15
-3,-14
-7,-12
-11,-9
-15,-2
-17,3
-14,6
-9,11
-6,15
-1,15
5,15
9,13
13,8
15,3
15,-2
11,-9
7,-13
3,-15
-2,-16
-7,-14
-11,-10
-14,-5
-15,1
-15,5
-12,11
-8,14
-2,16
4,15
9,11
12,8
14,5
13,0
13,-8
12,-12
6,-13
0,-15
-4,-15
-9,-12
-14,-7
-16,-1
-16,3
-13,8
-9,12
-4,14
1,16
6,15
11,11
14,6
16,3
16,-3
13,-9
10,-13
4,-17
-1,-17
-7,-14
-11,-9
-13,-5
-14,-1
-14,6
-10,11
-6,14
-1,17
5,15
10,12
13,8
14,4
14,-3
13,-8
10,-11
5,-15
0,-15
-6,-13
-11,-11
-14,-8
-15,-2
-16,5
-14,9
-10,13
-4,15
3,16
9,15
13,11
16,6
15,0
14,-7
11,-12
5,-13
0,-15
-4,-17
-9,-13
-13,-6
-16,-2
-16,3
-14,7
-9,11
-5,15
-1,16
5,15
10,12
13,8
15,3
15,-3
14,-9
11,-13
4,-15
-1,-16
-6,-14
-11,-10
-14,-5
-16,1
-14,6
-11,9
-7,12
-3,15
3,14
8,13
11,9
14,4
14,-3
13,-8
10,-11
6,-14
0,-16
-6,-14
-10,-13
-13,-10
-15,-3
-14,4
-12,9
-10,13
-4,14
2,15
7,15
12,12
16,7
15,0
15,-4
14,-9
9,-13
3,-14
-3,-14
-7,-13
-9,-9
-14,-3
-15,2
-15,6
-11,11
-5,13
-1,15
4,15
10,13
14,8
15,3
15,-2
13,-7
9,-11
6,-14
-1,-15
-7,-13
-12,-10
-14,-5
-16,-1
-16,3
-13,9
-9,13
-4,15
2,16
7,15
13,9
16,4
15,-1
13,-6
10,-10
6,-14
2,-17
-4,-16
-11,-12
-13,-8
-14,-3
-15,2
-13,7
-10,10
-7,14
-1,14
6,14
9,12
13,7
16,1
15,-3
14,-7
9,-12
4,-16
-1,-16
-7,-15
-10,-11
-13,-5
-13,0
-13,7
-11,11
-7,13
-2,15
2,16
6,13
13,9
16,5
16,-1
14,-7
10,-12
6,-16
1,-16
-4,-13
-10,-11
-14,-8
-16,-3
-16,1
-12,7
-8,13
-4,16
2,16
8,16
11,13
14,6
16,0
15,-6
13,-12
9,-14
3,-17
-3,-15
-8,-12
-13,-8
-14,-4
-16,2
-15,8
-10,11
-5,14
-1,15
5,13
7,10
12,6
16,1
16,-4
12,-8
10,-11
5,-14
-2,-15
-5,-13
-9,-11
-14,-7
-15,-1
-15,5
-12,8
-7,12
-2,15
3,15
8,13
11,10
14,5
16,1
14,-4
12,-9
8,-14
2,-15
-5,-14
-10,-12
-14,-8
-16,-3
-16,3
-14,9
-9,12
-4,14
1,15
5,14
10,10
14,6
14,1
14,-5
12,-9
7,-14
2,-16
-1,-16
-6,-14
-11,-9
-13,-5
-15,1
-15,6
-12,11
-7,15
-2,17
4,15
9,13
13,8
15,4
16,-2
13,-7
12,-11
8,-15
0,-16
-6,-14
-11,-12
-15,-8
-15,-2
-14,4
-13,9
-10,12
-4,15
3,15
6,13
11,11
14,6
14,0
14,-4
12,-9
8,-14
2,-16
-3,-15
-8,-13
-11,-10
-13,-4
-15,2
-15,5
-11,11
-6,15
-1,15
3,15
9,12
12,7
15,2
15,-3
13,-9
9,-13
3,-14
-1,-15
-6,-14
-11,-11
-13,-6
-15,-2
-15,4
-12,9
-6,13
-2,16
3,15
8,13
12,9
15,4
15,-1
14,-6
11,-9
6,-14
2,-16
-3,-15
-9,-13
-12,-9
-14,-3
-15,3
-14,9
-10,12
-5,15
1,15
6,15
11,12
14,7
15,2
14,-4
12,-9
8,-12
3,-15
-1,-15
-8,-15
-13,-11
-15,-5
-15,1
-14,5
-12,10
-7,14
-1,16
3,15
9,12
12,8
15,3
15,-2
13,-7
10,-11
5,-14
-1,-15
-6,-14
-11,-11
-14,-7
-15,-3
-16,3
-14,8
-10,14
-4,14
3,15
8,15
12,11
14,6
15,0
15,-7
11,-10
7,-13
2,-16
-4,-16
-9,-14
-11,-10
-15,-5
-15,2
-13,7
-12,10
-6,14
0,17
5,15
10,12
13,7
14,3
15,-2
14,-9
9,-13
4,-15
0,-15
-6,-14
-11,-10
-13,-5
-15,-1
-15,5
-13,11
-10,14
-3,17
3,16
9,12
12,8
15,4
16,-1
14,-6
11,-10
6,-14
1,-16
-5,-14
-10,-11
-14,-8
-15,-3
-16,2
-15,8
-10,13
-4,17
2,16
8,14
11,11
14,6
14,1
12,-5
10,-10
8,-14
3,-14
-2,-15
-8,-14
-12,-9
-14,-5
-15,0
-15,6
-11,10
-6,14
0,14
5,14
10,13
13,10
15,3
14,-2
13,-8
10,-12
4,-15
-1,-15
-7,-13
-10,-11
-13,-7
-15,-2
-15,3
-13,8
-10,13
-5,14
2,13
7,12
12,10
16,7
17,2
16,-5
13,-9
7,-13
1,-15
-4,-14
-9,-13
-12,-10
-16,-4
-17,2
-15,7
-11,10
-4,13
0,15
6,14
11,10
14,6
16,3
14,-2
12,-9
8,-14
4,-15
-1,-14
-6,-13
-11,-10
-15,-7
-15,-2
-13,5
-11,9
-8,13
-3,16
3,16
9,13
13,10
15,5
16,-1
14,-7
11,-12
7,-14
1,-14
-5,-14
-11,-11
-14,-7
-16,-2
-15,3
-14,8
-10,12
-4,14
0,16
6,14
9,11
13,5
15,1
16,-4
12,-9
7,-13
4,-15
-2,-15
-8,-14
-12,-10
-15,-5
-16,1
-14,8
-11,12
-7,14
-1,15
4,15
8,13
11,9
14,2
15,-3
13,-8
9,-12
6,-14
0,-14
-6,-13
-11,-11
-13,-7
-15,-1
-15,4
-14,9
-10,12
-4,14
2,14
7,12
12,9
16,5
16,-1
13,-6
10,-10
5,-14
1,-17
-4,-15
-9,-13
-13,-8
-16,-4
-17,1
-14,7
-10,12
-6,15
-1,16
4,15
11,12
14,7
15,2
16,-3
13,-8
8,-12
5,-14
-1,-15
-7,-13
-12,-11
-14,-6
-15,0
-15,5
-12,10
-8,14
-2,16
4,15
9,12
13,9
14,4
15,-1
14,-7
10,-12
6,-15
0,-16
-7,-15
-11,-13
-13,-8
-15,-3
-14,3
-13,7
-8,12
-3,14
3,16
7,14
12,10
13,6
15,1
14,-4
12,-9
8,-13
2,-14
-4,-14
-9,-13
-13,-8
-15,-5
-15,1
-13,7
-8,11
-6,14
-1,16
5,15
9,11
14,8
16,3
16,-3
13,-8
9,-11
5,-14
-1,-15
-6,-15
-11,-12
-15,-7
-15,-2
-14,5
-11,10
-7,13
-3,16
2,16
8,14
14,10
17,5
17,-1
16,-5
12,-10
6,-14
1,-16
-4,-15
-9,-14
-14,-9
-16,-5
-15,1
-14,8
-11,12
-6,15
2,15
7,14
10,12
14,8
16,2
15,-4
11,-9
7,-14
3,-17
-2,-16
-7,-13
-13,-9
-16,-4
-15,1
-14,5
-12,10
-8,13
-4,15
3,15
9,14
14,9
16,4
16,-1
15,-7
11,-13
5,-15
0,-15
-5,-14
-10,-11
-14,-8
-16,-2
-15,4
-13,8
-9,12
-4,13
0,16
6,15
12,10
16,6
16,0
16,-5
13,-10
9,-14
3,-16
-3,-16
-8,-12
-13,-8
-15,-4
-14,1
-12,6
-11,11
-6,14
-2,16
5,14
10,11
14,7
15,3
15,-2
12,-9
9,-12
3,-14
-2,-15
-8,-13
-13,-11
-16,-7
-15,-1
-14,5
-12,10
-8,14
-2,17
4,16
10,14
13,9
15,4
14,-2
14,-7
11,-11
6,-13
0,-14
-4,-14
-9,-13
-13,-8
-15,-2
-14,2
-12,8
-9,13
-6,14
0,15
5,15
11,11
13,6
15,2
16,-3
12,-9
8,-13
4,-14
-2,-14
-9,-13
-13,-9
-15,-5
-16,1
-13,7
-10,11
-6,14
-1,17
5,16
9,12
12,9
16,4
17,-1
15,-7
10,-12
5,-15
1,-16
-5,-14
-11,-11
-14,-6
-14,-1
-13,4
-12,8
-7,11
-3,12
2,13
6,14
11,11
16,6
18,2
16,-5
13,-10
8,-12
3,-16
-3,-17
-7,-15
-12,-12
-14,-9
-17,-3
-19,4
-15,5
-7,2
-9,4
-10,5
-9,10
-6,9
-5,-5
-5,-10
-8,0
-6,7
-3,10
0,11
1,10
8,8
8,0
6,-15
6,-16
10,-10
17,-2
27,8
29,2
30,-6
37,-4
40,12
29,23
23,21
13,20
13,16
12,13
-1,15
-10,19
-8,24
-26,24
-43,15
-45,10
-37,-5
-24,-13
-10,-15
8,-19
10,-22
-4,-20
-16,-12
-18,-10
-11,-31
-7,-46
-15,-47
-31,-31
-42,-7
-47,2
-39,21
-27,36
-6,41
17,37
27,29
36,16
43,16
46,15
47,26
52,21
52,16
52,6
50,-7
42,-6
17,13
-7,25
5,23
-4,29
-16,38
7,38
12,44
7,50
-3,58
17,56
23,53
7,52
-7,42
-21,23
-23,-13
-19,-41
-28,-43
-20,-54
-12,-61
-2,-59
9,-49
23,-14
19,28
17,44
8,53
-23,54
-31,53
-22,57
-14,56
8,55
33,47
29,44
20,41
22,37
17,35
-8,37
-19,39
-14,44
-18,48
-28,50
-53,35
-64,31
-58,41
-55,37
-50,30
-46,13
-38,26
-12,53
4,55
7,52
2,48
9,45
-2,41
-38,29
-65,8
-72,8
-75,8
-70,-15
-68,-22
-66,-15
-48,-29
-35,-36
-23,-42
-18,-47
-7,-53
23,-62
33,-68
35,-73
37,-73
31,-75
26,-75
12,-79
-12,-79
-39,-69
-65,-49
-60,-44
-40,-52
-41,-47
-33,-49
-16,-54
14,-58
10,-61
-17,-62
-46,-35
-49,17
-28,52
-29,52
-45,47
-45,53
-40,60
-32,67
-64,46
-90,17
-88,29
-80,40
-78,41
-67,56
-66,50
-59,49
-30,69
-15,76
-41,52
-36,54
-38,56
-61,37
-78,23
-63,52
-39,73
-3,82
28,80
47,71
47,74
30,94
67,63
93,28
97,38
103,4
97,-42
88,-62
74,-79
71,-83
59,-93
59,-88
70,-68
74,-51
49,-73
5,-94
12,-87
34,-78
-4,-77
-59,-64
-59,-63
-68,-51
-80,-34
-80,-2
-57,61
-60,58
-87,16
-92,11
-91,29
-108,5
-111,16
-94,61
-41,95
8,109
0,118
-1,124
9,126
33,123
21,119
-17,118
-37,101
-68,72
-89,19
-101,-31
-105,-28
-113,3
-110,25
-85,72
-77,89
-68,99
-57,105
-107,47
-111,-35
-94,-66
-50,-81
-6,-103
-1,-106
47,-108
64,-112
86,-99
125,-45
129,5
67,68
1,109
-34,108
-98,68
-134,41
-141,21
-142,23
-138,41
-138,34
-135,9
-116,-34
-92,-71
-92,-72
-65,-97
-68,-99
-108,-66
-123,-35
-121,20
-83,85
-19,117
8,125
3,131
7,135
-24,138
-87,112
-136,73
-131,79
-116,93
-126,49
-96,-38
-18,-124
35,-141
59,-142
25,-153
-14,-156
-80,-119
-132,-83
-124,-100
-62,-130
53,-117
93,-103
44,-128
-1,-138
48,-121
97,-89
137,4
156,21
153,43
120,106
48,136
-21,142
-34,138
-36,136
-14,133
55,126
23,130
-40,141
22,146
43,147
-23,160
-36,168
-58,158
-78,152
-61,147
-120,71
-127,-30
-106,-102
-106,-104
-135,-13
-146,9
-153,-52
-161,-21
-132,77
-95,130
-86,141
-80,150
-110,138
-143,97
-152,3
-139,-74
-150,-38
-156,4
-139,-44
-120,-94
-68,-132
9,-167
-19,-175
-47,-172
16,-161
97,-143
70,-155
-8,-170
-4,-158
69,-138
84,-127
111,-101
123,-91
103,-112
146,-18
176,31
175,-44
163,-86
133,-118
47,-172
25,-186
45,-180
76,-164
78,-161
83,-150
97,-127
134,-43
104,95
36,174
32,181
101,151
154,102
178,58
183,-7
172,-19
141,86
143,94
176,15
164,-67
153,-47
131,67
93,126
105,121
131,97
137,88
151,56
133,98
133,123
129,131
96,160
47,175
-17,165
-23,164
44,159
113,121
159,61
165,21
147,-75
127,-118
127,-75
123,61
120,111
92,136
49,176
86,158
156,77
173,46
138,112
130,135
168,81
186,21
181,-41
150,-103
122,-138
131,-124
91,-148
23,-170
71,-137
107,-118
117,-103
117,-102
39,-141
-9,-157
-39,-148
-87,-130
-83,-126
38,-124
160,-28
181,28
166,53
159,-21
140,-109
113,-133
131,-95
120,-91
44,-147
71,-133
120,-89
141,-72
143,-78
156,-34
175,37
180,31
167,-50
158,-80
163,22
128,105
110,122
107,119
89,126
3,139
-107,118
-156,86
-143,112
-146,79
-150,-45
-140,-85
-133,-85
-130,-84
-150,-28
-153,3
-147,32
-125,89
-107,111
-95,116
-125,72
-165,-9
-175,-32
-177,0
-175,-40
-161,-83
-163,-70
-174,-1
-154,77
-100,147
-81,157
-53,167
-78,144
-123,86
-145,43
-147,13
-148,-62
-155,-58
-158,-49
-140,-104
-89,-148
-49,-169
-109,-127
-160,-72
-125,-107
-129,-92
-151,26
-140,89
-150,21
-113,-77
-78,-133
-99,-113
-140,-61
-149,-44
-146,-70
-151,-8
-160,28
-165,36
-106,112
-20,159
7,165
-43,153
-137,101
-163,66
-163,40
-161,28
-152,39
-141,-24
-93,-105
-76,-137
-126,-88
-126,-93
-124,-115
-130,-113
-153,-71
-177,-20
-180,-1
-180,-5
-178,15
-172,43
-167,19
-165,-15
-159,-21
-154,26
-149,30
-140,55
-136,64
-140,13
-119,-88
-68,-155
-22,-176
-15,-180
-52,-168
-97,-149
-98,-145
-122,-123
-146,-77
-172,8
-171,25
-163,10
-152,-13
-151,-12
-151,9
-150,3
-150,-2
-150,5
-145,45
-152,44
-159,38
-155,61
-158,69
-170,53
-171,58
-162,73
-126,127
-74,162
-57,167
-48,164
52,166
88,155
88,150
127,116
155,55
169,-36
157,-77
139,-102
133,-99
134,-32
122,73
130,64
149,4
150,-22
154,-11
157,4
153,67
141,109
134,119
95,144
27,158
-31,151
-65,127
-127,65
-158,24
-160,40
-165,33
-176,-11
-177,7
-169,40
-169,-14
-174,6
-166,44
-142,96
-122,114
-70,152
-48,161
-30,162
-44,149
-89,110
-140,34
-136,55
-107,110
-112,113
-114,110
-144,88
-99,138
-46,167
4,175
20,170
-42,167
-77,150
-114,117
-120,105
-110,108
-120,82
-142,26
-133,-63
-142,-58
-157,22
-153,-22
-67,-124
37,-159
-7,-162
-42,-158
-55,-150
-102,-120
-149,-59
-154,-42
-143,-54
-126,-76
-108,-87
-65,-132
-113,-77
-144,25
-125,80
-75,127
-37,147
-25,149
26,147
51,147
78,138
108,117
137,88
151,55
164,6
153,-43
126,-97
159,-52
180,-11
177,-23
149,-90
99,-145
71,-163
111,-130
136,-95
145,-40
147,2
125,-69
118,-94
136,-66
151,-33
154,-25
127,-86
125,-101
134,-101
156,-77
162,-75
130,-123
93,-152
22,-173
-27,-179
-42,-173
12,-168
-20,-159
-128,-113
-164,-63
-179,-20
-172,26
-144,101
-115,128
-40,168
17,175
-1,168
-9,160
-4,154
39,152
60,142
118,96
152,37
137,49
118,79
137,54
117,91
58,142
4,173
-19,178
17,177
47,174
67,169
44,161
-64,118
-139,25
-149,-34
-143,-69
-135,-101
-131,-113
-82,-153
-51,-170
-89,-153
-107,-137
-69,-147
-46,-152
-39,-149
-28,-147
-20,-144
-93,-109
-118,-88
-74,-127
-37,-154
-69,-142
-99,-130
-106,-125
-151,-42
-147,55
-141,73
-168,32
-146,87
-123,125
-113,136
-58,169
14,174
77,158
127,118
117,126
44,160
-35,151
-95,113
-97,116
-97,113
-127,82
-151,39
-154,51
-152,72
-170,21
-172,-41
-171,-23
-169,-6
-151,-63
-106,-101
-22,-141
-8,-144
-77,-126
-93,-123
-107,-105
-142,-44
-124,-85
-102,-136
-136,-102
-157,-78
-160,-81
-174,-49
-169,-61
-167,-63
-155,-70
-139,-84
-120,-92
-57,-135
-38,-144
-67,-131
-100,-109
-134,-64
-146,-37
-151,-31
-146,-56
-117,-113
-71,-157
-109,-116
-167,-44
-175,-35
-181,-10
-178,6
-162,-42
-140,-83
-130,-88
-145,-45
-154,23
-146,32
-123,53
-56,136
3,154
7,152
13,151
61,139
88,125
109,104
102,105
23,144
-94,128
-160,75
-145,86
-49,163
29,179
57,173
67,166
101,144
131,111
145,87
106,121
69,138
0,133
-80,125
-72,138
-75,142
-15,153
-19,162
-46,170
-78,155
-132,92
-145,-24
-89,-99
43,-131
133,-94
167,-60
174,-49
174,-42
167,10
161,38
153,42
147,40
148,10
142,29
148,17
149,23
154,9
158,2
156,-29
153,-51
155,24
136,113
138,116
146,100
155,81
162,44
166,-35
148,-90
124,-119
102,-132
49,-159
-38,-159
-79,-149
-51,-153
-62,-142
-83,-128
-57,-138
-45,-144
-8,-152
61,-141
113,-127
129,-119
141,-116
109,-140
88,-151
112,-123
138,-29
141,2
82,-107
-10,-159
-103,-108
-155,-63
-145,-74
-138,-77
-125,-86
-101,-112
-78,-130
-49,-144
-30,-158
-85,-129
-85,-132
-26,-174
-57,-165
-129,-119
-120,-126
-94,-150
-99,-145
-91,-140
-86,-133
-139,-55
-147,-35
-115,-95
-119,-92
-132,-65
-144,-36
-143,-34
-119,53
-82,121
-29,136
46,138
-11,131
-42,140
-7,152
33,152
67,143
120,88
124,90
115,127
144,84
161,-13
149,-66
101,-120
83,-148
72,-158
16,-167
-28,-172
24,-170
71,-164
75,-156
-13,-157
-76,-154
-46,-161
-80,-144
-137,-89
-146,-69
-127,-92
-99,-104
-66,-130
-110,-88
-141,-45
-146,-37
-148,-15
-137,52
-122,88
-134,78
-123,96
-121,108
-94,129
16,140
83,127
23,160
-54,165
-109,136
-115,133
-86,150
-102,117
-128,82
-70,126
28,154
77,141
126,85
163,17
158,6
145,-62
133,-75
143,-7
149,-7
148,9
150,14
152,-27
158,-2
151,-19
127,-92
160,-55
173,-40
170,-54
171,-43
162,4
146,-34
89,-144
94,-131
135,-81
146,-34
149,-6
142,-31
140,-51
152,-29
157,-4
154,61
163,59
165,64
162,77
158,81
163,58
176,-2
173,-29
164,-38
158,-38
151,4
138,56
135,64
136,71
135,78
125,108
115,128
120,129
129,124
106,141
40,162
34,161
107,128
127,110
141,77
165,15
154,32
127,73
132,50
144,-24
136,-65
144,-43
140,-50
94,-99
-5,-141
-62,-130
-126,-53
-150,14
-148,10
-147,0
-149,-26
-154,-20
-158,-27
-164,-17
-167,-37
-175,-21
-176,12
-177,28
-179,15
-176,1
-161,-37
-140,-75
-147,-55
-131,-66
-101,-107
-81,-125
-76,-134
-111,-105
-141,-63
-141,-82
-145,-88
-158,-66
-168,-25
-139,71
-103,132
-97,143
-49,159
24,168
68,157
128,115
140,109
110,137
48,160
-55,128
-127,67
-125,73
-109,100
-134,61
-149,50
-132,90
-130,103
-104,122
-11,154
-6,166
21,168
58,162
100,142
118,133
133,122
136,119
163,72
174,43
160,62
127,102
106,117
100,113
87,120
103,109
123,77
140,-10
120,-84
76,-128
64,-138
80,-126
106,-110
142,-63
167,16
176,9
174,16
146,77
81,127
-11,140
-27,147
-27,147
2,147
15,149
-15,157
-18,159
-2,162
-61,163
-63,169
-67,166
-75,159
-43,168
13,168
107,128
126,116
76,138
36,147
54,139
48,137
29,144
82,120
101,109
60,139
52,150
107,115
118,114
93,146
44,168
7,178
-1,174
2,168
-39,149
-57,144
-42,146
-45,140
-32,145
-25,145
1,151
-23,156
-13,161
2,164
2,166
-55,160
-78,162
-96,144
-128,110
-131,97
-119,105
-54,140
32,158
81,138
111,116
110,111
92,120
71,127
21,145
50,138
99,114
65,135
-17,168
-40,174
-6,178
46,170
89,155
63,165
45,166
78,150
110,127
81,128
55,138
77,123
13,136
45,130
120,75
147,2
149,-3
142,48
132,94
124,114
91,150
58,168
8,162
-91,109
-136,54
-147,4
-153,-3
-122,64
-26,135
12,147
-35,145
-66,143
-98,125
-145,90
-138,104
-157,64
-160,65
-155,75
-153,70
-152,47
-146,44
-142,47
-147,17
-148,-11
-148,-53
-132,-94
-89,-137
4,-168
25,-174
-4,-173
-26,-167
-36,-161
-64,-146
-60,-137
15,-144
36,-143
-43,-134
-114,-85
-144,-11
-147,14
-142,-25
-143,-34
-142,48
-132,80
-120,102
-141,73
-171,17
-173,7
-162,-55
-126,-103
-93,-130
-98,-122
-91,-118
-122,-68
-151,-1
-130,64
-70,126
7,144
-52,129
-73,128
-102,108
-86,123
-76,133
-125,79
-153,66
-107,130
-106,120
-158,19
-142,-65
-89,-118
-108,-101
-141,-36
-137,56
-138,34
-131,-59
-106,-116
-70,-145
-1,-170
35,-176
-22,-169
-99,-144
-65,-154
16,-158
54,-146
50,-143
8,-147
11,-139
103,-95
158,-30
151,53
114,129
112,129
79,143
56,146
84,122
139,73
142,56
118,88
123,82
119,81
120,66
143,35
146,56
151,51
146,74
152,82
161,65
120,118
29,151
-71,117
-136,21
-145,-51
-95,-127
-31,-165
71,-139
124,-104
123,-97
127,-77
137,-54
143,-43
147,-40
155,-29
146,-64
112,-106
67,-143
11,-150
-40,-152
-25,-164
-15,-170
9,-176
8,-179
-38,-169
-115,-135
-131,-122
-159,-80
-169,-57
-160,-47
-128,75
-28,169
43,171
116,126
158,75
171,27
159,-65
95,-140
50,-168
42,-165
97,-119
151,-41
137,44
83,113
-5,149
-58,158
-11,164
52,159
93,142
74,149
-37,152
-71,149
-26,166
-49,149
-102,103
-121,85
-138,54
-148,34
-150,-1
-162,-40
-152,-72
-158,-80
-168,-60
-177,-5
-175,-2
-170,-22
-162,-2
-122,96
-65,159
-30,167
-77,125
-133,42
-145,9
-146,-35
-145,-6
-129,77
-131,79
-162,24
-161,47
-131,106
-135,110
-140,113
-137,120
-141,103
-144,16
-141,-29
-140,58
-129,86
-122,86
-116,92
-136,48
-151,6
-138,46
-77,121
-91,108
-153,58
-163,51
-176,2
-179,-11
-172,-25
-166,-32
-167,6
-161,28
-146,55
-108,117
-79,138
-37,152
-21,154
-3,154
44,142
60,130
12,145
0,151
-32,152
-38,159
3,164
0,169
17,173
71,158
75,158
111,132
154,91
169,14
140,-94
74,-152
-3,-168
-73,-149
-112,-129
-128,-121
-131,-113
-79,-150
-108,-130
-117,-124
-125,-112
-145,-84
-146,-70
-102,-105
-56,-137
-21,-148
-19,-152
-30,-152
-34,-156
-26,-165
-65,-155
-117,-114
-157,-60
-165,-40
-171,-24
-170,36
-170,40
-174,-18
-166,-50
-165,-10
-156,69
-133,107
-107,128
-111,111
-120,99
-122,85
-102,93
-28,145
-35,142
-97,101
-152,46
-161,47
-149,76
-161,67
-132,110
-88,151
-95,146
-120,132
-80,156
-57,153
-110,108
-98,121
-121,76
-143,41
-141,-2
-110,-101
-22,-159
33,-170
-9,-171
46,-150
59,-150
38,-156
53,-143
7,-149
3,-147
31,-145
-2,-148
-37,-142
14,-141
91,-134
89,-143
73,-158
87,-156
64,-162
-38,-160
-116,-132
-142,-109
-131,-122
-105,-139
-87,-144
-111,-117
-155,-38
-168,9
-147,-22
-90,-106
-94,-113
-123,-82
-136,-57
-138,-51
-136,-73
-135,-88
-136,-92
-160,-51
-165,-38
-148,-86
-147,-102
-159,-79
-174,-22
-165,51
-151,88
-116,123
-116,114
-138,86
-122,97
-126,6
-108,-102
-99,-127
-53,-149
33,-171
52,-172
75,-155
112,-114
101,-119
61,-145
39,-147
-68,-124
-157,-47
-166,15
-153,14
-131,-67
-109,-102
-72,-131
-17,-156
38,-164
30,-170
-21,-174
4,-173
27,-177
7,-174
-81,-147
-141,-110
-161,-62
-177,4
-169,35
-103,124
-26,177
-57,157
-104,130
-87,137
-42,155
-19,154
9,151
13,148
84,122
138,59
150,-25
145,-55
146,-46
140,-52
116,-91
119,-31
73,115
-29,163
-103,128
-119,115
-97,127
-123,81
-109,96
-61,135
16,142
34,143
14,146
-10,145
-73,133
-43,138
74,121
126,86
132,77
104,118
23,157
-32,176
-18,178
-24,172
24,167
87,148
107,132
78,140
32,146
7,146
-3,143
52,126
125,53
146,-17
147,13
148,30
145,-13
113,-90
62,-133
46,-138
118,-83
168,-6
177,23
172,38
172,-14
143,-93
91,-147
82,-153
103,-128
105,-123
66,-147
74,-137
72,-132
106,-98
139,-36
153,-22
146,-55
153,7
143,97
150,100
139,106
79,139
66,142
126,89
159,4
137,-83
129,-99
139,-65
136,9
128,78
142,48
152,29
157,28
162,36
165,37
169,32
172,50
170,55
174,31
165,-47
149,-91
162,-43
157,10
153,25
151,6
144,26
143,13
120,-71
72,-128
82,-111
126,-80
80,-117
7,-149
-43,-142
-73,-135
-78,-139
-102,-124
-87,-137
-79,-152
-80,-154
-46,-168
41,-140
112,-110
115,-103
91,-117
45,-144
42,-138
112,-80
156,-22
164,-26
171,-25
177,-9
180,-10
175,-44
170,-52
137,-100
59,-162
41,-166
107,-115
146,-32
150,12
141,43
136,47
101,-67
48,-137
71,-130
71,-133
114,-100
140,-91
116,-126
75,-153
61,-160
99,-142
134,-90
127,-102
112,-123
128,-101
122,-96
73,-130
50,-145
80,-122
120,-85
142,-42
122,67
22,152
3,162
93,143
43,140
-56,132
-7,144
12,149
-10,148
22,141
-28,126
-133,88
-162,63
-170,50
-170,52
-170,19
-156,-32
-152,7
-148,67
-143,20
-134,-56
-107,-95
-52,-149
-32,-168
-25,-172
2,-176
51,-164
82,-152
71,-147
113,-90
139,-46
138,-49
135,-57
118,-92
84,-122
60,-139
77,-135
89,-135
52,-154
39,-162
81,-151
129,-122
139,-113
143,-99
141,-89
133,-87
137,-57
112,-88
86,-124
60,-137
43,-142
48,-139
2,-146
-41,-140
-7,-140
47,-150
15,-163
35,-160
79,-158
104,-137
140,-99
136,-101
122,-113
113,-117
101,-121
78,-133
43,-142
92,-101
116,-94
98,-115
32,-136
-60,-132
-90,-121
-79,-128
-64,-147
-103,-122
-137,-87
-121,-110
-99,-144
-140,-95
-149,-79
-125,-120
-156,-85
-164,-68
-171,-28
-172,14
-146,82
-105,141
-65,161
-7,169
18,162
-59,137
-77,125
-15,149
13,152
13,147
-34,143
-58,144
-39,151
28,140
33,144
-75,137
-151,58
-161,47
-138,99
-80,144
-81,140
-90,132
-66,144
-87,118
-124,32
-128,-83
-100,-137
-71,-161
-96,-142
-149,-96
-168,-45
-178,-7
-180,4
-176,20
-167,41
-161,50
-156,58
-151,54
-139,66
-138,57
-127,75
-116,81
-142,29
-156,7
-159,13
-165,-17
-170,-48
-170,-29
-166,53
-167,52
-171,-9
-167,-23
-167,23
-153,70
-145,77
-141,74
-111,106
-90,125
-76,130
-27,148
13,152
38,145
91,115
136,65
147,30
150,5
147,-16
137,-55
127,-76
100,-110
83,-128
23,-142
-24,-143
-2,-154
-40,-146
-111,-94
-146,-12
-141,50
-123,88
-131,86
-133,87
-160,33
-168,-41
-173,-42
-178,0
-172,-18
-165,26
-148,22
-134,-62
-143,-16
-134,75
-102,121
-67,139
12,147
79,133
45,140
73,128
69,128
-8,142
-104,111
-163,32
-165,-44
-149,-82
-133,-92
-88,-122
-63,-131
-116,-87
-118,-81
-95,-110
-109,-103
-102,-119
-128,-76
-132,36
-130,43
-121,-90
-82,-157
-112,-129
-153,-85
-150,-90
-142,-95
-129,-102
-96,-120
-21,-136
0,-145
-64,-130
-104,-108
-105,-108
-94,-124
-110,-115
-110,-123
-104,-135
-123,-114
-72,-142
-4,-172
-18,-172
-60,-160
-66,-147
-49,-149
-76,-137
-96,-120
-118,-94
-83,-111
3,-145
35,-153
-35,-148
-100,-120
-112,-117
-129,-106
-142,-96
-136,-111
-126,-128
-121,-128
-70,-153
-46,-161
-49,-148
46,-122
132,-59
158,10
167,24
174,20
178,4
178,-17
171,-47
146,-100
121,-128
135,-108
104,-136
20,-171
-24,-175
-49,-168
-72,-154
-108,-122
-110,-111
-71,-134
-112,-99
-110,-99
-123,-82
-133,-65
-106,-98
-51,-144
14,-166
42,-172
45,-174
41,-171
93,-135
115,-120
86,-142
78,-139
35,-143
-67,-140
-123,-105
-128,-91
-127,-79
-149,2
-146,1
-147,-24
-142,20
-93,105
-35,146
-28,145
-16,148
-7,150
-41,145
-112,82
-168,-18
-178,-12
-175,-7
-166,-31
-169,21
-166,42
-160,38
-154,31
-149,-7
-139,-52
-137,-62
-147,-44
-153,-37
-150,-66
-153,-22
-105,95
-10,147
64,133
119,84
125,83
72,134
-4,170
39,161
130,104
125,114
100,147
127,125
157,82
171,44
166,35
154,-52
105,-132
128,-88
144,-62
122,-92
137,-58
114,-89
61,-136
30,-142
-39,-142
-52,-141
-37,-143
19,-147
66,-143
107,-127
44,-153
-39,-161
-13,-168
59,-155
117,-123
125,-114
120,-107
127,-78
124,-83
110,-102
118,-86
134,-68
148,-42
162,12
154,74
160,65
177,13
164,34
100,116
61,142
15,138
-53,137
-52,143
-29,151
-14,153
35,152
39,157
-2,166
-72,159
-97,150
-108,131
-51,157
54,159
115,136
138,109
151,91
147,87
134,90
73,124
15,142
-58,133
-51,144
-56,150
-46,157
41,154
118,95
154,40
154,-8
110,-95
10,-140
-64,-135
-105,-100
-115,-94
-96,-128
-99,-132
-58,-146
-31,-169
-57,-165
-26,-173
-58,-161
-130,-106
-170,-35
-163,-46
-165,-32
-129,-65
-25,-132
32,-147
21,-151
6,-154
2,-163
10,-171
32,-170
75,-163
23,-163
-88,-147
-47,-150
59,-146
88,-129
100,-113
96,-115
102,-103
121,-88
122,-91
134,-26
129,101
108,138
99,137
53,150
18,156
-9,150
-38,143
-59,139
-36,147
-67,126
-134,91
-92,138
-22,167
26,172
42,169
82,154
90,151
139,88
157,74
124,119
53,145
-52,131
-82,120
-7,140
61,133
42,138
50,135
13,140
-44,158
-65,157
-107,140
-105,141
-20,172
32,177
34,177
69,162
28,143
-90,111
-116,94
-128,48
-146,-44
-148,-79
-154,-76
-163,-40
-175,1
-177,20
-174,45
-168,60
-165,65
-141,104
-98,146
-25,171
55,166
54,160
63,154
131,107
169,42
172,9
163,-48
151,-77
151,-15
150,26
147,24
142,37
147,15
152,2
151,-18
146,-21
156,49
166,6
159,-61
130,-110
131,-113
158,-80
156,-79
122,-129
102,-144
75,-159
57,-160
-20,-168
-64,-160
-87,-142
-107,-126
-90,-132
-93,-122
-60,-135
-40,-144
0,-148
21,-147
-77,-116
-138,-52
-142,-54
-150,-34
-143,38
-134,81
-144,78
-156,71
-153,84
-152,90
-152,87
-159,14
-146,-64
-149,-25
-156,8
-152,-13
-132,54
-88,129
-74,137
-59,141
-28,148
-14,146
9,146
-52,126
-132,89
-102,119
-51,153
-78,152
-51,164
48,155
134,89
162,32
160,-27
166,-25
176,2
176,-10
170,-47
162,-76
155,-85
151,-83
139,-97
143,-71
147,-16
138,40
115,91
96,124
134,65
146,-31
150,-36
166,14
173,12
160,-51
138,-106
114,-127
4,-150
-99,-131
-103,-138
-80,-157
-111,-134
-155,-73
-145,54
-114,130
-94,144
-52,164
-74,156
-23,173
-12,172
-78,147
-85,146
-85,125
-127,17
-143,-51
-146,-54
-151,-47
-155,-50
-164,-29
-140,61
-131,101
-137,107
-123,123
-148,89
-150,94
-144,92
-152,12
-141,-43
-140,29
-135,37
-119,-67
-126,-78
-143,-19
-135,-32
-86,-136
-44,-172
-22,-174
26,-167
89,-107
133,11
129,80
70,127
-62,139
-146,66
-153,-10
-145,-37
-127,-75
-115,-95
-75,-124
12,-164
27,-172
-44,-164
-93,-146
-44,-165
34,-162
33,-155
-77,-140
-153,-78
-167,-45
-159,-50
-163,-21
-161,15
-153,41
-153,17
-150,24
-145,8
-137,-55
-118,-108
-109,-123
-135,-91
-109,-129
-129,-104
-162,11
-142,91
-162,47
-170,-22
-131,-86
-51,-134
13,-145
52,-139
96,-122
95,-133
90,-143
108,-138
66,-155
28,-167
42,-170
-10,-177
-34,-175
-21,-168
70,-123
132,-68
134,-65
121,-87
100,-110
70,-133
102,-107
145,-75
145,-87
136,-103
115,-132
90,-151
-4,-162
-97,-138
-142,-88
-168,-22
-175,0
-177,15
-169,41
-136,105
-123,128
-102,139
-136,88
-144,89
-127,108
-96,136
-68,149
-95,117
-110,101
-95,113
-45,139
21,140
-41,124
-121,98
-159,49
-172,33
-127,105
-62,162
-34,173
-42,174
-38,174
-82,142
-135,64
-142,55
-124,79
-78,119
-116,74
-149,31
-154,27
-162,11
-169,-8
-161,-58
-120,-122
-70,-153
-29,-157
22,-145
80,-117
71,-130
44,-143
-39,-129
-125,-57
-145,-11
-131,-66
-131,-73
-143,11
-144,50
-154,2
-162,-26
-161,37
-145,82
-160,37
-178,-9
-172,32
-145,85
-148,23
-151,-43
-145,-49
-118,-80
-71,-129
-75,-133
-38,-145
42,-164
43,-169
74,-146
138,-84
128,-99
114,-114
136,-49
143,-27
110,-94
93,-114
109,-102
79,-122
114,-78
150,37
159,76
172,-6
153,-87
158,-78
160,-73
161,-45
159,-51
148,-77
147,-58
148,-2
148,1
131,39
104,118
97,135
93,145
99,147
117,137
151,94
171,55
179,6
172,-37
163,21
150,63
155,33
141,-59
111,-126
75,-149
86,-133
113,-90
143,-31
124,-48
35,-127
-9,-149
18,-144
97,-113
86,-129
48,-156
-6,-162
-62,-150
-91,-141
-60,-163
2,-173
60,-163
81,-146
115,-73
135,33
133,9
73,-107
48,-140
63,-137
76,-128
113,-110
110,-122
105,-129
145,-89
163,-66
151,-79
164,-28
131,-83
58,-163
64,-157
103,-120
82,-134
51,-150
87,-110
134,-13
112,95
34,167
-3,178
-9,175
35,170
47,163
78,150
88,139
75,137
79,127
22,140
-42,145
-69,143
-31,151
6,160
-32,166
-30,174
-12,179
-43,166
-108,133
-133,75
-143,-18
-135,-53
-86,-114
-55,-156
-75,-151
-125,-109
-161,-50
-167,-40
-168,-7
-153,70
-148,88
-150,91
-165,56
-164,56
-113,125
-74,158
-105,127
-81,136
-67,133
-124,44
-120,-75
-116,-111
-144,-71
-159,-40
-166,-39
-170,-29
-167,-47
-162,7
-146,87
-165,56
-163,66
-148,96
-152,81
-154,48
-153,11
-140,50
-134,68
-143,35
-142,17
-105,86
-61,136
-21,145
42,138
108,92
145,13
149,-3
145,39
151,24
155,19
153,8
110,-91
25,-141
-27,-148
-63,-138
-101,-118
-113,-110
-107,-120
-73,-156
-40,-176
0,-172
87,-129
128,-93
111,-111
98,-119
85,-126
49,-137
-39,-137
-85,-122
-122,-80
-110,-83
-23,-142
37,-158
50,-161
-43,-139
-136,-26
-151,30
-166,-6
-173,-9
-172,-7
-169,28
-168,34
-95,122
-22,168
-84,126
-126,-17
-69,-123
-5,-148
-8,-152
6,-155
77,-148
130,-119
157,-74
169,-30
146,25
51,116
-23,148
19,150
15,156
-32,166
-50,171
-49,173
-79,157
-111,135
-114,88
-88,-63
-8,-148
18,-162
-11,-167
6,-174
7,-177
5,-179
22,-175
34,-168
85,-112
123,22
111,100
79,138
71,148
130,71
157,-17
130,-82
130,-95
162,-58
171,-30
151,53
142,84
168,-2
166,-43
153,9
149,44
135,56
117,92
122,90
99,105
-26,139
-119,131
-107,144
-90,149
-124,83
-147,9
-121,-66
-99,-116
-130,-59
-145,13
-137,-47
-153,-55
-157,-54
-145,-100
-138,-109
-121,-129
-136,-102
-165,-1
-163,20
-97,-80
12,-136
-6,-138
-101,-93
-135,-52
-98,-101
-77,-140
-115,-103
-147,-33
-148,40
-151,33
-136,-67
-89,-138
26,-143
105,-101
125,-79
123,-77
67,-122
56,-134
91,-123
73,-140
63,-147
22,-157
50,-158
70,-160
42,-173
30,-174
72,-156
77,-156
94,-136
103,-123
96,-122
126,-57
149,19
148,58
145,5
138,-73
130,-89
105,-118
141,-87
156,-84
147,-101
131,-122
138,-115
136,-112
146,-60
140,31
109,98
119,89
143,27
143,33
140,72
149,64
150,78
158,69
159,68
167,51
180,4
171,-51
136,-115
78,-161
21,-180
-17,-178
-94,-139
-160,-66
-156,-73
-126,-119
-138,-102
-165,-46
-172,8
-151,70
-103,136
-94,131
-135,53
-143,-26
-142,-49
-148,-11
-128,62
-64,121
14,146
50,140
26,145
20,151
36,152
46,148
98,128
99,132
30,161
-38,171
-10,171
58,167
60,165
47,162
54,155
68,145
117,95
152,37
131,71
107,93
37,139
4,157
28,159
55,155
31,165
-17,177
-70,143
-144,62
-154,4
-145,-30
-139,-37
-114,-89
-82,-137
-43,-164
5,-174
9,-179
31,-161
92,-135
74,-145
56,-150
48,-149
20,-152
18,-149
5,-149
-37,-145
-43,-144
15,-140
91,-135
102,-138
126,-126
148,-89
148,-82
55,-151
-77,-147
-154,-40
-165,54
-167,50
-178,10
-176,29
-150,90
-73,156
18,177
35,177
57,162
71,151
36,163
28,158
18,153
75,128
131,86
134,74
133,68
116,94
108,106
73,130
15,164
22,170
67,157
28,161
-61,161
-73,156
-13,168
85,145
147,97
138,94
133,94
161,39
150,44
148,31
139,-8
78,-123
37,-157
92,-103
138,-54
146,-21
158,27
156,-5
129,-91
118,-114
148,-52
156,61
129,111
89,132
113,97
150,45
153,30
146,36
137,55
147,5
136,25
93,117
44,160
-9,173
-27,174
-57,164
-7,167
27,168
-27,160
-60,143
-100,90
-144,24
-153,16
-138,-68
-80,-151
-21,-174
8,-171
7,-166
-15,-160
-53,-146
-75,-125
19,-134
50,-140
82,-127
106,-118
145,-91
167,-51
174,-38
175,-16
169,11
125,76
54,126
-56,129
-120,114
-135,106
-114,127
-59,163
-16,175
-29,178
-56,163
-115,112
-130,95
-126,89
-138,54
-134,47
-132,-36
-131,-97
-118,-123
-104,-146
-95,-151
-67,-164
-100,-137
-114,-121
-39,-149
12,-149
47,-138
11,-142
-74,-125
-112,-102
-112,-100
-114,-98
-107,-106
-125,-82
-152,-24
-153,-37
-155,-51
-166,-33
-158,-75
-137,-114
-135,-115
-119,-123
-76,-137
-11,-149
-4,-149
-57,-137
-66,-132
2,-145
60,-151
37,-160
38,-166
77,-157
119,-134
134,-112
145,-84
149,-55
127,-87
74,-135
-25,-149
-71,-141
-42,-148
-59,-140
-93,-118
-138,-54
-154,-4
-148,2
-137,62
-133,65
-144,-3
-138,-76
-133,-102
-151,-62
-164,16
-168,25
-178,-9
-177,-35
-177,-32
-176,6
-169,-14
-165,8
-154,67
-146,75
-143,55
-137,-28
-122,-90
-90,-132
-54,-161
-16,-174
-20,-178
-18,-179
-48,-173
-58,-168
-43,-166
-58,-150
-137,-93
-162,-50
-167,17
-162,32
-156,32
-139,75
-122,103
-118,97
-76,129
-70,124
-110,86
-55,126
-60,132
-51,144
-25,154
9,157
74,135
113,113
124,103
141,74
123,114
42,143
-97,105
-131,88
-121,97
-114,97
-66,134
-63,131
-114,70
-143,-51
-148,-95
-151,-97
-162,-77
-173,-3
-143,90
-45,157
-1,173
5,169
85,147
81,156
38,168
11,172
20,168
4,157
-39,142
-95,109
-117,98
-120,88
-140,-22
-142,-103
-169,-42
-177,13
-166,68
-135,117
-115,132
-147,75
-145,78
-129,100
-133,84
-106,104
-20,149
-16,149
-46,141
32,132
129,73
152,3
143,-64
131,-84
139,-50
143,12
147,20
138,-52
125,-86
144,-60
164,-3
176,26
172,-33
161,-75
160,-77
164,-62
171,-33
165,-40
158,-8
147,34
117,80
118,83
142,-3
142,-32
143,45
153,47
136,-52
113,-111
136,-88
161,-64
168,-54
170,-54
145,-101
115,-136
100,-150
93,-142
132,-63
146,-50
132,-78
124,-80
143,-26
144,27
94,119
44,170
73,164
111,138
56,148
-9,165
33,160
43,154
-10,148
-62,136
-65,137
-19,143
78,115
94,112
34,147
-25,166
-49,170
-11,175
65,154
127,118
122,132
114,136
66,155
77,150
66,147
61,145
98,124
116,95
140,58
134,21
95,-107
55,-151
87,-121
119,-86
106,-89
2,-133
-64,-134
-10,-139
65,-140
115,-109
152,2
159,74
130,94
69,137
47,139
-30,135
-107,113
-135,90
-166,54
-173,44
-173,-11
-157,-61
-138,-83
-157,-33
-151,-29
-131,-71
-131,-74
-117,-84
-57,-139
27,-157
126,-107
158,-80
150,-90
129,-114
117,-94
129,27
133,66
138,56
130,44
123,-44
137,27
142,97
155,74
167,2
142,-85
139,-105
111,-126
46,-166
65,-164
119,-99
128,35
136,52
149,20
146,-11
145,-30
148,18
149,52
144,80
140,93
105,136
40,167
9,173
27,168
33,159
20,152
99,108
155,49
159,21
146,16
75,104
-16,151
-56,158
-28,163
15,169
15,175
-9,175
-12,177
33,171
97,145
89,144
-2,142
-27,144
34,151
53,145
24,147
-43,140
-102,121
-124,99
-167,22
-179,-10
-169,-4
-149,81
-125,129
-67,160
41,165
112,136
98,146
66,147
-22,144
-45,147
-25,149
-47,134
-55,133
-26,148
-50,145
-118,113
-152,92
-164,79
-167,71
-148,100
-108,141
-69,165
-57,166
-57,156
-102,90
-143,22
-141,49
-141,56
-120,80
-15,129
99,104
98,103
-9,138
-99,135
-132,115
-161,69
-167,56
-136,107
-122,95
-130,-29
-130,-31
-104,93
-44,154
-40,152
-29,149
17,145
16,144
4,144
18,126
-109,47
-166,-51
-148,-90
-150,-83
-170,-12
-155,76
-126,122
-94,146
-48,163
-8,167
-62,142
-90,124
-118,72
-113,65
-43,134
-60,132
-33,143
0,151
-22,155
-41,159
-97,141
-118,138
-78,160
-38,172
-6,174
9,175
16,174
90,143
149,85
133,72
24,133
12,147
12,149
-1,148
-83,104
-166,23
-177,19
-166,9
-121,-91
-64,-140
-27,-145
20,-149
11,-147
-21,-145
4,-155
18,-162
68,-144
149,-80
167,-60
156,-74
146,-89
146,-77
140,-70
115,-103
120,-94
115,-96
68,-128
35,-145
38,-144
55,-141
72,-140
61,-149
-3,-157
-79,-131
-133,-59
-150,8
-146,45
-119,94
-78,131
-60,143
-75,139
-16,155
-5,165
7,170
-19,174
0,173
104,120
163,40
173,41
177,39
173,35
155,75
135,98
101,119
22,139
-50,138
-79,133
-115,114
-127,119
-100,142
-39,166
1,176
34,172
107,124
163,33
171,0
164,55
147,91
169,21
171,-50
133,-115
98,-149
106,-135
140,-58
154,-10
133,-57
72,-131
87,-91
134,33
146,71
157,56
166,32
168,4
155,57
120,127
89,144
50,151
14,150
-47,131
-121,77
-161,-7
-173,-17
-176,12
-176,24
-172,46
-168,17
-166,-39
-137,-70
-46,-127
-9,-147
-54,-137
-32,-144
66,-138
148,-63
171,14
172,-12
166,-47
148,-76
141,-28
121,70
131,46
148,-1
146,28
149,49
156,32
160,35
163,45
153,53
111,129
122,128
157,77
172,-4
166,-38
164,15
155,-33
127,-110
121,-85
144,-2
145,29
136,66
136,75
125,99
134,80
138,-41
143,-66
166,-42
176,-3
180,-5
175,-45
154,-87
106,-141
106,-135
138,-94
142,-40
134,47
124,80
130,76
139,63
150,49
146,78
118,117
98,142
151,83
140,95
116,128
155,70
176,6
172,-26
161,-56
147,-70
143,19
130,69
139,19
134,14
99,108
67,151
55,161
-35,156
-127,96
-153,23
-154,14
-149,30
-140,12
-115,-86
-107,-127
-115,-128
-131,-104
-162,-18
-166,-18
-171,-49
-176,-14
-155,74
-144,90
-158,0
-138,-77
-116,-101
-78,-125
-88,-117
-50,-133
-18,-154
-85,-125
-97,-129
-84,-147
-26,-172
-2,-176
-78,-154
-131,-123
-149,-75
-175,6
-179,3
-161,-43
-130,-92
-134,-80
-151,-39
-153,-28
-147,-31
-141,24
-130,65
-144,2
-142,-60
-103,-127
-103,-140
-119,-125
-86,-151
-87,-146
9,-144
109,-85
139,5
139,66
157,25
162,41
142,91
119,132
138,107
126,113
153,40
173,-23
170,-9
158,32
149,46
141,45
151,9
151,-6
147,-32
130,-51
93,-112
93,-118
88,-123
95,-123
60,-142
91,-113
163,-37
152,-76
86,-147
79,-158
56,-170
78,-154
111,-128
103,-129
98,-122
130,-60
136,-45
95,-106
86,-123
54,-134
-26,-141
-39,-144
8,-154
32,-158
47,-162
19,-170
8,-174
8,-172
35,-171
-53,-162
-129,-126
-128,-123
-115,-132
-143,-103
-157,-39
-121,99
-53,168
-48,173
-57,162
-101,123
-92,127
-75,136
-34,151
-34,147
-77,122
-117,91
-149,59
-161,45
-170,-1
-178,-24
-165,47
-102,135
-31,172
4,175
70,164
89,155
138,102
157,-4
80,-129
-25,-158
-69,-152
-104,-129
-137,-69
-157,6
-166,11
-168,38
-164,55
-162,23
-170,-45
-172,-38
-174,-11
-170,12
-137,-31
-62,-124
-55,-141
-63,-141
-77,-137
-66,-148
-54,-163
-67,-159
-117,-96
-143,40
-138,68
-168,-16
-167,-64
-169,-66
-175,-39
-173,-20
-168,-3
-155,15
-65,-78
85,-103
163,-26
175,30
177,-12
160,-80
131,-123
105,-143
120,-125
102,-136
101,-103
137,4
143,24
138,59
150,33
150,39
138,95
157,53
172,3
176,-16
167,24
135,99
152,82
127,98
56,137
-7,148
-26,147
-59,142
-21,151
30,152
-35,142
-142,85
-157,85
-94,138
5,172
-13,172
-74,149
-95,129
-98,112
-107,93
-99,82
-141,-18
-159,-7
-165,13
-167,25
-170,34
-176,11
-167,-32
-95,-113
-21,-150
48,-123
135,-60
128,-80
69,-136
61,-149
50,-158
50,-163
50,-165
107,-128
142,-103
140,-88
153,-16
150,4
133,55
119,84
107,104
141,25
149,-36
156,-13
165,3
162,-10
163,53
173,41
163,64
160,75
154,70
128,96
144,62
156,23
149,-29
139,-74
143,-34
134,48
136,63
151,7
153,40
145,91
159,76
169,57
153,92
146,104
139,103
103,122
56,142
8,148
3,152
13,152
24,151
4,157
-32,160
-54,164
-60,166
-66,167
-80,157
-102,140
-91,145
-78,145
-4,157
81,147
114,124
131,102
108,114
124,83
156,12
153,7
147,30
145,33
122,69
110,110
141,75
154,44
155,-24
149,-53
170,4
178,34
181,4
172,-34
154,28
134,89
119,103
101,116
84,125
55,139
66,135
125,70
148,9
150,3
149,-24
156,-28
164,-18
170,6
172,50
170,58
158,79
157,73
158,60
166,20
162,6
156,-7
149,-50
120,-80
17,-148
-29,-159
0,-154
24,-147
15,-144
-77,-116
-139,-43
-142,-2
-137,-39
-143,-16
-100,-90
-75,-147
-122,-102
-158,-33
-148,-74
-132,-114
-132,-107
-47,-147
5,-161
42,-129
123,-9
153,30
152,16
122,110
94,152
56,163
96,137
138,105
145,90
124,101
65,135
27,144
-56,122
-122,101
-44,141
57,141
55,146
-20,170
-22,172
4,167
-76,148
-55,158
-47,147
-115,88
-134,61
-136,58
-146,28
-151,25
-140,60
-151,48
-163,40
-170,35
-174,5
-159,-62
-148,-87
-163,-39
-167,-4
-156,-22
-130,-68
-72,-121
-1,-151
5,-162
-49,-152
-99,-127
-126,-104
-134,-105
-157,-66
-172,-19
-174,-37
-171,-54
-164,-63
-163,-56
-127,-92
-85,-129
-32,-143
33,-143
72,-142
32,-151
-24,-154
-3,-162
70,-152
113,-140
132,-107
154,-37
154,-28
143,-67
137,-71
138,-59
135,-58
108,-100
61,-133
50,-128
120,-88
110,-111
121,-112
120,-124
121,-128
142,-94
168,-19
170,-18
135,-92
45,-163
-34,-174
-81,-158
-124,-126
-150,-90
-171,-31
-160,52
-138,111
-142,95
-105,131
-76,152
-91,129
-96,113
-12,147
-1,151
-33,145
-65,128
-49,124
74,112
132,68
146,8
115,-79
69,-132
82,-124
115,-88
134,-71
101,-113
69,-133
121,-92
146,-88
114,-130
92,-147
127,-117
125,-126
74,-160
-8,-172
-72,-162
-24,-158
77,-117
87,-119
69,-135
73,-131
70,-133
39,-144
29,-147
60,-141
37,-153
87,-133
155,-71
176,-36
171,-46
158,-64
146,-85
151,-44
149,8
142,37
145,34
146,18
136,65
143,7
109,-97
72,-135
71,-139
84,-138
78,-148
87,-151
71,-159
15,-168
60,-156
102,-143
22,-153
-89,-148
-74,-159
-41,-163
-29,-158
-60,-142
-134,-70
-154,-40
-130,-78
-133,-69
-139,-48
-131,-73
-134,-76
-136,-75
-137,-81
-146,-72
-134,-104
-104,-143
-71,-163
-98,-142
-112,-123
-89,-134
-151,-64
-173,17
-152,83
-127,117
-113,115
-40,160
4,168
-24,152
-53,140
-94,112
-123,80
-130,76
-77,125
-89,116
-153,40
-170,-9
-160,65
-159,70
-144,-28
-91,-120
-78,-128
-6,-139
38,-145
-28,-141
-48,-145
-16,-161
-24,-163
7,-170
7,-179
-32,-175
-111,-114
-161,6
-174,11
-180,-17
-177,-33
-158,-58
-106,-112
-53,-139
0,-149
-4,-150
21,-149
61,-150
14,-161
-23,-163
-95,-124
-144,-78
-159,-48
-155,19
-94,114
-93,122
-157,65
-161,69
-161,73
-168,25
-149,-44
-155,-26
-159,4
-154,6
-151,33
-142,49
-117,89
-118,90
-115,86
-103,92
-152,4
-171,-17
-167,37
-169,40
-169,48
-153,93
-152,93
-150,96
-117,132
-62,164
-75,144
-122,32
-115,-83
-126,-37
-105,87
-48,139
-16,148
2,150
23,149
13,153
24,152
80,127
80,134
42,162
1,175
3,179
65,161
141,96
169,9
164,-60
164,-71
159,-86
156,-91
151,-87
161,-55
159,-42
155,-16
148,16
148,18
143,-21
130,-72
106,-103
117,-83
152,-5
156,66
163,18
172,-31
178,-13
166,32
129,103
121,108
141,76
142,64
132,66
91,113
28,140
-12,161
29,160
48,163
40,171
46,173
78,160
119,134
122,133
114,136
36,136
-86,111
-117,93
-87,117
-56,139
-16,142
78,117
135,55
133,-27
81,-121
56,-140
-18,-131
-122,-92
-153,-26
-152,54
-147,42
-147,-18
-146,-18
-147,-3
-139,-51
-139,-79
-157,-40
-155,18
-142,81
-150,81
-167,47
-179,-11
-173,-40
-159,-61
-139,-86
-139,-66
-157,7
-154,-1
-142,-28
-118,-88
-125,-81
-141,2
-130,71
-142,56
-147,59
-139,82
-104,121
-108,127
-104,132
-41,161
-16,170
-64,161
-108,140
-103,142
-113,123
-65,145
-1,171
-17,162
-52,142
-106,98
-113,94
-117,87
-157,16
-167,21
-142,83
-104,129
-26,157
17,166
6,174
2,177
-53,161
-76,156
-74,153
-80,136
-120,82
-105,103
-79,128
-66,129
-18,146
-69,126
-113,111
-123,106
-142,94
-87,135
1,164
70,143
124,108
125,116
149,76
171,13
173,26
161,76
161,75
163,59
169,30
167,9
156,-48
124,-118
110,-130
95,-130
18,-159
-34,-161
2,-153
55,-138
88,-115
131,-25
135,93
146,102
166,68
173,19
167,41
167,9
157,-78
144,-105
113,-134
63,-163
20,-168
-89,-134
-158,-80
-114,-105
-55,-146
-81,-133
-132,-78
-158,-23
-156,-1
-152,-3
-148,-24
-131,-68
-76,-128
-2,-171
-10,-180
-16,-180
0,-178
-42,-171
-51,-166
-98,-125
-169,-20
-179,16
-173,-8
-165,-23
-146,-54
-149,-38
-152,-7
-129,-53
-117,-92
-109,-102
-60,-154
-45,-171
-50,-172
-69,-159
-146,-80
-177,-17
-180,7
-171,-22
-109,-103
0,-141
51,-139
54,-142
49,-145
13,-151
-15,-152
-57,-144
-82,-133
-56,-153
-61,-157
-21,-169
-46,-159
-137,-63
-131,78
-136,88
-169,32
-161,67
-160,76
-164,68
-163,61
-158,37
-150,-17
-83,-87
70,-116
156,-81
162,-72
166,-6
164,11
159,-55
145,-81
112,-121
117,-105
135,-35
135,56
132,81
120,110
88,143
77,159
131,103
171,13
172,29
157,80
95,105
-32,133
-21,143
44,140
-6,142
-66,140
-60,147
-58,153
-38,157
-36,153
-127,101
-153,62
-122,121
-105,137
-55,161
-13,173
-13,168
-16,160
-31,145
-69,131
-88,121
-118,96
-155,32
-172,-15
-170,-50
-173,-44
-166,31
-120,127
-95,150
-77,158
-76,155
-107,131
-91,139
-38,161
37,159
77,145
7,134
-109,75
-151,-21
-155,-55
-165,20
-174,13
-174,-34
-168,-63
-162,-68
-159,-57
-118,-68
-41,-132
-76,-127
-64,-127
40,-139
62,-149
-1,-165
-34,-165
-43,-168
-11,-174
68,-152
129,-102
140,-79
129,-71
133,25
136,72
132,83
102,126
121,119
142,100
113,134
50,164
35,167
27,158
-19,155
-7,154
12,148
35,142
20,144
-15,149
-68,138
-121,122
-122,128
-140,113
-127,125
-75,157
24,170
65,169
68,164
66,163
85,150
107,125
133,102
114,111
69,131
71,128
74,124
121,74
145,-2
148,-20
138,42
95,124
32,166
-18,176
-23,173
-66,148
-126,87
-135,71
-140,31
-147,22
-152,2
-153,-47
-161,-26
-166,18
-169,38
-168,54
-166,67
-167,57
-172,36
-154,86
-142,104
-133,108
-127,106
-70,149
-7,170
17,167
33,158
37,152
-21,142
-92,117
-68,123
44,135
90,119
126,74
140,-3
93,-103
55,-141
62,-135
55,-138
51,-142
88,-124
142,-90
154,-88
165,-50
136,54
12,125
-98,103
-109,93
9,130
62,127
-40,134
-128,114
-105,139
-22,165
35,159
-49,151
-89,152
-94,136
-132,71
-146,3
-131,-51
-98,-122
-52,-152
45,-163
107,-128
143,-66
100,-114
11,-166
11,-163
7,-156
-26,-153
14,-147
-55,-126
-136,-71
-137,-61
-72,-118
9,-155
52,-158
93,-147
123,-131
117,-138
102,-143
133,-99
151,-44
150,10
128,71
124,85
145,40
147,46
147,66
146,81
128,121
112,142
109,143
137,109
155,86
162,52
174,-10
165,-42
114,-120
51,-168
4,-175
-21,-170
-40,-160
56,-116
122,-80
107,-103
79,-123
56,-137
97,-121
67,-142
42,-158
52,-162
14,-165
-42,-164
-3,-174
9,-181
-9,-180
-49,-165
-94,-146
-41,-162
-35,-161
-33,-151
28,-144
57,-134
-3,-142
-59,-135
-103,-105
-107,-101
-129,-69
-141,-53
-144,-54
-147,-68
-159,-19
-159,34
-141,80
-150,71
-174,37
-178,1
-178,-17
-177,7
-169,38
-135,103
-125,111
-143,77
-121,97
-68,144
-52,149
-36,150
-57,139
-75,128
-37,129
39,140
47,135
118,69
149,12
144,33
136,78
138,89
149,73
164,28
165,20
166,60
170,40
143,89
149,93
166,53
167,34
163,30
155,30
149,14
145,-13
146,6
140,14
90,110
94,127
147,39
155,-33
163,-21
170,-22
173,-14
163,51
101,124
-7,138
-89,110
-94,106
-144,51
-158,50
-161,45
-176,14
-166,59
-162,59
-174,8
-170,33
-141,-10
-28,-113
60,-140
41,-152
26,-161
15,-166
-25,-161
-80,-147
-46,-162
12,-176
65,-159
80,-151
34,-156
-64,-158
-111,-129
-155,-62
-163,-41
-157,-15
-140,89
-127,113
-92,139
-52,157
-90,104
-121,64
-51,130
-20,147
-57,124
-128,81
-148,71
-141,90
-96,123
15,151
30,158
-17,173
-59,165
-119,122
-152,52
-157,14
-148,27
-121,87
-92,120
-105,100
-139,27
-157,-30
-165,-30
-170,-23
-174,-29
-179,-5
-178,14
-177,-18
-172,-32
-165,-44
-155,-38
-134,-74
-147,-44
-142,-46
-113,-95
-95,-122
-103,-121
-124,-100
-138,-73
-156,-6
-163,-29
-172,-28
-173,-31
-154,48
-78,142
-66,155
-78,159
-43,174
-7,179
-3,177
-18,172
48,164
93,151
97,142
55,145
16,151
68,132
117,101
113,98
62,131
43,143
96,115
133,77
134,81
102,129
109,132
120,129
117,136
121,134
139,115
161,72
157,69
143,85
149,-5
122,-118
69,-153
63,-155
65,-151
-10,-164
-39,-161
-11,-156
39,-144
87,-120
130,-61
166,-2
173,7
166,-17
132,-106
153,-88
141,-100
64,-163
44,-175
20,-176
51,-152
95,-131
63,-149
90,-97
136,23
145,49
151,39
144,88
159,64
152,84
101,129
14,160
-51,144
-76,126
-125,64
-155,6
-163,-9
-170,-19
-173,-24
-169,34
-173,27
-181,-2
-178,12
-152,-32
-71,-118
-32,-146
-48,-137
-105,-94
-139,0
-124,76
-76,128
-13,142
91,122
117,100
90,115
104,108
96,113
66,137
43,154
9,167
-47,167
-102,132
-142,89
-133,92
-144,10
-145,-36
-143,-17
-140,26
-139,-43
-130,-95
-98,-138
-39,-167
-16,-175
-68,-160
-11,-151
71,-135
62,-140
86,-121
99,-114
89,-120
65,-135
31,-148
52,-149
78,-149
86,-151
113,-130
153,-90
158,-83
142,-101
124,-121
121,-113
131,-64
145,8
138,-35
67,-116
-46,-140
-87,-130
-111,-97
-152,-13
-152,43
-144,49
-118,87
-82,127
-113,93
-129,81
-93,109
7,140
38,137
-23,145
26,149
70,140
108,116
136,86
150,70
156,68
155,68
130,115
115,134
74,153
119,119
155,77
142,88
148,69
152,0
120,-107
71,-149
89,-126
112,-102
134,-57
141,-44
149,-9
144,-28
114,-101
112,-114
97,-129
86,-140
110,-135
119,-129
143,-106
147,-95
151,-78
151,-23
154,16
150,21
144,20
138,-48
132,-70
111,-99
89,-122
67,-133
7,-146
-4,-153
27,-157
-2,-153
-83,-128
-81,-141
-90,-143
-121,-119
-97,-145
-97,-152
-131,-125
-143,-109
-122,-123
-73,-137
35,-132
62,-129
-17,-144
-74,-124
-132,-64
-148,-13
-145,38
-147,19
-151,1
-141,-28
-110,-115
-76,-147
35,-151
115,-113
127,-91
138,-23
144,42
147,25
146,-36
142,-38
160,29
154,64
147,100
172,49
181,10
179,2
170,34
167,29
166,-1
148,33
132,61
144,27
138,-23
125,-82
96,-110
101,-104
112,-94
57,-133
29,-147
50,-140
124,-102
151,-90
134,-106
40,-157
24,-165
94,-151
93,-154
61,-164
15,-172
-26,-167
35,-142
107,-101
117,-91
125,-80
135,-69
137,-72
100,-120
109,-122
119,-120
138,-108
155,-92
156,-93
147,-102
134,-113
142,-86
135,-91
89,-127
22,-163
13,-162
-32,-153
-112,-107
-155,-26
-136,86
-65,154
20,174
8,162
-84,104
-142,27
-152,-4
-154,-7
-145,47
-131,80
-146,64
-151,73
-157,77
-169,54
-154,-29
-109,-114
-133,-86
-147,-56
-106,-97
-18,-135
91,-114
158,-7
168,60
175,28
160,19
109,102
66,133
35,145
40,146
65,132
49,144
44,157
86,132
138,54
150,-18
162,5
165,28
165,69
171,50
175,-24
175,-53
169,-64
164,-22
156,38
123,78
97,106
131,26
129,-72
65,-135
3,-155
-85,-115
-157,-36
-150,-47
-139,-64
-143,-52
-149,-27
-148,-25
-144,-24
-117,-89
-116,-112
-127,-103
-124,-107
-151,6
-118,107
-69,149
-20,159
38,159
69,152
88,148
92,148
20,160
-74,148
-104,121
-134,49
-141,22
-127,72
-127,73
-88,113
-22,144
28,146
46,140
22,151
6,158
-29,166
-41,169
-30,173
-65,165
-111,132
-132,96
-81,134
-74,133
-126,82
-120,89
-62,132
-24,148
1,143
90,112
123,89
106,103
72,134
68,142
66,150
56,162
48,170
57,170
72,161
131,107
169,9
177,-24
179,-2
178,1
170,-35
146,-101
123,-126
70,-159
19,-173
28,-159
95,-112
90,-118
37,-146
19,-147
11,-145
66,-131
95,-121
119,-106
69,-144
17,-162
-6,-167
-4,-171
60,-163
115,-126
147,-78
151,-60
137,-79
125,-92
130,-71
144,0
148,52
147,66
142,79
160,-9
143,-80
144,-82
171,-31
171,29
159,70
148,80
154,52
162,8
158,1
146,-34
138,-40
147,-14
143,-46
124,-74
40,-131
-7,-149
46,-136
117,-106
146,-88
156,-39
157,63
155,76
171,-2
165,-57
161,-32
128,-73
18,-159
-41,-170
-90,-138
-159,-69
-169,-48
-171,-27
-168,19
-146,86
-137,87
-131,64
-137,-30
-125,-80
-104,-101
-21,-156
34,-175
15,-177
-67,-161
-117,-134
-120,-126
-121,-111
-35,-149
9,-158
31,-138
100,-101
68,-126
3,-149
-23,-149
-45,-145
-16,-156
8,-163
4,-169
-56,-155
-123,-104
-104,-131
-34,-171
-8,-178
-31,-172
-35,-167
-42,-159
-65,-147
-39,-147
-52,-139
-1,-138
15,-144
-48,-142
-74,-132
-115,-96
-143,-30
-146,23
-141,45
-154,-15
-143,-91
-109,-137
-28,-162
-37,-150
-137,-99
-164,-56
-169,-33
-169,14
-164,48
-156,56
-153,40
-153,5
-141,-38
-128,-80
-130,-89
-150,-56
-156,-47
-129,-107
-96,-152
-118,-137
-152,-95
-172,-32
-177,33
-173,4
-164,11
-124,111
-44,169
25,171
110,136
119,131
110,134
102,129
88,133
98,121
62,128
-12,146
-26,151
17,150
4,158
-35,166
-49,168
-91,147
-113,138
-74,160
-105,104
-150,27
-147,46
-137,54
-139,-31
-142,-64
-153,-40
-160,-19
-147,39
-87,120
-7,150
54,141
91,124
90,131
133,70
157,27
163,5
166,-24
171,-7
174,28
176,32
151,67
88,133
43,152
39,148
92,108
148,36
144,-36
133,-74
146,-18
136,-28
91,-111
83,-126
58,-132
-14,-146
4,-150
29,-154
59,-147
108,-134
99,-146
52,-166
-37,-163
-60,-164
-30,-170
24,-171
68,-142
105,-114
108,-101
139,-30
136,62
133,105
138,105
126,126
117,136
135,117
122,123
105,131
57,142
41,148
96,113
148,46
136,57
95,113
77,130
66,140
8,149
-91,147
-136,109
-154,38
-129,-62
-72,-125
-68,-136
-103,-102
-142,-26
-150,8
-143,-48
-132,-102
-143,-95
-164,-41
-170,14
-161,-34
-151,-91
-173,-39
-177,-1
-152,-48
-105,-111
-99,-112
-137,-25
-146,53
-142,53
-116,92
-97,117
-114,96
-116,93
-75,127
-51,141
-17,147
-64,133
-134,106
-133,115
-134,118
-124,128
-32,163
67,161
131,113
166,64
165,72
146,100
151,90
143,96
155,48
159,-46
148,-24
133,65
135,55
148,21
143,42
136,65
140,70
155,31
155,48
160,52
154,77
155,86
105,124
31,161
28,160
17,152
-44,138
-90,118
-120,91
-162,33
-162,37
-90,123
-34,165
-14,173
-30,174
-37,178
-23,180
-9,180
-24,172
-45,162
-65,138
-119,86
-139,60
-146,42
-154,-20
-158,-29
-128,76
-62,142
-38,156
-65,156
-54,163
-75,153
-28,159
63,164
57,169
8,170
-75,140
-104,115
-32,138
78,136
60,138
-38,129
-113,98
-109,109
-76,138
-59,145
-123,98
-168,2
-134,-82
-61,-135
-47,-141
23,-134
115,-92
158,-59
131,-100
116,-129
107,-139
23,-164
3,-170
69,-162
82,-153
91,-145
66,-156
70,-138
125,-54
144,21
120,96
68,151
33,176
19,179
-8,175
-9,172
-35,155
-68,137
-87,117
-125,84
-137,71
-149,53
-157,35
-171,-22
-175,9
-166,63
-130,116
-74,161
-62,167
-7,167
79,158
97,153
102,149
118,134
120,126
133,109
140,87
162,31
165,11
161,-22
133,-85
90,-139
77,-141
92,-121
62,-135
83,-123
114,-100
80,-118
-9,-141
-56,-131
4,-150
-3,-160
-83,-121
-143,-35
-153,-28
-154,-3
-109,94
-73,134
-24,144
33,150
50,141
123,80
123,91
90,143
64,166
19,169
-52,154
18,160
75,152
82,148
70,144
16,150
-42,133
-112,98
-101,119
-96,116
-149,11
-146,-90
-120,-122
-115,-122
-111,-111
-36,-138
-14,-148
-52,-128
-122,-74
-89,-96
0,-155
-18,-155
-97,-128
-87,-143
-25,-172
22,-176
57,-148
130,-68
139,-62
138,-38
143,39
134,85
138,93
158,52
160,25
136,97
143,107
160,81
162,77
152,76
125,102
136,85
149,47
154,-8
141,-68
138,-73
126,-85
86,-122
28,-150
7,-149
66,-124
120,-98
151,-56
171,-23
178,8
179,16
163,-31
103,-138
63,-168
91,-140
137,-96
106,-120
36,-164
-44,-162
-110,-131
-146,-90
-133,-89
-105,-113
-139,-60
-158,11
-139,69
-104,118
-46,149
-31,153
-50,143
-20,150
-18,147
-54,138
-68,132
-116,108
-63,138
21,155
89,129
120,97
151,14
156,-16
150,55
123,123
67,156
80,145
90,138
90,137
135,94
157,48
150,52
136,68
115,90
85,122
74,135
67,146
68,151
94,139
137,85
102,114
21,171
-14,168
-66,145
-56,149
-24,153
50,145
57,141
58,133
90,114
71,131
76,131
100,109
139,39
148,-14
126,-70
79,-119
40,-144
29,-149
43,-149
57,-151
19,-160
-9,-167
-16,-171
-57,-158
-48,-163
2,-180
-32,-173
-127,-114
-172,-59
-176,-8
-149,88
-105,143
-127,120
-144,88
-155,20
-155,-4
-140,-31
-74,-108
-71,-129
-114,-95
-70,-144
-97,-127
-157,-39
-170,-4
-169,-23
-160,-75
-106,-116
-21,-154
-1,-147
89,-101
139,-63
153,-41
154,-55
137,-93
160,-61
163,-68
125,-124
108,-135
150,-64
157,10
113,90
101,112
98,115
86,124
102,114
76,137
71,152
91,146
62,162
5,178
7,178
34,167
105,133
83,145
66,146
122,100
154,20
159,-54
158,-41
151,-46
139,-66
115,-93
128,-63
118,-86
91,-114
76,-117
60,-126
89,-122
36,-149
42,-152
3,-158
-14,-159
75,-150
109,-145
108,-133
134,-31
103,89
97,112
95,119
101,119
81,139
69,155
45,168
71,162
69,158
-12,164
-52,159
-51,155
-78,128
-124,63
-150,-5
-158,2
-165,-21
-170,-30
-173,2
-171,-22
-161,-74
-168,-50
-167,34
-96,137
-51,173
-76,160
-41,168
6,175
25,166
88,146
128,112
142,88
122,100
105,115
85,122
36,141
-8,154
52,132
101,112
47,151
0,177
-3,182
12,182
59,172
112,138
153,94
171,51
164,56
165,49
167,31
152,50
150,9
139,-82
116,-113
126,-84
134,-70
125,-77
106,-103
83,-122
67,-131
50,-137
-38,-138
-83,-127
-70,-136
-37,-156
-45,-161
-25,-170
-25,-176
-34,-175
-23,-175
-96,-135
-165,-27
-175,34
-178,26
-170,48
-126,121
-89,157
-69,164
-34,172
-46,163
-25,162
75,133
147,-2
89,-139
72,-160
113,-135
126,-121
93,-138
12,-169
-49,-164
-91,-143
-76,-131
56,-88
148,8
151,-21
97,-113
24,-148
8,-152
76,-146
110,-136
87,-145
28,-157
110,-82
142,35
132,61
146,-26
147,-39
147,15
138,64
125,94
85,144
49,161
-65,119
-146,19
-152,-9
-146,-10
-131,-67
-136,-38
-149,-9
-157,-14
-155,37
-147,43
-96,-80
28,-150
69,-145
66,-139
28,-141
6,-143
52,-139
60,-139
78,-132
115,-92
143,37
115,125
123,117
153,70
165,25
150,36
123,89
135,67
146,37
148,-2
122,52
58,144
55,161
46,166
68,159
84,151
90,149
148,93
170,33
139,78
36,132
-55,135
-100,107
-124,92
-71,127
3,152
34,150
60,143
52,152
-15,162
-114,108
-162,20
-149,-38
-145,-32
-152,13
-148,16
-138,47
-138,-16
-129,-89
-78,-136
38,-153
59,-160
34,-168
4,-170
-26,-169
-37,-162
-75,-147
-107,-121
-152,-61
-162,-16
-121,-45
-23,-134
-24,-151
-59,-148
-62,-151
-52,-159
-33,-172
-51,-170
-53,-172
-32,-174
14,-171
68,-135
130,-66
145,-36
117,-86
69,-131
0,-140
-84,-119
-83,-123
-94,-116
-73,-134
-83,-132
-129,-80
-136,-84
-136,-100
-159,-57
-159,-63
-145,-102
-122,-125
-74,-154
-67,-155
-107,-122
-126,-101
-139,-73
-143,-63
-135,-63
-77,-108
56,-124
154,-75
152,-84
128,-117
118,-123
54,-169
5,-178
-63,-162
-103,-144
-149,-76
-168,36
-132,119
-131,109
-161,33
-156,-24
-155,17
-143,75
-134,13
-133,-64
-136,-70
-144,-33
-142,48
-133,76
-100,106
-45,143
-45,149
-18,156
-30,161
-12,168
31,167
96,130
151,67
155,59
141,101
160,75
146,94
75,144
-10,152
-24,150
37,145
68,136
96,116
122,86
142,47
144,11
114,-80
75,-131
80,-126
54,-137
7,-148
6,-150
3,-154
13,-157
1,-159
27,-160
99,-132
151,-90
155,-64
138,32
75,121
57,139
91,122
118,97
141,62
131,81
59,144
10,177
2,178
72,156
137,114
145,108
140,110
128,112
99,128
122,98
134,74
104,105
126,73
142,49
139,53
148,6
150,-22
143,-49
143,-61
151,-52
168,-12
173,27
159,78
130,118
118,125
144,81
167,-16
162,-51
160,-6
144,35
98,102
53,144
70,135
125,85
130,97
122,119
106,141
122,130
162,57
175,-21
147,-79
28,-139
-108,-75
-143,34
-125,87
-97,117
-120,104
-95,119
-29,152
-30,158
46,150
63,150
0,170
-11,179
-27,177
-39,172
-14,169
78,140
145,98
157,66
112,98
39,140
-20,141
48,128
120,81
110,92
60,140
34,161
54,154
1,151
-87,151
-67,159
-92,133
-113,119
-122,99
-127,82
-129,76
-101,104
-54,138
-30,147
-47,141
-102,110
-154,65
-165,61
-176,37
-157,78
-127,128
-119,132
-140,94
-156,56
-132,83
-87,137
-81,136
-17,149
87,133
147,71
154,-36
91,-141
16,-175
-67,-163
-52,-147
51,-144
26,-145
-54,-147
-70,-139
-107,-112
-116,-100
-116,-96
-79,-122
-37,-149
-30,-156
-68,-147
-68,-148
14,-164
110,-121
149,-76
150,-54
118,-100
81,-139
92,-120
119,-89
125,-83
132,-75
121,-88
79,-128
64,-137
-20,-144
-95,-115
-124,-85
-146,-26
-151,19
-149,38
-157,-22
-149,-90
-163,-60
-167,38
-160,68
-176,20
-178,20
-171,12
-150,68
-122,120
-100,131
-42,162
-19,165
20,164
-5,147
-65,130
-71,129
-92,119
-33,130
76,119
114,92
141,35
145,-32
120,-76
81,-117
125,-65
153,-21
90,-104
50,-147
83,-143
70,-156
62,-163
83,-159
87,-149
141,-80
158,-11
106,63
-31,127
-120,104
-161,66
-126,117
-60,166
-43,174
-81,150
-134,94
-151,35
-144,34
-134,-9
-130,-73
-92,-124
-43,-163
-21,-173
-87,-153
-86,-153
-38,-168
-82,-151
-117,-132
-93,-138
-42,-147
14,-149
7,-148
71,-114
153,-51
172,-8
174,35
178,30
176,12
157,44
134,90
141,72
136,73
112,93
70,133
89,122
105,111
78,141
100,127
112,124
141,84
165,8
154,52
104,135
106,136
142,103
147,87
157,49
167,-21
160,-5
158,-3
152,-36
130,-64
65,-127
100,-91
145,-38
152,-15
140,61
91,147
87,158
106,148
107,144
104,138
100,134
101,127
113,111
132,74
156,17
156,-13
148,-43
132,-75
80,-124
-10,-151
-51,-147
-84,-130
-98,-117
-98,-115
-116,-92
-123,-88
-134,-66
-136,-70
-115,-110
-86,-146
-98,-145
-96,-150
-86,-157
-116,-136
-77,-153
-19,-164
-10,-160
-28,-150
4,-140
87,-118
125,-96
126,-101
67,-142
-18,-142
-121,-69
-152,-15
-146,-33
-117,-110
-135,-94
-168,-36
-168,25
-160,73
-160,75
-161,41
-170,-31
-173,2
-153,74
-103,138
-73,157
-77,148
-27,162
11,162
-36,145
-93,105
-141,39
-146,-45
-124,-121
-129,-125
-124,-131
-145,-101
-129,-111
-113,-119
-141,-82
-106,-108
-98,-111
-128,-84
-113,-96
-128,-56
-144,20
-140,-21
-143,-58
-152,-52
-157,-21
-158,29
-160,-29
-142,-102
-116,-135
-109,-135
-105,-133
-98,-130
-113,-111
-92,-121
-64,-137
-44,-144
11,-149
64,-152
91,-147
124,-118
158,-80
144,-99
92,-146
111,-122
125,-109
77,-143
60,-149
83,-132
72,-135
43,-143
8,-148
4,-146
46,-144
38,-150
32,-156
6,-163
-32,-164
-77,-144
-135,-88
-155,-63
-157,-17
-116,90
-7,143
84,117
131,67
117,98
70,148
18,171
-50,165
-100,141
-111,127
-116,111
-133,70
-129,70
-87,118
-72,130
-32,135
52,133
71,126
121,79
132,71
120,93
96,123
92,137
99,131
0,152
-109,104
-130,-26
-98,-108
-90,-123
-91,-125
-128,-76
-145,12
-110,91
-36,141
19,147
15,139
-53,145
-15,151
95,99
143,28
127,75
67,141
-27,168
-39,173
13,176
17,164
-41,152
-69,133
-66,131
-64,123
-133,32
-142,-71
-102,-145
-118,-116
-147,31
-117,125
-98,140
-8,167
60,163
77,155
8,170
-27,171
-29,168
-37,143
-121,71
-144,25
-142,-49
-117,-118
-138,-97
-166,-14
-170,17
-164,-52
-134,-113
-84,-140
-7,-151
41,-145
55,-139
89,-122
104,-119
91,-131
50,-155
31,-166
5,-167
-23,-163
40,-165
-11,-171
-103,-139
-152,-94
-169,-67
-179,-38
-177,-33
-150,-74
-92,-124
-35,-142
53,-128
92,-120
90,-119
133,-99
88,-139
10,-164
-76,-124
-121,16
-79,119
-100,101
-154,9
-167,-53
-163,-76
-175,-23
-177,-2
-173,-9
-168,25
-147,-35
-97,-110
-82,-125
-35,-141
19,-156
45,-161
72,-159
88,-157
76,-163
54,-166
105,-89
131,44
132,73
139,58
118,85
97,125
138,83
148,21
97,-97
71,-130
141,-63
174,12
176,39
167,53
169,25
154,-68
103,-143
99,-135
139,-80
135,-80
130,2
134,45
135,-47
123,-85
136,-67
142,-66
155,-47
152,-62
166,-50
171,-37
161,35
155,77
161,56
149,66
144,57
147,36
128,73
78,117
38,151
67,136
-28,138
-88,151
-19,176
33,177
61,169
61,166
81,154
46,158
-28,146
-90,108
-142,27
-158,-34
-166,-36
-171,-22
-168,31
-174,11
-181,2
-178,34
-174,34
-169,1
-142,-52
-115,-96
-66,-126
22,-150
36,-159
-33,-155
-61,-154
-96,-135
-143,-76
-155,17
-161,21
-176,-20
-180,-13
-180,9
-162,60
-114,134
-106,145
-122,129
-128,114
-124,111
-120,102
-128,89
-123,89
-118,92
-119,87
-138,56
-110,101
-118,88
-166,9
-178,-28
-169,-47
-160,-70
-162,15
-106,133
-89,154
-112,137
-108,135
-100,134
-97,131
-91,128
-95,120
-92,116
-125,65
-157,-8
-158,-52
-127,-121
-82,-155
-44,-168
-42,-165
-58,-154
-89,-135
-85,-128
-10,-135
64,-134
47,-148
31,-153
-49,-140
-117,-79
-127,43
-74,125
11,144
63,137
89,118
118,93
137,43
139,22
126,71
135,67
92,128
88,149
79,159
84,159
83,158
66,161
19,160
-11,155
-47,142
-74,106
-103,-49
-25,-159
62,-154
102,-126
100,-125
101,-114
125,-45
140,56
142,84
157,52
152,81
155,73
161,-32
158,-78
155,-81
87,-145
26,-176
15,-179
61,-163
115,-107
148,-17
150,-7
147,-23
149,-13
117,-66
28,-138
-34,-146
-70,-131
-111,-100
-115,-90
-86,-116
-127,-47
-141,35
-123,72
-143,2
-148,19
-81,112
29,140
96,110
90,105
14,157
-16,169
45,161
88,150
106,141
134,105
166,50
174,39
177,12
174,13
173,7
144,65
116,104
80,125
71,130
105,102
90,113
39,154
-27,161
-102,143
-138,109
-157,62
-159,49
-146,72
-135,81
-105,107
-87,121
-100,106
-56,134
-51,140
-56,138
-93,119
-70,134
14,148
67,137
22,157
14,172
60,162
91,150
87,154
33,168
41,165
68,156
74,154
76,148
102,125
147,43
158,-59
123,-119
53,-160
-33,-169
-92,-145
-77,-147
-68,-148
-101,-125
-82,-127
-29,-141
-87,-105
-147,-26
-150,-18
-146,-1
-116,81
-92,116
-60,133
-70,130
-64,135
-82,128
-109,115
-155,77
-169,61
-120,115
-21,169
-4,175
-42,173
-67,161
-97,135
-96,127
-58,151
-59,139
34,137
63,134
38,143
88,122
95,117
88,121
127,58
148,-1
125,-59
76,-122
112,-45
133,78
150,42
149,-53
84,-129
23,-155
-46,-150
-74,-146
-70,-151
-15,-163
95,-115
155,-42
149,21
105,83
-2,142
-61,154
-94,148
-76,162
-100,142
-141,89
-138,-10
-115,-92
-112,-89
-140,-24
-148,-26
-151,-20
-149,23
-135,68
-60,121
40,137
13,142
-30,155
-69,150
-107,141
-93,148
14,158
102,137
107,143
99,151
69,159
-13,158
-26,151
48,149
-6,141
-89,111
-144,47
-154,50
-112,106
-116,112
-160,64
-172,5
-140,-78
-75,-135
-65,-137
-53,-123
75,-114
129,-94
161,-4
173,45
180,6
177,-15
171,-36
151,-83
121,-125
96,-143
69,-148
6,-162
53,-130
124,-65
152,-4
155,-8
143,-55
139,-77
92,-120
3,-147
5,-148
98,-134
145,-101
125,-119
28,-170
-34,-177
-39,-176
-59,-169
2,-153
105,-98
138,-51
146,12
133,85
130,113
127,119
113,138
81,158
109,131
153,85
115,115
91,136
124,87
163,21
157,-13
146,-17
126,64
118,92
118,97
124,86
130,88
140,84
137,97
154,80
173,35
173,1
146,-84
107,-138
74,-162
80,-161
88,-154
35,-174
11,-180
12,-177
10,-171
39,-152
71,-132
11,-149
-64,-137
-69,-134
-5,-142
84,-124
133,-99
119,-120
106,-139
116,-132
157,-68
171,-12
165,-1
160,-6
143,32
128,76
140,49
146,26
135,-41
115,-97
96,-113
82,-128
91,-127
68,-135
-19,-150
-63,-144
-101,-120
-122,-103
-104,-129
-76,-158
-89,-156
-94,-152
-83,-158
-105,-141
-107,-134
-151,-85
-150,-75
-119,-107
-107,-115
-104,-111
-99,-114
-99,-113
-108,-105
-64,-122
58,-150
77,-163
34,-179
-1,-182
-54,-173
-90,-155
-133,-118
-136,-114
-140,-104
-164,-46
-174,22
-168,46
-148,81
-74,143
-4,172
-14,167
-29,159
14,156
23,153
10,151
65,128
132,71
149,28
138,23
84,111
58,150
70,150
46,160
-7,175
39,164
120,119
95,145
107,144
98,136
46,158
24,156
79,126
101,111
68,129
113,78
129,43
80,113
115,72
148,5
148,-4
133,-62
140,-58
151,-57
138,-88
94,-128
45,-152
95,-133
150,-72
174,-2
172,-3
161,-10
112,74
46,139
7,152
14,152
78,133
28,152
-84,145
-125,128
-94,146
-26,173
-24,166
-86,127
-130,70
-139,61
-130,76
-115,96
-76,124
-24,147
-2,149
74,121
89,118
48,151
70,145
120,109
112,120
95,149
88,150
76,158
124,122
75,145
62,153
135,91
172,24
169,-7
151,-76
109,-131
56,-162
77,-136
111,-25
58,121
41,164
41,172
30,177
32,179
30,178
-7,171
-53,154
-96,114
-105,101
-91,118
-84,124
-57,139
4,146
71,131
107,101
141,36
149,-21
121,-70
23,-136
-27,-145
-98,-98
-150,-30
-141,-23
-131,-52
-136,29
-50,123
49,148
120,96
152,3
142,-89
129,-104
111,-115
129,-60
132,43
97,121
35,156
-65,154
-135,97
-159,46
-151,1
-136,-58
-142,-45
-135,-61
-87,-118
-58,-153
-47,-159
-17,-173
-7,-174
17,-174
-50,-162
-125,-112
-167,-10
-171,-16
-156,-60
-156,-31
-140,-33
-47,-119
45,-143
16,-155
-21,-158
32,-150
122,-120
84,-144
-26,-172
-49,-172
31,-146
118,-102
75,-133
-41,-149
-138,-90
-165,-25
-137,-73
-81,-118
-8,-147
33,-148
107,-115
156,-82
160,-82
161,-85
159,-71
151,19
116,95
119,94
127,78
138,5
131,-67
73,-104
-55,-135
-67,-139
-73,-133
-44,-136
35,-144
53,-147
45,-150
106,-129
124,-120
152,-40
158,15
101,-96
-42,-158
-91,-150
-42,-168
-53,-164
-76,-148
-36,-143
42,-141
99,-95
153,-16
129,84
90,152
130,118
173,31
178,-15
174,-22
160,-75
154,-72
130,25
53,124
-71,110
-163,46
-176,36
-173,48
-167,72
-163,45
-148,-42
-145,-22
-142,20
-94,-83
31,-133
90,-145
92,-151
56,-167
-25,-173
-89,-153
-123,-129
-156,-82
-137,-105
-87,-142
19,-135
106,-98
131,-69
142,-48
119,-95
127,-90
158,-61
167,-36
152,54
98,126
-1,138
-67,131
-26,138
19,146
-7,152
17,153
52,145
95,118
128,88
123,103
64,143
-12,176
-10,180
33,175
99,141
159,73
173,-9
149,-94
99,-146
101,-143
143,-81
142,-82
99,-130
67,-147
102,-111
130,-67
137,17
128,101
142,88
148,-12
154,-44
174,6
166,-39
94,-129
40,-168
32,-174
-6,-175
2,-178
32,-169
102,-94
144,7
142,43
135,64
91,120
69,149
132,90
139,90
100,143
75,158
-8,155
-85,131
-83,129
-87,113
-133,12
-137,-90
-107,-138
-56,-168
-71,-161
-114,-135
-87,-142
-62,-151
-90,-136
-100,-124
-84,-125
-39,-141
-4,-149
7,-154
36,-158
42,-164
55,-162
26,-171
28,-178
70,-156
123,-113
95,-132
13,-164
-56,-154
-139,-96
-166,-54
-153,-49
-88,-114
-64,-134
-94,-116
-62,-133
-45,-146
-76,-131
-86,-122
-73,-138
-136,-53
-155,-36
-130,-104
-85,-155
-80,-160
-115,-136
-145,-98
-113,-116
-28,-134
92,-87
147,25
151,92
149,103
152,98
157,72
162,-43
145,-110
135,-122
138,-109
146,-55
127,50
137,37
121,-73
71,-139
47,-140
112,-64
153,-13
161,-4
165,27
122,99
38,164
16,171
7,165
-2,159
-8,152
-36,140
27,137
111,74
152,-25
145,-56
147,-31
149,1
137,59
104,126
84,154
85,154
84,149
-22,143
-123,49
-116,-69
-78,-134
-113,-109
-150,-54
-159,-10
-159,27
-171,-7
-174,-29
-132,-86
-69,-150
-46,-154
-1,-152
66,-120
141,-43
166,3
170,39
174,35
174,9
106,87
-22,141
-71,129
-121,77
-149,49
-106,103
-30,147
-38,153
-58,156
-34,168
-70,149
-140,99
-111,128
-74,160
-107,123
-137,66
-129,-37
-112,-94
-138,-29
-140,-25
-86,-128
-22,-174
54,-156
100,-137
96,-133
81,-128
116,-87
116,-96
110,-102
55,-123
-7,-140
-2,-144
-10,-147
-53,-125
-133,-34
-134,-40
-97,-122
-93,-143
-119,-121
-153,-73
-134,-96
-15,-135
106,-102
139,-42
126,-55
117,-85
137,-61
98,-104
-1,-136
21,-141
101,-122
141,-102
129,-120
144,-104
157,-81
164,-17
149,50
131,60
30,119
-55,149
-90,144
-111,139
-128,122
-142,105
-108,141
-45,169
41,169
125,108
121,116
90,148
118,118
165,28
137,-89
91,-152
97,-144
128,-77
151,-28
145,-14
133,58
141,46
141,49
105,119
21,162
3,180
35,177
47,169
60,159
10,159
-31,150
-54,135
-94,116
-94,116
-116,91
-159,49
-153,78
-160,55
-162,-35
-124,-97
-31,-136
73,-118
108,-109
113,-100
163,-32
174,-35
175,-33
174,-44
170,-55
152,-83
107,-139
48,-169
-3,-177
18,-166
85,-122
127,-81
113,-96
107,-104
116,-93
60,-132
50,-144
90,-129
142,-81
175,-27
179,13
177,8
168,13
162,-9
152,-65
152,-10
147,-27
87,-122
10,-162
-64,-148
-108,-122
-92,-128
-52,-137
21,-133
118,-88
168,-14
179,15
174,35
175,-3
152,21
88,116
16,141
-43,141
-109,104
-155,76
-165,65
-173,18
-137,-72
-76,-135
-62,-142
-88,-124
-129,-76
-150,-26
-146,-19
-135,45
-105,105
-73,131
-65,135
-36,141
45,137
83,126
94,116
128,46
142,1
136,60
144,65
137,82
105,134
135,102
166,58
177,22
177,-23
163,-70
114,-131
81,-161
24,-172
-62,-165
-108,-142
-150,-95
-173,-22
-143,83
-100,143
-90,155
-65,169
-62,169
-95,147
-114,127
-90,138
-80,139
-3,149
53,143
-20,145
-25,148
5,151
17,151
42,147
71,130
120,84
139,53
150,22
137,61
120,118
133,113
161,57
170,-15
115,-95
5,-153
-6,-162
82,-138
146,-102
152,-88
147,-90
141,-83
148,-19
138,34
36,102
-118,104
-157,89
-147,101
-134,114
-106,136
-43,165
12,174
21,167
65,151
69,140
4,151
12,149
31,144
-4,147
18,147
35,149
-29,143
-135,90
-166,0
-131,-87
-70,-135
-38,-145
-65,-133
-87,-118
-38,-144
-51,-147
-94,-128
-88,-137
-52,-162
25,-162
36,-160
-58,-164
-66,-166
-95,-146
-76,-146
-97,-129
-155,-45
-156,65
-128,123
-117,120
-135,32
-145,-15
-141,51
-122,91
-111,99
-104,103
-21,127
110,47
127,-85
67,-150
82,-130
130,-56
92,-86
-8,-148
-63,-143
-81,-125
-124,-72
-99,-99
-25,-136
83,-129
151,-74
160,14
87,112
47,144
62,138
56,139
32,129
-98,96
-130,109
-117,131
-113,132
-150,87
-162,25
-133,-63
-87,-118
-110,-95
-141,-42
-139,-50
-113,-101
-86,-141
-76,-151
-118,-111
-123,-118
-122,-126
-164,-56
-178,-7
-175,31
-177,6
-177,18
-150,86
-129,122
-131,112
-136,69
-136,-31
-119,-89
-124,-78
-135,15
-147,29
-156,-25
-121,-109
-88,-158
-97,-153
-83,-154
-126,-115
-164,-45
-152,68
-143,64
-142,-39
-129,41
-99,136
-65,154
-35,163
-29,158
-62,134
-120,66
-127,-52
-97,-141
-92,-147
-7,-161
83,-127
135,-54
145,-37
147,-12
149,32
147,40
101,124
77,163
67,161
-27,145
-121,84
-136,61
-114,91
-48,134
-34,141
-54,134
-48,139
-72,136
-40,148
-105,116
-155,88
-169,41
-172,-4
-165,13
-144,84
-122,112
-130,86
-125,88
-131,72
-137,40
-109,67
-24,142
20,149
74,120
118,91
99,113
103,113
117,97
130,69
61,131
-50,158
-98,145
-77,151
8,165
123,113
169,67
166,68
146,88
131,99
92,115
-8,132
-112,102
-158,50
-173,-14
-134,-83
-117,-105
-163,8
-146,95
-90,151
-104,129
-140,58
-133,72
-116,101
-113,93
-118,68
-147,15
-156,-14
-163,-25
-168,-46
-175,-19
-172,-28
-174,-41
-173,-20
-140,-78
-54,-129
-8,-145
38,-137
89,-131
94,-133
115,-116
159,-64
171,-62
150,-98
140,-106
149,-32
152,32
139,58
137,49
144,-27
112,-88
87,-122
40,-133
-35,-145
-2,-146
68,-131
105,-123
127,-113
149,-94
165,-76
169,-70
168,-59
147,-4
125,68
143,-22
137,-79
126,-84
36,-137
-35,-158
-38,-154
-69,-137
-118,-94
-59,-116
64,-122
150,-37
174,31
175,37
163,59
163,27
151,-78
124,-113
145,-26
148,23
128,62
37,123
-45,162
-35,172
-24,175
-82,133
-146,79
-121,112
-112,117
-113,104
-113,98
-122,74
-140,46
-103,103
-88,122
-120,89
-152,-4
-104,-116
6,-157
59,-146
74,-131
111,-82
148,-43
160,-7
170,31
172,29
162,-6
156,-74
170,-56
173,-2
172,-3
160,7
109,91
34,139
41,145
43,140
-58,142
-127,123
-138,116
-103,147
-95,148
-128,107
-61,138
67,151
146,99
164,74
158,78
154,70
167,-2
159,-68
143,-93
143,-72
146,-51
144,4
136,66
137,77
131,98
130,111
121,131
120,136
141,112
164,77
165,66
151,90
153,81
165,46
168,10
164,2
155,-2
138,-66
138,-46
149,-3
150,4
134,53
58,147
18,179
-25,171
-55,163
-4,170
29,160
44,154
-10,155
-54,136
-41,135
28,144
32,145
64,134
93,117
61,131
-39,150
-125,119
-128,123
-74,163
-22,179
21,178
33,175
38,168
91,139
102,133
78,142
74,138
72,135
79,124
131,42
139,-62
106,-112
73,-137
40,-142
13,-148
73,-123
77,-122
36,-145
41,-144
117,-96
126,-101
51,-158
37,-170
23,-175
-12,-160
-129,-77
-163,20
-162,46
-134,98
-137,104
-145,95
-151,83
-70,153
-1,181
-4,179
-52,160
-87,139
-62,149
-61,144
-77,126
-29,142
-64,125
-131,71
-156,16
-119,-88
-10,-156
42,-158
9,-156
-20,-152
61,-119
129,-6
141,92
149,97
146,100
163,66
156,80
114,116
54,149
28,149
-46,129
-106,109
-63,132
59,107
135,-12
130,-60
139,25
149,35
133,-51
55,-128
34,-145
54,-145
-3,-148
16,-144
54,-154
-25,-162
-60,-160
-103,-137
-129,-120
-145,-92
-161,13
-100,108
32,140
41,142
-9,167
14,173
-11,179
13,180
60,171
96,154
96,149
42,154
-15,152
-43,137
-65,131
-45,143
11,145
71,130
122,80
148,28
149,24
139,52
134,80
110,112
84,152
133,113
127,123
135,118
137,105
112,119
154,67
144,77
123,99
96,112
50,140
37,146
-13,142
-117,114
-144,105
-154,44
-157,-43
-147,-58
-134,-64
-147,-29
-147,-17
-148,30
-144,40
-144,39
-145,41
-143,-18
-98,-126
-66,-168
-31,-174
-17,-173
-17,-166
-29,-161
-44,-155
-83,-131
-132,-90
-122,-94
-109,-101
-139,-44
-145,36
-142,52
-145,31
-149,-20
-153,-22
-138,57
-110,108
-95,126
-118,113
-148,84
-148,99
-105,137
-15,170
69,156
121,122
137,109
162,59
161,68
143,100
81,138
51,154
60,146
78,127
140,32
156,-46
152,-42
150,-7
150,1
146,-27
148,-6
155,19
160,32
166,22
157,61
151,98
143,104
112,131
137,104
162,63
151,69
127,92
143,47
150,10
124,68
125,77
99,113
104,121
139,79
157,38
142,-38
74,-124
34,-148
30,-151
48,-138
132,-104
121,-128
139,-103
161,-67
150,-82
137,-76
119,36
68,126
108,101
144,45
145,-18
115,-89
45,-136
-19,-148
-32,-147
10,-152
40,-156
-37,-127
-135,-29
-144,40
-142,57
-156,32
-128,79
-99,125
-64,145
-24,160
17,156
26,153
-24,166
74,133
153,27
153,-54
164,-49
165,-54
173,-30
167,32
141,88
130,87
30,124
-80,121
-93,125
-66,136
5,156
1,165
-15,168
-12,170
67,151
80,143
40,172
58,170
75,159
1,135
-112,88
-125,83
-92,115
-39,143
-2,148
25,142
14,144
87,110
137,41
147,-6
142,-24
137,-59
121,-87
94,-119
29,-146
23,-150
19,-153
-16,-160
-16,-167
14,-169
96,-139
124,-123
138,-67
151,17
138,50
137,43
100,105
78,143
81,148
68,156
23,175
34,176
93,154
136,120
136,113
94,136
48,151
57,144
120,75
158,22
148,36
118,85
83,125
48,150
53,155
99,127
103,133
81,147
-9,164
-20,170
85,147
155,93
175,12
171,-54
172,-44
150,-82
70,-158
16,-180
36,-163
72,-149
72,-145
71,-140
88,-105
132,-62
115,-100
125,-87
159,-18
173,28
159,68
132,115
118,125
123,114
82,127
-10,140
-78,129
-89,126
-86,133
-28,154
-40,152
-99,144
-48,165
50,161
102,143
107,142
90,150
17,164
19,161
66,146
2,146
40,140
65,137
47,141
-6,138
-39,143
44,141
86,125
56,146
85,123
147,26
152,-36
155,-41
129,-94
111,-121
124,-111
151,-90
136,-115
103,-147
93,-153
79,-163
20,-168
-110,-97
-165,26
-149,87
-167,40
-178,12
-174,33
-165,3
-159,-29
-142,44
-102,116
-131,44
-148,5
-145,15
-138,58
-139,53
-126,82
-107,106
-71,137
-90,128
-85,130
-138,79
-175,46
-173,49
-152,93
-121,132
-102,142
-45,161
42,168
51,163
35,156
-19,147
25,146
64,141
83,124
112,102
111,101
113,98
138,60
149,23
149,-18
151,0
159,40
165,16
169,-16
173,-24
157,-74
123,-124
88,-152
77,-160
51,-170
62,-165
81,-158
64,-163
67,-155
56,-151
-18,-157
-116,-113
-159,-63
-162,-39
-141,-66
-107,-100
-129,-31
-147,26
-150,17
-145,14
-141,-46
-139,-83
-139,-99
-132,-116
-118,-133
-111,-140
-76,-149
-77,-143
-137,-102
-126,-109
-86,-127
-40,-143
-75,-126
-50,-135
-43,-142
-68,-133
15,-143
103,-140
115,-138
126,-126
87,-143
-21,-172
-47,-173
-43,-170
-98,-140
-145,-96
-98,-119
-75,-135
-136,-44
-157,57
-138,98
-133,88
-143,57
-130,80
-120,93
-114,95
-135,54
-123,74
-117,90
-153,50
-172,-9
-174,0
-140,89
-96,145
-104,145
-82,158
-34,177
-73,146
-134,82
-127,81
-25,144
105,108
113,99
70,132
132,42
153,-65
153,-53
141,22
103,99
107,106
129,80
130,83
125,107
123,117
107,139
64,161
41,173
34,169
-15,154
-96,102
-137,53
-150,-6
-159,-43
-162,-58
-161,-67
-134,-116
-141,-112
-160,-80
-163,-64
-148,-81
-158,-42
-164,-5
-161,4
-155,29
-147,41
-136,66
-106,103
-81,123
-112,95
-126,85
-132,80
-154,49
-157,61
-149,85
-139,96
-168,49
-167,66
-150,96
-96,140
3,174
80,160
110,142
126,119
163,68
171,50
172,22
158,-62
144,-101
145,-82
142,-70
87,-127
49,-154
83,-121
113,-90
78,-125
51,-140
32,-143
-42,-136
-76,-124
3,-144
99,-129
98,-142
103,-141
131,-123
97,-146
79,-154
113,-121
136,-59
140,19
131,-15
127,14
127,93
130,101
103,138
30,161
-57,160
-83,140
-122,84
-141,42
-132,-11
-74,-129
-26,-175
-4,-178
-26,-170
-85,-152
-60,-163
-76,-154
-127,-113
-168,-38
-171,-14
-153,-47
-131,-77
-89,-115
-63,-134
-15,-152
-32,-145
-105,-112
-98,-129
-122,-102
-133,-98
-119,-130
-148,-96
-173,-42
-154,-64
-101,-132
-107,-127
-147,-67
-154,-43
-95,-108
-84,-122
-77,-120
-63,-130
-117,-95
-124,-92
-107,-114
-57,-156
-14,-180
7,-175
81,-135
132,-89
140,-61
143,-28
151,5
150,24
151,20
153,-27
162,24
170,41
176,-5
155,-75
139,-110
150,-96
152,-97
109,-141
99,-146
83,-152
29,-173
18,-170
-2,-168
-6,-161
0,-155
-41,-147
-96,-119
-121,-96
-71,-119
-36,-143
-66,-134
-99,-112
-125,-94
-129,-95
-134,-96
-148,-75
-138,-94
-117,-133
-136,-117
-149,-98
-171,-48
-174,20
-160,78
-162,58
-165,33
-161,20
-157,-2
-152,10
-148,5
-144,-43
-144,-61
-148,-55
-130,-99
-133,-112
-149,-95
-157,-75
-173,-8
-179,1
-173,-42
-169,-26
-147,81
-88,155
-34,173
-6,175
-63,146
-122,70
-131,-40
-136,-69
-150,-7
-145,36
-153,-29
-159,-43
-164,28
-153,67
-85,134
-55,158
-101,143
-100,152
-96,150
-134,81
-159,17
-134,-22
-47,-122
3,-162
-17,-166
-25,-169
-21,-175
-32,-175
8,-178
14,-178
-69,-151
-147,-98
-148,-98
-156,-85
-157,-69
-164,5
-165,44
-155,49
-62,124
62,154
-20,122
-131,37
-148,-4
-107,64
27,123
10,125
-97,111
-139,82
-159,27
-158,34
-132,97
-165,31
-173,24
-137,-13
-18,-111
102,-104
80,-128
6,-156
22,-156
112,-116
163,-33
151,54
144,74
98,94
0,143
-49,148
-89,139
-36,156
-31,156
-125,111
-159,58
-158,38
-136,98
-126,48
-77,-96
-2,-155
51,-161
98,-138
155,-68
155,7
91,94
-36,127
-96,125
-122,84
-167,-14
-180,-9
-179,-4
-162,-27
-140,-74
-153,-38
-156,-3
-133,-46
-62,-125
0,-157
92,-131
128,-115
72,-160
29,-179
36,-171
100,-125
137,-37
137,50
128,83
92,116
17,168
1,179
-36,172
-60,163
-11,173
19,173
52,165
64,154
36,152
31,144
-36,137
-96,116
-100,115
-65,143
-93,136
-114,132
-132,118
-149,93
-96,136
-68,160
-98,141
-79,151
-84,138
-45,152
-24,158
44,147
136,70
169,-4
159,10
157,4
149,22
144,44
127,72
107,110
135,70
123,86
10,143
-105,127
-145,41
-144,-34
-105,-102
-91,-127
-97,-126
-94,-137
-63,-156
28,-156
128,-72
155,-28
151,-15
150,1
146,-32
133,-70
115,-98
105,-108
67,-132
18,-144
26,-142
98,-128
120,-123
73,-148
-24,-161
-61,-161
-83,-147
-145,-62
-163,20
-167,-7
-140,-91
-120,-128
-150,-86
-134,-92
-76,-133
-88,-125
-67,-125
-12,-143
-46,-141
-64,-138
-13,-159
31,-168
72,-161
76,-163
54,-169
-4,-178
-6,-162
102,-92
143,-5
139,57
128,87
141,72
158,44
156,62
142,107
145,107
147,102
134,115
148,83
167,-19
146,-99
135,-103
30,-155
-55,-172
-77,-162
-105,-145
-123,-130
-144,-98
-162,-15
-158,43
-158,-20
-151,-44
-134,-63
-127,-76
-144,-15
-137,59
-124,86
-93,109
-17,144
-48,126
-129,85
-160,49
-171,-5
-169,15
-158,80
-169,57
-170,46
-160,21
-152,-46
-138,-67
-129,-67
-146,-16
-145,-25
-147,-35
-150,-41
-157,-10
-160,-13
-144,-74
-143,-93
-152,-83
-148,-99
-165,-68
-134,-84
-27,-138
4,-145
-79,-122
-94,-113
-18,-139
29,-153
-14,-157
-28,-161
-64,-153
-80,-152
-83,-155
-104,-145
-106,-144
-130,-118
-168,-65
-151,-82
-116,-119
-149,-61
-170,20
-165,-3
-150,-43
-120,-85
-102,-111
-96,-120
-81,-135
-90,-133
-87,-142
-85,-147
-54,-167
-111,-118
-159,1
-112,105
11,143
95,123
132,78
144,68
134,103
152,80
164,58
139,92
80,150
4,142
-110,61
-136,36
-97,108
-53,141
-14,149
-9,149
-56,140
-133,90
-172,36
-172,-19
-111,-94
21,-127
117,-92
152,-58
166,-42
174,-24
173,25
168,59
176,17
166,3
89,93
-14,142
-41,146
-26,150
28,149
22,158
23,164
5,160
-103,107
-140,-17
-54,-117
46,-134
131,-90
165,-58
150,-80
71,-149
-29,-162
-110,-119
-154,-46
-142,-45
-56,-144
-57,-166
-110,-141
-123,-127
-103,-134
-100,-129
-105,-118
-90,-123
-131,-65
-150,-10
-85,-79
12,-155
19,-168
-22,-168
-42,-166
-8,-178
10,-179
-3,-168
-117,-114
-174,-26
-180,5
-164,47
-81,142
-10,177
29,172
117,104
165,-9
170,-14
177,20
173,34
151,76
97,104
-5,136
2,147
-3,150
-58,117
-154,18
-169,-49
-137,-99
-75,-137
-55,-143
-78,-125
19,-124
115,-99
103,-119
136,-79
173,-3
177,-17
171,-46
165,-46
149,36
97,107
17,140
-24,152
3,156
-35,140
-142,77
-172,18
-144,-47
-95,-115
-93,-118
-46,-135
32,-152
65,-153
112,-108
134,29
71,131
65,140
84,127
85,121
29,141
-50,149
-46,156
-3,167
-29,167
-97,125
-157,47
-160,54
-146,80
-135,88
-93,126
-65,143
-102,104
-94,109
-33,145
-43,139
-93,120
-104,120
-30,131
82,112
39,141
-7,171
19,172
92,136
154,67
155,58
100,135
100,144
78,136
10,157
14,152
72,131
94,118
44,141
62,134
42,140
19,156
25,154
-61,141
-150,74
-165,1
-137,-72
-138,-64
-146,-44
-144,-44
-127,-67
-89,-123
-55,-152
21,-159
121,-118
149,-88
130,-106
123,-103
136,-71
74,-124
14,-160
-12,-156
-32,-146
56,-121
133,-76
165,-26
172,24
162,75
143,102
91,131
108,110
133,92
139,69
155,-20
121,-99
3,-156
-84,-152
-65,-156
-70,-147
-20,-135
82,-115
90,-122
57,-140
54,-141
123,-100
163,-22
173,37
177,-15
170,-50
157,6
133,78
124,88
108,99
99,112
98,108
-17,139
-96,147
-103,145
-136,108
-152,61
-156,9
-154,14
-150,33
-145,45
-146,36
-141,-14
-131,-95
-148,-69
-163,7
-165,39
-152,79
-136,111
-121,127
-27,149
90,130
50,151
11,176
87,144
125,124
76,152
61,157
115,127
146,89
144,83
129,92
68,121
33,143
30,148
10,152
92,99
122,90
94,134
43,164
-25,175
-21,179
-51,157
-108,119
-108,116
-107,106
-136,47
-151,26
-157,11
-160,18
-139,69
-83,131
-42,155
-25,163
11,165
57,156
70,156
73,160
58,166
16,176
35,172
86,149
74,151
110,125
159,64
168,32
159,44
156,6
143,-76
105,-122
70,-144
102,-107
118,-88
88,-117
116,-82
152,7
156,75
155,84
168,6
170,0
173,46
177,29
167,-9
133,-104
80,-155
31,-172
-32,-175
-9,-157
88,-110
101,-105
129,-64
154,-18
155,-34
137,-74
134,-85
155,-71
133,-108
132,-98
155,13
136,92
122,101
152,25
