                    0,                     0
                    0,                     0
                    0,                     0
             14973350,              37079180
             37214002,              41258412
             30480037,             -26172117
              2713345,            -113205620
            -76157358,            -138877386
           -157223644,            -113853432
           -197978088,             -25399559
           -176313683,              99539211
            -99449970,             244949755
             39777759,             309778157
            178230384,             295166102
            274774807,             218484731
            336458129,             111383503
            315178674,              31622524
            249594944,             -27643402
            142082551,             -41175204
             69292921,              36821781
             28606345,             164682247
            117813763,             349347955
            220290411,             408676431
            354708208,             416183348
            520092451,             388813519
            621318273,             260930586
            612710377,             141384062
            557703530,              42653251
            454839261,              -5698263
            335499990,              58578703
            198106958,             128224483
            194638243,             241044795
            243559319,             437946348
            399011369,             548035165
            577513916,             569809820
            702265973,             506964943
            770522216,             381425557
            759951178,             280398724
            698053184,             111089547
            555036855,              -1742329
            473413212,              16716775
            320174298,              61205075
            266996839,             165254513
            301239455,             298135137
            404473377,             415843690
            534405038,             513163973
            648951356,             544625030
            750526811,             461267030
            810293286,             345330241
            771647274,             173735776
            679070708,              90696918
            603433128,              59913158
            440811172,             103365218
            364653243,             208923977
            412146656,             331120181
            508675734,             452862482
            654914457,             525235107
            844119806,             534786149
            996894407,             483003859
           1089125323,             372820204
           1023655778,             220043315
            993702075,             107487989
            901253345,              62346552
            749882192,              69535671
            655570618,             164472124
            592723730,             305352118
            660592040,             478645714
            843274753,             567415130
            971207698,             592507221
           1113807235,             518262817
           1173817114,             368611015
           1177212672,             272972128
           1182065695,             173544278
           1049757311,             108556359
            894948335,              71754185
            808757457,             144460048
            779912671,             256568023
            789829251,             415728091
            907300071,             563920040
           1059244311,             585138899
           1140388686,             545949792
           1243555179,             487902198
           1307615527,             362592459
           1313849040,             166928611
           1194892248,              40321598
           1090766255,              -4116659
            960778172,              27767498
            864373877,              83376793
            834053016,             192481415
            892536858,             326168629
            983018087,             456528134
           1097359965,             474235290
           1233149497,             457087330
           1346145128,             323485208
           1405380413,             186888270
           1368920811,              51884024
           1274709871,              -8130560
           1172626355,             -34473727
           1040308302,              -1292602
            925317743,              84572726
            856751980,             215444124
            861750588,             330560505
            946026484,             414728720
           1041194303,             491530857
           1139193247,             530788376
           1227646897,             452433467
           1303783568,             371749693
           1264636939,             272456588
           1202809516,             188312529
           1094367375,             146195727
            966128590,             161790798
            834409823,             226262058
            733379363,             328671825
            701482386,             403383656
            755019789,             517596422
            881917377,             580106106
           1002832199,             595157353
           1131090933,             537517390
           1290983266,             454336423
           1376653722,             276502452
           1309692057,             172971705
           1247003968,              31329767
           1062897686,             -14291527
            887652633,              29644938
            730302616,             180648904
            617992274,             300376139
            555399168,             499076117
            664000888,             784890346
            689930106,             976764819
            852453938,            1051499084
           1011085830,             956454738
           1199493249,             821698801
           1333009025,             387278956
           1514725449,            -256887895
           1920219366,            -741274416
           1702326138,            -604376543
           1442638742,            -841547600
           1219958324,            -864582907
           1002629187,            -823880576
            688945854,            -510701907
            168775535,            -272969796
           -210194446,            -484234477
           -330715821,            -271442316
           -199347234,             101885399
           -238777893,             673058291
           -231278802,             931371687
            -42046935,             980742206
           -117100945,            1149060578
            432793195,             974191724
            947609479,            1063147539
            944744250,             885265178
            992924491,             487686640
           1070194630,             249370273
           1008895270,             146776430
            889445338,             -34150978
            646709761,            -136561826
            455193933,             -12902928
            304392657,              30479439
            209692069,             197204538
            185155507,             354881840
            224106162,             489142509
            337397233,             629948331
            497350021,             800981335
            684994979,             821453095
            815187536,             805064974
            954530403,             713690441
           1036284621,             599250797
           1067281598,             489396797
           1016207491,             370767395
            940585205,             261331222
            797309242,             258453370
            645641873,             302070505
            566329643,             442081352
            497223452,             557039584
            497788405,             708424761
            528301251,             882074422
            621633248,             993703148
            754926820,             956687947
            919215545,             956079381
           1054395952,             912418984
           1148650074,             763045087
           1252878550,             620039881
           1302533511,             479052049
           1200148898,             355200589
           1052914022,             280278547
            884319145,             232167034
            692295921,             370155938
            627792821,             544792870
            556981452,             776872816
            584064013,             875382167
            722640688,            1008129755
            962515268,            1123997960
           1252264602,            1147024075
           1413857179,            1073266036
           1480788547,             950747606
           1568470803,             791844674
           1534894724,             617259979
           1345995773,             408193512
           1142781617,             298462152
            992395318,             312786080
            870434474,             448202455
            844228940,             568256142
            847901116,             668181437
            908019042,             777660866
           1015822937,             855793931
           1130404131,             892513676
           1218718220,             899951441
           1317253617,             835951338
           1359274151,             757421239
           1360063572,             678968462
           1350301426,             592723115
           1309293106,             534996854
           1251464743,             494895721
           1184085042,             481166789
           1110355228,             500974437
           1054986524,             531393978
           1024821443,             593225419
           1020911851,             670773828
           1042938594,             723492295
           1087746060,             770721668
           1148986352,             803250562
           1217472368,             821134072
           1282240483,             822604969
           1335485032,             795710328
           1375327842,             757644559
           1413188924,             704836714
           1421816286,             648214514
           1410573819,             602320739
           1382398574,             560857654
           1341216570,             542049378
           1296244118,             529232762
           1254123723,             535314150
           1214865078,             550775199
           1184506068,             576529946
           1168022175,             621728152
           1173175895,             669908666
           1188054967,             716852319
           1210222253,             761014825
           1238607138,             785471974
           1285445598,             794180690
           1337234813,             797377982
           1372186016,             783172459
           1405913139,             755578407
           1433580521,             722954213
           1441853325,             680151898
           1436795585,             642477219
           1423706189,             610719071
           1402293551,             584351419
           1367084762,             557160402
           1326848049,             543066215
           1296676751,             547034208
           1263804693,             561998615
           1237259971,             591610953
           1219232337,             626049822
           1210225303,             662228666
           1219595843,             698190578
           1241941319,             730857588
           1272675423,             761619076
           1305162906,             787648773
           1351966843,             793367534
           1393983178,             798591079
           1430934566,             794444541
           1458153249,             769536269
           1477016537,             738201328
           1489158292,             694099820
           1498339735,             652506529
           1482788531,             602525198
           1456727455,             566043911
           1419553411,             537118545
           1375257043,             513712707
           1330410443,             502913454
           1286150574,             510556357
           1236101608,             528880179
           1197497165,             557915200
           1174463431,             596040367
           1152758214,             640023474
           1151256141,             690743346
           1161027406,             739488330
           1193170996,             788938938
           1237001824,             830275368
           1286036571,             859557962
           1339940252,             869354762
           1403226284,             870981028
           1462932419,             864598512
           1527463982,             827450718
           1591435236,             779427872
           1636393772,             733679656
           1647903418,             668919543
           1655200155,             591359784
           1644700116,             508681863
           1589125609,             449448684
           1521885088,             397228083
           1435728618,             350190090
           1353280258,             337607307
           1261734502,             322823391
           1167818801,             339616714
           1066367060,             367681906
            964000744,             457408400
            889076876,             550752415
            834647806,             662204388
            790020882,             784700648
            803667344,             908531147
            876712047,            1051212011
            899328189,            1212328349
           1016857697,            1360661787
           1136673349,            1435869513
           1310449471,            1402678896
           1493014964,            1561334916
           1669450938,            1589053540
           1891722809,            1568769961
           2153417527,            1336507830
           2688876957,            1472275765
           3046509276,            1157721413
           3292322733,             928284810
           3470604149,             726469982
           3857977021,            1021772221
           4003024971,             744059267
           3971215312,             696575048
           4257134988,             447622562
           4387669553,             108295605
           4281291202,            -230992913
           4388791308,            -196899921
           4439708129,            -267578752
           4526334478,            -399167933
           4544735732,            -630315298
           4538015111,            -867570398
           4416750377,           -1020093219
           4325399347,           -1132165988
           4180518732,           -1254683524
           4115505164,           -1344245146
           4012748204,           -1488273975
           3867411691,           -1569103302
           3746886964,           -1560082431
           3625339947,           -1562527636
           3462581388,           -1550589505
           3292098650,           -1511797809
           3107441934,           -1473088221
           2958001422,           -1412022790
           2863949024,           -1342722539
           2731149890,           -1236474241
           2628512471,           -1129864481
           2541138876,           -1035423303
           2450755675,            -911178756
           2388743107,            -814210409
           2349638532,            -705478363
           2351840061,            -589212920
           2337953547,            -476795038
           2358121887,            -386501021
           2373897768,            -315606126
           2401774152,            -253871736
           2427101623,            -197289649
           2464179068,            -154397717
           2495117799,            -120962114
           2534058027,            -105216144
           2573454083,            -109104308
           2607611695,            -122818921
           2623681206,            -144015932
           2638304717,            -172997726
           2641103873,            -210822930
           2639480550,            -261068001
           2609150618,            -325079427
           2588995888,            -376860034
           2552830399,            -423446563
           2502266414,            -471979556
           2450392411,            -506785737
           2383892266,            -560919548
           2300505112,            -590689709
           2222504380,            -603241159
           2145595942,            -618086799
           2055874705,            -638911341
           1953843832,            -643360789
           1867453911,            -618707819
           1770051508,            -587966709
           1676929594,            -545369182
           1589150847,            -486385023
           1497956811,            -423555163
           1432828073,            -381380591
           1374271485,            -287413602
           1324218015,            -193289030
           1262753259,             -89808407
           1241789912,              19856725
           1207249149,             116402168
           1188766381,             218425514
           1175752496,             323420422
           1203842831,             450703216
           1277698770,             556697321
           1335594216,             667083924
           1402272094,             818636539
           1524122355,             932929791
           1692062062,             991850180
           1856936395,            1107722534
           1998727468,            1124453493
           2085659429,            1152849233
           2229591604,            1154289099
           2411900801,            1160205530
           2508805270,            1093867598
           2690690266,            1092626953
           2841868234,            1066434707
           3049434493,            1086127698
           3358604889,            1013214935
           3624542051,             848854279
           3905533950,             880118872
           4134167498,            1192427414
           4220106727,            1171198082
           4358319748,            1259946484
           4499104410,            1187894934
           4610491385,            1240801583
           4656538163,            1329794979
           4723816149,            1372685370
           4763443321,            1406934568
           4824064736,            1423041472
           4893112855,            1406051493
           4937605988,            1355591252
           4991611038,            1330921019
           4997042988,            1288145443
           5015605570,            1253351347
           5024284909,            1193440990
           5055442180,            1120033678
           5072823260,            1056094561
           5062132202,            1008542095
           5063431843,             956507108
           5038628810,             877069069
           5021081187,             817350579
           4988052534,             739546582
           4950720575,             647862540
           4889773014,             570667170
           4840057029,             484655422
           4785572827,             385233324
           4726604627,             302776356
           4647499018,             216502437
           4575444186,             145110994
           4493695432,              69295813
           4404151307,              -7908857
           4311295038,             -99235224
           4243063504,            -175512644
           4150152037,            -234488859
           4047343588,            -297338804
           3956341675,            -359508306
           3868042757,            -402796865
           3754389592,            -458680343
           3652362468,            -511704136
           3528001714,            -573018920
           3423086830,            -628742030
           3308416678,            -651846447
           3185436707,            -680131928
           3078780604,            -691236760
           2973357427,            -724125145
           2861213876,            -742874053
           2748958468,            -756300766
           2642663453,            -748038400
           2538866712,            -763774710
           2419607858,            -757355972
           2296608708,            -747127794
           2198919210,            -723438836
           2109572912,            -716601830
           2015555505,            -705226714
           1907425188,            -693108059
           1810130265,            -675867776
           1701148590,            -620462602
           1599912131,            -583225795
           1512171640,            -547750431
           1421182010,            -517354914
           1312227983,            -459293478
           1235279277,            -406269826
           1163100251,            -345581151
           1073961159,            -276889939
           1005883280,            -220964794
            921959667,            -148228254
            861968564,             -64204185
            785963564,              21255504
            676769158,             106119172
            635286251,             270897042
            491493367,             344945399
            422061328,             438324792
            356993270,             525960905
            362265695,             681601343
            278269361,             811340751
            220255278,             912370287
            183651565,            1028744910
            151649224,            1217820811
             46892759,            1367392777
            -89905596,            1535750594
           -100414238,            1738331347
           -219946535,            1953570598
           -272574647,            2201845732
           -266632848,            2517354324
           -119367628,            2732736187
            -13667181,            3090575677
             87484981,            3351567607
            104023518,            3836928005
             53984271,            4282931663
            204524056,            4235467562
            582521937,            4243615243
            768304827,            4177507788
            919234121,            4180966746
           1201382360,            4221515537
           1455806459,            4526874315
           1865632220,            4459607734
           2011167270,            4348191992
           2171139686,            4185195108
           2359458094,            4221491218
           2675322695,            4040010835
           2972089997,            3774449200
           3192774737,            3739424415
           3306700698,            3771034352
           3388427242,            3674138726
           3477603876,            3575905082
           3616504428,            3559851484
           3766815437,            3537951936
           3827223583,            3516288221
           3894543687,            3492561111
           3979180890,            3460503756
           4099237765,            3414365993
           4218457307,            3344277856
           4284976376,            3318885023
           4319066458,            3296102707
           4355638317,            3250837905
           4399819732,            3231584662
           4438376650,            3237807143
           4433308621,            3252668260
           4414331755,            3277049822
           4417137247,            3309959407
           4422716248,            3316558644
           4409645593,            3318310536
           4385868079,            3308047596
           4361135970,            3281219135
           4329689180,            3282726578
           4294622235,            3289149023
           4244762684,            3287622795
           4193524089,            3311832339
           4152158629,            3341905684
           4104492426,            3363265221
           4050731753,            3381624773
           4016955639,            3409519582
           3953102152,            3397680292
           3887913419,            3391433587
           3830960217,            3400866339
           3764409715,            3423678881
           3673394748,            3413975889
           3600322405,            3390010784
           3519898546,            3391557084
           3445159196,            3414473579
           3358148892,            3405440382
           3279064171,            3400533596
           3192313004,            3393615119
           3105824730,            3384037916
           3020624017,            3377014962
           2923056955,            3367250776
           2826657620,            3345336546
           2733106547,            3323988420
           2638266567,            3315225676
           2531488528,            3301462026
           2430605303,            3255535300
           2329506183,            3230957546
           2226976962,            3193434671
           2135680126,            3177614895
           2024885094,            3132038155
           1928114932,            3081597013
           1831567505,            3050132444
           1726278538,            2992837230
           1630060914,            2937116618
           1543741574,            2873791010
           1454557591,            2810922317
           1353283472,            2751080502
           1257706517,            2683751968
           1178672281,            2632734598
           1094383152,            2555719099
            990639913,            2460025002
            929221569,            2389597330
            861927437,            2290225584
            785897798,            2198556521
            734020866,            2125189905
            680078508,            2027290764
            615031593,            1915940537
            558187514,            1808744020
            507211203,            1720786672
            473826211,            1622249045
            424738354,            1512650562
            405705741,            1405650889
            380679282,            1302059736
            364017820,            1182639261
            386443836,            1051226231
            419758545,             920701684
            471545040,             809015623
            484057318,             685820134
            511789143,             541091618
            555228797,             421585707
            594963852,             246380204
            690568034,              84329705
            774049415,             -87068269
            897146898,            -253327356
           1056616078,            -376503145
           1097995102,            -509803792
           1086980240,            -669253086
           1180693706,            -834387698
           1261003014,            -906011184
           1341581518,           -1023166427
           1455185746,           -1195353379
           1531653241,           -1234856709
           1557868724,           -1315612909
           1634376376,           -1369736854
           1737627535,           -1428018847
           1802740240,           -1507025544
           1864125230,           -1579095045
           1943543526,           -1609727392
           2015271762,           -1633873635
           2082709971,           -1623879086
           2142829521,           -1640810796
           2209866112,           -1623802818
           2269619132,           -1597367165
           2306934580,           -1551230330
           2346946235,           -1497542849
           2388065370,           -1445459120
           2442795665,           -1381098487
           2516090831,           -1325152896
           2537520312,           -1235550137
           2569454832,           -1155488512
           2580650096,           -1045523946
           2608559583,            -933410269
           2607642424,            -819890525
           2607413571,            -716636017
           2586478870,            -613407962
           2580206561,            -509498641
           2538186864,            -398157837
           2494732322,            -294403899
           2440924392,            -189708401
           2389654392,            -108118470
           2316904598,             -45909018
           2256669463,              22648622
           2175238487,              94367566
           2076278553,             165159040
           1977684429,             238635161
           1883653393,             255366924
           1812148333,             281927639
           1719530145,             289857145
           1622608026,             285660989
           1543788144,             277939215
           1462549011,             248950837
           1396453121,             212199981
           1341776443,             174694497
           1297706471,             125084175
           1272102756,              78263470
           1260220161,              24609311
           1266889043,             -25277835
           1283842446,             -59014042
           1316099572,             -97560192
           1359868648,            -118671283
           1404925887,            -146983188
           1464234556,            -144430685
           1530763138,            -155550535
           1598638179,            -124752738
           1655182010,             -88835945
           1702737074,             -49640890
           1765263300,              21937287
           1797911177,             107269478
           1803809916,             188241150
           1811940192,             265841220
           1804535484,             368053837
           1771382480,             484375565
           1700060351,             567142811
           1617692137,             630426472
           1518794361,             689093519
           1433375023,             747033653
           1329732719,             755616309
           1238023853,             735391553
           1140395863,             690131623
           1067277513,             636645585
           1031464604,             558665225
            996023320,             478604907
            994789793,             405941810
           1018209463,             305507109
           1058368068,             191789223
           1105773946,             120092697
           1159037132,              84204196
           1221822144,              67688957
           1286048624,              65423748
           1348587843,              83282218
           1416117414,             145447811
           1493515678,             202422547
           1541543986,             276519018
           1566149585,             359130135
           1570859080,             454430295
           1560408659,             540265141
           1521857272,             610014657
           1473591292,             669005412
           1397798480,             728877502
           1315027956,             755890779
           1256150912,             773325689
           1169004775,             769891652
           1083915708,             742842799
           1032834184,             717418397
            985369135,             662426489
            939809508,             593060916
            917821897,             543935602
            917566563,             480329249
            945549500,             408002455
            979017725,             329185903
           1028238341,             271625018
           1097516362,             231186001
           1147979689,             223019289
           1207513339,             220977201
           1280243884,             256689803
           1326111702,             295857229
           1385251158,             363795295
           1449908026,             459915845
           1453613591,             560273190
           1429194341,             635604657
           1394451286,             713124527
           1348402333,             791955937
           1294852805,             873527297
           1211770812,             907531528
           1123947712,             900673651
           1013731223,             880660777
            952441479,             841703534
            885176915,             789051330
            842771507,             721730702
            836128281,             618934895
            861972409,             501609763
            900089454,             376642052
            941761525,             283137071
           1048154958,             235621379
           1166364560,             170286613
           1280561813,             181448790
           1389176917,             271276100
           1494387224,             371319861
           1525247689,             439522261
           1540544289,             562801754
           1547782059,             690674530
           1477151236,             831869864
           1331201228,             967633423
           1223717445,            1036759270
           1074120935,            1004419631
            885497891,             986219556
            781759622,             879171502
            702685732,             774579722
            728455532,             603323206
            748597961,             499624034
            857281841,             399051324
            939955838,             326591744
           1075972265,             281884158
           1187165324,             356843262
           1297935258,             370991614
           1403921823,             480847981
           1481140635,             670536507
           1509716297,             806802541
           1497341237,             919339265
           1419955771,            1039399723
           1300074943,            1093025984
           1181582087,            1125071691
           1048246577,            1148854608
            937278610,            1124437641
            867928220,            1042862246
            830087866,             909602104
            806940687,             778422813
            857406971,             658066492
            927302676,             571593484
            997135764,             496336062
           1090485493,             450202560
           1268979413,             453948935
           1410172155,             491675209
           1453274377,             565657686
           1500680537,             621686294
           1516549388,             710138720
           1502260077,             833141841
           1458066727,             947270626
           1355784566,            1027450841
           1256371241,            1083902663
           1146963623,            1117247254
           1040712558,            1141936903
            927494361,            1053461677
            843008346,             979478983
            755941296,             894046133
            699962441,             711579864
            697247423,             494605322
            718183173,             237111069
            781708167,              90067847
            941289191,             -60540952
           1147182798,            -240949279
           1348743228,            -219953382
           1586042729,              -8950889
           1760395970,              40058364
           1881641179,             147080484
           1853193971,             439742248
           1735790805,             777374769
           1646943185,            1039125197
           1461825264,            1512384723
           1385258924,            1703929781
           1183750237,            1600435933
            843299998,            1718743028
            389089655,            1738028817
            -16058729,            1828890768
           -572365195,            1675810741
           -572365195,            1675810741
           -843930832,            1836261701
          -1176954501,            1650229430
          -1317780318,            1510628573
          -1330494681,            1378800574
          -1465379747,            1275272845
          -1419351914,            1145288473
          -1267509760,            1015065101
          -1022289778,             947972828
           -924182482,             790516415
           -697435781,             800710147
           -508162245,             820667436
           -398344894,             895139127
           -276980237,             953555103
           -225538202,            1045289379
           -215648021,            1133143052
           -242457151,            1179853518
           -312043105,            1212565049
           -379719610,            1218477254
           -428424150,            1191542952
           -468086359,            1103380886
           -474477689,             999826064
           -459326672,             911118975
           -429929374,             812202649
           -342658147,             714812224
           -237643754,             635061256
            -98958432,             616863702
             43334052,             613848316
            147789701,             632654527
            232371968,             707937746
            281455906,             776686130
            280856506,             835974842
            263497689,             896903060
            227869009,             926456888
            184860041,             930172804
            121981799,             910279615
             73390093,             859263598
             51197975,             778500110
             47026153,             674696312
             88494176,             581404417
            163756193,             490720485
            256475615,             438184302
            360741152,             422119197
            465625734,             429912459
            531983153,             484552367
            580091754,             548538587
            578067354,             627798857
            549611277,             694608991
            488854373,             749088736
            417384817,             761009089
            339085524,             747091556
            282727673,             675618596
            240144719,             596194445
            220250892,             515762497
            246652014,             423430578
            334637890,             347554230
            481567379,             301427145
            612230987,             281217427
            715870375,             324411848
            768613103,             418392815
            791311628,             526307350
            774234529,             626527816
            688208303,             691168611
            563682200,             747945314
            432417267,             747284798
            328917635,             645029713
            236622488,             520578071
            236665399,             293968115
            323467482,             120318589
            356877934,             -12714961
            599940699,            -145930238
            791512919,            -106780932
           1086424621,              25669456
           1394255862,             232938767
           1372323106,             458927994
           1382377508,             703841383
           1157366268,             634380045
            808610245,             441246188
            541413495,             270699308
            527417125,             208392816
            566659272,            -173304718
            929079519,            -577644862
           1143447002,            -459647871
           1284520665,            -436424608
           1860267473,            -455211134
           2220892600,            -152176039
           2263341575,            -113800386
           2062437208,              88976471
           1537935643,             205747408
           1192625041,             253465958
           1394804730,              28881172
           1201727133,            -584188622
           1201727133,            -584188622
           1538146849,            -630743489
           1798002441,           -1236654306
           2244688223,           -1276018715
           2372824804,           -1094957786
           2381953792,            -885645268
           2049885294,            -820296733
           1985969902,            -524180094
           1535003896,            -653305716
           1736144607,           -1257214538
           1619501613,           -1492814812
           1434106183,           -1815194765
           1830920748,           -2177111038
           2102964446,           -2595026955
           1839349697,           -2636651907
           1981240966,           -2859488035
           2206591110,           -2557565452
           2124322489,           -2417697700
           1706244571,           -2037561900
           1223865870,           -1573350634
           2077231779,           -1294457667
           3190256108,            -522842098
           2965037183,           -1983503729
           2965037183,           -1983503729
           3068825859,           -1839584399
           2999189552,           -1996913884
           3252887023,           -1592641655
           2650894314,            -990147177
           2713823486,           -1136132161
           2713823486,           -1136132161
           2623495891,           -1408015808
           2680133429,           -1906990473
           2996569941,           -2182051120
           3071332244,           -2290873220
           3278280510,           -2179695034
           3378352723,           -1739631200
           3286219389,           -1299813211
           2914915015,           -1213461726
           2505820410,           -1105821324
           2161536312,            -966010591
           1856190290,           -1121030969
           1504609954,           -1397795385
           1528560141,           -1669715554
           1496080378,           -1768065451
           1732343887,           -1824331628
           1953718652,           -1833989124
           2163805335,           -1754428438
           2277459995,           -1575500308
           2163022093,           -1399299489
           2034344381,           -1214572149
           1892654790,           -1163622835
           1712574329,           -1161984633
           1531422729,           -1224471910
           1532281700,           -1364595635
           1621270637,           -1499625704
           1765873795,           -1634248990
           1954639828,           -1679258899
           2085808870,           -1679567204
           2213205909,           -1560068803
           2230544323,           -1340360742
           2225308098,           -1239622749
           2135190876,           -1123588430
           1957781392,           -1072238057
           1822474779,           -1161632979
           1735439481,           -1315383679
           1784814679,           -1450202804
           1863041442,           -1550156061
           2018854518,           -1529604925
           2192250592,           -1472067285
           2241056255,           -1259553423
           2171832742,            -999303317
           2108135641,            -818057203
           1974787370,            -773646238
           1812778066,            -722755830
           1693787659,            -851932825
           1635574207,            -964953952
