    -1,      0
    -4,     -1
   -23,    -32
   -35,    -12
   -60,     10
   -35,     32
   -25,     21
     5,     31
     4,     16
    52,    -13
    17,    -57
   -11,    -42
    -8,    -26
   -39,    -26
   -47,     27
   -48,     39
   -44,     70
    59,     61
    41,     44
    69,     -3
    50,    -20
     4,    -41
   -21,    -44
   -43,    -39
   -39,      9
   -30,     14
   -10,     -7
    -4,     11
    30,     15
    85,    -30
    67,    -50
    66,    -35
    33,    -65
   -47,    -55
   -42,    -21
   -35,    -14
   -47,     23
   -40,     30
   -33,     52
    25,     36
    43,     -1
    38,     -9
    38,    -53
    -4,    -65
   -19,    -55
   -62,    -21
   -84,     53
   -51,     26
     8,     27
   -15,     66
    37,     22
    39,     28
    46,     -2
    26,    -26
     6,    -84
   -20,    -50
   -56,      8
   -34,     20
   -29,     30
   -26,     41
   -30,     22
    -6,     21
    50,    -20
    14,    -20
    46,      2
    10,    -56
    -6,    -38
     0,    -47
     1,     40
   -25,     -8
    36,     15
    10,     28
    69,    -50
    81,    -14
    37,      8
    34,    -50
    -6,    -15
   -60,    -20
   -30,    -19
   -22,    -16
   -45,     17
   -79,     65
   -34,    113
    12,     65
    38,     46
    68,     18
    56,    -10
    32,    -34
    15,     -6
    31,    -43
   -26,    -43
   -45,      1
   -43,     -2
   -52,     -2
   -57,     30
   -20,     76
    25,     40
    21,     44
    24,    -41
    -1,    -20
    12,    -34
   -35,     27
    28,    -35
   -70,    -26
   -78,     25
  -102,     -7
   -74,     46
   -19,     29
   -29,     60
    40,     82
    44,     25
    27,      2
    50,    -17
    30,    -25
     3,    -22
   -41,      7
   -53,      7
   -58,     -5
   -80,     22
   -43,     45
   -17,     38
   -22,     29
    -4,     33
    26,     12
    68,    -30
    41,    -52
    36,    -27
     9,    -46
     0,    -58
   -32,    -26
   -64,     27
    -9,     41
   -10,     40
   -19,     52
   -41,     63
    26,     86
    51,     27
    53,     -1
    84,     -1
   -12,    -46
    35,    -52
    15,    -88
   -16,    -43
   -33,    -35
   -87,    -19
   -55,     24
   -37,     47
   -13,     36
     4,     42
    16,     99
    85,     28
    -8,     34
    76,    -10
    36,    -50
   -43,    -49
     2,    -30
   -54,    -16
   -43,     19
   -45,     -6
   -31,      8
    -4,     27
   -27,      2
    -1,     -9
   -11,     63
   -38,     40
    23,     14
     2,      1
    12,    -11
    63,    -28
   -11,    -80
   -65,    -73
   -32,    -56
   -32,    -35
   -64,     11
   -83,     25
   -43,     31
   -13,     31
     6,     61
    11,     55
     4,     64
    63,     13
    65,    -10
    46,    -21
    49,    -37
    25,    -43
    -2,    -43
    -1,    -55
   -39,    -38
   -52,    -26
   -80,    -57
   -76,      3
   -46,     26
   -13,     73
    29,     41
    26,     24
    22,     18
    -1,    -13
    15,     31
    62,     -8
    31,    -32
    59,    -55
    30,    -73
   -12,    -56
   -18,    -22
   -32,     14
   -23,    -11
   -27,     -2
   -64,     33
   -53,     57
   -15,     69
   -11,     48
    14,     43
    38,     15
    33,      1
    67,     -8
    39,    -39
    10,    -23
    29,    -56
     9,    -54
   -40,    -41
   -41,    -38
   -36,    -23
   -55,    -27
   -49,    -17
   -32,     10
   -10,     56
   -21,     43
    -5,     59
    18,     48
    -5,     43
    32,     39
   -10,     12
    47,     -7
    60,    -61
    28,    -59
    -2,    -37
    18,    -42
    21,    -45
   -28,    -46
   -44,    -17
   -25,     -5
   -55,      7
   -50,     27
   -55,    -14
   -66,     10
   -18,     32
     6,     27
     9,    107
    52,     92
    22,     46
    42,     30
    67,      8
    53,    -10
    52,    -31
    61,    -50
    19,    -36
    -5,    -61
   -23,    -65
   -10,    -56
   -45,    -48
   -80,    -35
   -28,     -2
   -41,      6
   -52,     19
   -27,      1
   -35,     38
   -15,     28
   -44,     86
    28,    120
    43,     57
    17,     37
    42,     16
    79,      5
    57,    -15
    45,    -26
    42,    -42
    48,    -47
    10,    -49
   -16,    -40
   -25,    -32
   -29,    -11
   -63,    -52
   -47,    -43
   -38,      7
   -36,      6
   -65,     28
   -65,     64
   -42,     43
   -34,     41
   -12,     59
     9,     65
    10,     25
    29,      8
    53,     -2
    53,      7
    57,    -16
    58,    -34
    51,    -70
    24,    -51
    48,    -36
    20,    -64
     8,    -45
   -26,    -64
   -77,    -46
   -56,    -36
   -50,    -25
   -49,    -30
   -55,    -16
   -46,    -12
   -45,     10
   -30,     45
   -21,     51
   -25,     45
     9,      4
    -1,     45
    16,     47
    38,     69
    30,     52
    14,     48
    77,     41
    32,      8
    33,     27
    52,    -22
    27,    -20
    54,    -57
    24,    -39
     2,    -38
   -14,    -41
   -41,    -61
   -27,    -29
   -13,    -32
   -47,    -38
   -54,    -36
   -73,    -17
   -34,    -18
   -29,    -28
   -38,    -19
   -51,     16
   -63,     27
   -43,     43
   -35,     60
   -22,     41
   -22,     53
    -9,     50
    21,     23
    15,     66
    -1,     59
    17,     24
   -12,     10
    35,     19
    60,     28
    49,     -6
    45,     22
    48,     -7
    46,    -54
    44,    -34
    35,    -41
    17,    -15
    32,     28
    26,      8
     9,    -33
   -19,    -68
   -49,    -44
   -44,    -40
    -4,    -92
   -32,    -43
   -64,    -33
   -48,    -21
   -54,    -13
   -50,     -8
   -27,     19
   -29,     31
   -36,     44
   -55,     49
   -39,     37
   -39,     51
   -23,     31
    -8,     43
    -1,     68
     0,     62
     6,     43
    34,     46
    39,     56
    12,     36
    14,     20
     3,     47
    14,     22
    72,     -6
    64,    -11
    70,      5
    74,    -11
    64,    -13
    64,    -17
    45,    -28
    45,    -34
    40,    -24
    31,    -44
    18,    -53
    15,    -42
    13,    -61
    18,    -99
    55,    -95
    10,    -15
   -10,    -31
   -11,    -57
   -37,    -31
   -20,    -16
   -38,    -41
   -63,    -83
   -16,    -59
   -28,    -20
    12,    -64
    -7,    -45
     6,     -7
   -39,      2
   -30,     31
   -14,    -17
   -34,     17
   -13,     -4
   -19,    -49
   -68,     -4
   -56,     25
   -33,     92
   -70,     29
   -32,     -5
   -43,     19
   -12,     44
   -56,     43
   -34,     81
    11,     94
     8,     72
     0,     50
    21,     62
    20,     42
    21,     49
    35,     68
    20,     44
    20,     49
    82,     42
   -25,     13
    13,     45
    30,     67
    71,     21
    36,     25
    48,     22
    52,     13
    45,     34
    40,     33
    45,      3
    45,     -3
    82,      7
   104,     -4
    73,     -6
    53,      0
    71,    -19
    61,    -21
    43,    -18
    48,    -15
    36,    -10
    41,     -9
    19,    -23
    30,      3
    67,    -28
    46,    -28
    53,     -7
    -1,     -6
    15,     -9
    -4,    -61
    39,    -87
    37,    -26
    51,    -32
    31,    -28
    10,    -56
     6,    -57
    16,    -72
    22,    -49
    14,    -39
    28,    -39
     8,    -32
    10,    -53
    19,    -91
    12,    -50
     4,    -52
     7,    -58
    -3,    -59
    11,    -50
    22,    -61
     1,    -46
    -5,    -20
    20,    -40
    35,    -31
     4,    -32
    10,    -22
   -14,    -40
     7,    -57
    19,    -20
    36,     -8
    75,     -8
    63,    -32
    31,    -66
     1,    -62
    28,    -53
     7,    -75
     9,    -48
     1,    -58
     2,    -54
    -5,    -80
    -3,    -49
    12,    -53
     5,    -56
    21,    -59
    24,    -67
   -11,    -67
     0,    -45
   -16,    -41
   -18,    -69
    16,    -41
     5,    -38
    18,    -59
    39,    -36
   -16,    -53
    10,    -60
     2,    -68
    -4,    -71
     7,    -54
    17,    -40
    -4,    -70
    21,     -9
    54,    -41
    17,    -43
    30,    -61
    33,    -64
    20,    -51
    24,    -41
    33,    -72
    85,    -31
    36,    -33
    26,    -39
    55,    -54
    33,     33
    28,    -22
    30,    -34
     1,    -13
    47,    -54
    75,    -51
    61,    -21
    48,     32
    52,    -11
    43,    -11
    78,     12
    53,     41
    48,     27
    57,     17
    46,     28
    70,     45
   108,     94
    13,    106
    46,    -14
    76,      9
    33,     66
    46,     32
    74,     52
    40,     37
    31,     41
    28,      8
    51,     54
    -4,     65
    19,     29
    17,     60
    12,     51
     1,     44
    -2,     49
   -18,     44
   -29,     33
   -39,     34
   -70,     54
   -36,     72
    14,     35
    26,     45
     7,     57
   -25,     35
   -39,     32
   -54,     49
   -26,     29
   -58,     30
   -65,     23
   -48,     20
   -42,     -4
   -20,     19
   -37,      1
   -15,    -10
   -44,    -24
   -59,    -47
   -43,    -17
   -45,     -8
   -56,    -28
   -50,    -57
   -30,    -58
   -19,    -55
   -25,    -47
   -13,    -51
    -9,    -58
    -9,    -39
   -12,     -7
    27,    -44
    44,    -50
    31,    -34
    38,    -35
    66,    -27
    85,     -5
    79,    -40
    47,    -20
    40,    -18
    71,     20
    56,      4
    46,     21
    45,      7
    26,     12
    48,      4
     9,     22
    -3,     65
    16,     46
     2,     48
   -10,     43
    30,     69
    48,     96
    35,     35
    35,     64
   -39,     39
   -66,     -1
   -63,      1
   -46,     31
   -67,     -2
   -61,      4
   -23,      5
   -49,      9
   -60,    -37
   -70,    -22
   -51,     -2
   -56,    -10
   -26,     -4
    -9,    -50
   -13,    -66
     7,    -27
    13,    -44
    23,    -60
    18,    -78
    23,    -13
    53,      3
    73,      1
    38,    -13
    33,    -16
    68,     -9
    38,      9
    26,      1
    51,     10
    35,     -2
    12,     20
   -36,     32
   -58,     89
   -90,     44
   -27,      6
   -44,     27
   -16,     36
   -69,     20
   -45,     12
   -56,     13
   -60,    -30
   -29,    -18
   -24,    -26
   -21,    -22
   -30,     12
     7,    -31
    25,    -80
    13,    -78
    10,    -69
    13,    -47
    23,    -49
    34,    -29
    40,    -11
    75,    -18
    73,     -6
    48,     -4
    52,     23
    43,     27
    32,     22
    27,     44
    55,     41
    18,     42
   -36,     29
   -30,     37
   -34,     22
    14,     70
   -20,     81
   -53,     21
   -76,     31
   -45,     -8
   -47,    -20
   -27,    -17
    23,    -14
   -11,    -22
    -9,    -64
     2,    -69
    48,    -32
    49,    -74
    37,    -39
    68,      4
    57,    -15
    42,     28
    39,     17
    77,     13
    54,     43
    14,     47
     8,     63
     8,     60
    13,     33
   -10,     94
   -63,     46
   -37,     14
   -35,     13
   -51,     -8
   -51,    -34
   -29,    -11
   -26,    -57
     7,    -66
   -42,    -78
    27,    -58
    34,    -37
    31,    -14
    27,    -23
    39,    -14
    48,    -15
    28,    -16
    54,    -29
    68,     59
    25,     77
     2,     58
   -25,     54
     0,     21
   -21,     12
   -66,      7
   -35,     13
   -74,      3
   -73,      3
   -54,     -2
    -9,    -57
    10,    -57
    -7,    -68
    29,    -38
    57,    -27
    49,     -5
    60,    -28
    64,      4
    57,     28
    19,     50
    15,     47
    22,     50
    -2,     60
   -10,     32
   -34,     22
   -40,     19
  -137,    -52
  -118,     -4
   -48,    -35
   -18,    -31
    -9,    -76
     4,    -40
    14,    -32
    56,    -65
    67,    -64
    28,    -33
    51,     13
    51,     21
    42,     33
    20,     57
    25,     46
    -3,     40
   -45,     32
   -56,     30
   -51,     10
   -61,      8
   -34,    -24
   -39,    -44
   -16,    -66
    24,    -41
    40,    -42
    41,    -35
    23,    -16
    11,    -26
    50,     -1
    33,     43
     9,     85
   -25,     72
    -9,     43
   -19,     47
   -41,     16
    -9,     -9
   -14,     10
   -37,    -35
   -26,    -51
   -59,    -72
    -5,    -90
     7,    -33
    19,    -24
    14,    -17
    30,    -25
    32,     14
    18,    -12
    22,     40
   -52,     54
    -5,     50
   -24,     93
   -38,     63
   -55,     84
   -49,    -33
    -9,    -26
     6,    -37
    31,    -51
    25,    -41
    38,    -34
    31,    -41
    41,    -46
    92,     16
    40,     50
    21,     59
   -15,     50
   -15,     35
   -22,     36
   -54,     86
   -70,    -21
   -48,    -13
   -41,    -47
   -27,    -56
    -1,    -48
   -16,    -32
    20,    -19
    32,    -66
    28,     14
    25,     -9
    23,     46
    -2,     57
    -6,      9
   -20,      8
   -62,     -2
   -82,    -15
   -91,    -50
   -39,    -48
   -37,    -77
    -3,    -50
    27,    -31
    51,     -5
    52,    -14
    84,     26
    44,     55
    14,     50
    15,     47
   -12,     51
   -38,     70
   -75,    -18
   -41,    -20
   -56,    -30
   -51,    -16
     7,    -14
    60,    -73
    30,    -72
    47,    -17
    57,      6
    35,     26
    44,     47
    23,    104
   -25,     40
   -53,     36
   -59,    -31
   -82,     -8
   -26,    -42
     3,    -62
    -3,    -65
    26,    -44
    33,    -21
    45,      1
    27,     -1
    17,     11
   -15,     31
   -51,      7
   -30,     10
   -13,     46
   -57,     48
   -36,    -38
    23,    -41
    18,    -62
    46,    -49
    51,      7
    50,     10
    51,      8
    27,     39
    -3,     59
   -30,     59
   -17,     32
   -53,     17
   -48,    -14
   -39,    -66
     9,    -45
     1,    -59
    28,    -72
    81,    -17
    14,      6
    44,     33
    -2,     52
   -49,     17
     2,     20
   -15,     30
   -32,     -6
    12,    -20
     4,    -49
    42,    -67
    62,    -38
    48,    -20
    40,     23
    49,     13
     1,     19
    -3,     37
   -31,     59
   -59,     35
   -42,    -18
   -26,    -27
   -22,    -34
   -14,    -93
    52,    -74
    49,     -7
    65,      4
    43,     63
   -28,     87
   -30,     42
   -52,     38
   -39,     15
   -52,    -12
   -40,    -48
   -29,    -63
    39,    -84
    27,    -36
    78,    -16
    40,     32
    26,     45
   -13,     66
   -50,     37
   -35,      9
   -47,     -5
   -15,    -16
    11,    -78
    41,    -63
    41,    -26
    38,     -8
    58,     -4
    26,     28
    12,     23
   -35,     20
   -40,     26
   -46,     12
   -30,    -21
   -13,    -20
