                    0,                     0
                    0,                     0
                    0,                     0
              6144061,               6423152
             43539668,               -622002
             15839421,             159907041
             65526438,             224481613
             66112286,             186614825
             78870366,             233094719
             68634076,             283539002
            146607497,             380951516
            118492848,             548543635
            262842332,             419011307
            399647084,             402615292
            732808333,             318097073
           1052591882,             643957043
           1150375055,             507160147
           1153121777,             446216413
           1115186088,             528230497
           1011966885,             424267359
            970196340,             550433693
            842077399,             546652202
            972975996,             560591987
           1011480389,             400081686
            925893718,             192930018
            918039750,             285754722
            756310717,             205809591
            667867993,             195925767
            595204323,              97509624
            424073475,             -12263619
            372621421,             -15256862
            336656841,             -13298293
            382374212,             128608055
            316550360,             133524480
            384223602,              -6756162
            384204519,             118083612
            390919269,             147773542
            382371045,             150357943
            292497784,             128611568
            301614651,             137992591
            248515016,             113369439
            179286921,              -7296645
            -81151088,             257346067
           -350656409,             405481594
           -505462806,             273926819
           -291432019,             319233445
           -321247075,             312477996
           -262159808,             316878650
           -138958157,             339186079
           -107247882,             243808837
            -69955673,             238036029
             42643299,             149833801
            103132978,             212881354
            138704405,             177385382
            231020879,             316604823
            143889517,             392102529
            189537731,             376374673
            101511354,             395601173
            210114760,             316106316
            435796575,             324308766
            660475318,             271124832
            682272085,             251209497
            684350406,             346514912
            812237692,             495451442
            858213504,             419942080
            900439638,             314316472
           1086520941,             478062152
            915684586,             388891322
            903783532,             397913874
            866372559,             449772306
            733225710,             416014103
            723072920,             465209789
            615894555,             492347762
            636414481,             528782940
            610310119,             565310883
            640713437,             650914590
            791323851,             671694400
            764179602,             698889709
            813263185,             677410943
            803728046,             724551346
            895342629,             681659139
            751409749,             789011269
            801610789,             869787816
            830180407,             838325707
            803066883,             696160100
            787649415,             560274570
            693129935,             515204532
            663562528,             632406718
            782269837,             565018033
            788669070,             573432474
            822590034,             606318179
            859896075,             677833532
            772783242,             713332134
            909622164,             667221867
            978507988,             623407618
            975736650,             650699089
            851282250,             773578037
            702445343,             962163449
            847861813,             797358594
            855761541,             856216621
            803960991,             889964880
            884985899,            1017857705
            893007333,            1042975682
            917153508,            1068056136
            982499643,            1167229050
            874804102,            1079462815
            921110772,            1113057986
            923416977,            1057293152
            813288935,             986205899
            755453054,            1039006478
            709816879,            1140967208
            679849791,            1107513464
            730083518,            1088180922
            607425693,            1177792986
            464266783,            1023461587
            401710377,             975369396
            371319029,             926967800
            262271820,             954434908
            204006581,            1074031876
            205910578,            1154380010
            354129936,             998849074
            428884455,             782683379
            351884577,             742586019
            392662293,             619700959
            486773456,             462485276
            561086967,             400973482
            584082094,             299019785
            418678062,             411270115
            614590783,             205108800
            756416747,             203480723
            746914654,             214791281
            868896048,             316094153
            814300935,             221721113
            834106079,             206875304
            829155395,              90564729
            811127248,             127375855
            868091283,             111540181
            815363060,             279338052
            749283057,             241966727
            741660606,             243388808
            822221438,             208527893
            683953668,             203288080
            727906804,             240665530
            796116433,             228542994
            770947316,             262089642
            786457099,             312360087
            836736316,             376078282
            685758328,             346977381
            691281901,             215550292
            613628835,             -27119391
            616185518,             -48834487
            632393047,             -61611748
            619872386,              56545391
            706021059,             -75980162
            718381779,             -50218582
            692613345,             -13345827
            627920793,            -134176420
            712629796,            -190840988
            633573370,            -223801530
            499233079,            -317998671
            280729210,            -403927954
            344015339,            -551273356
            278983569,            -581597936
            176448365,            -631046846
            149962860,            -742726827
            108919614,            -775354273
            225632116,            -876526609
            218484250,            -956017365
            253470407,            -996698184
            177746106,           -1042061314
            248485861,           -1051949368
            237291966,            -960055691
             40547511,            -902187872
             47594050,            -658627216
             42180009,            -721574085
             83275485,            -784815793
             33394331,            -742766630
             56955831,            -677019770
             49570063,            -792639243
             15734718,            -839347017
              2472953,            -798971182
             25903835,            -850306190
             42759155,            -830635364
              1912389,            -719786525
            -34034577,            -720280185
            125824490,            -703765728
             81960485,            -534731000
            199628553,            -289698076
            139785898,            -228579020
             43439830,            -229414977
             79903782,            -178089522
             28844836,            -240635721
            -58394095,            -387476819
            -72812362,            -351266476
           -105962433,            -440102038
           -159105631,            -308367949
           -113913754,            -206217487
           -175070893,            -192456372
           -208156817,            -128839197
           -300692001,             -59098489
           -341896967,            -178833630
           -283436768,             -88445099
           -366124953,            -149543414
           -231132680,            -284887287
           -154284519,            -337481414
           -209351469,            -393173604
           -260832332,            -463031644
           -353622539,            -458100861
           -399495327,            -623917077
           -417340497,            -570375630
           -338268087,            -550087010
           -331928741,            -482548679
           -380652097,            -521719849
           -347044559,            -603495560
           -462010820,            -569089635
           -593764568,            -603667608
           -570610857,            -597737330
           -558228054,            -461643230
           -660651682,            -451268753
           -662101019,            -373024713
           -633521537,            -500687632
           -637065298,            -313608737
           -462402953,            -266138768
           -561041737,            -268347589
           -543897031,            -215276095
           -560694866,            -290120576
           -682308002,            -193393686
           -497483444,             -41934111
           -358331914,             166526822
           -325741175,             -44754020
           -429765137,             -26737960
           -378487134,              73548556
           -446763011,              39259562
           -446030199,              82050532
           -598047229,             175729430
           -484617855,             190745580
           -421799630,             172992496
           -295172353,             204011842
           -356024627,             174764366
           -443230572,             297206976
           -582022961,             307441890
           -400740954,             351413163
           -305404681,             514239701
           -295476630,             710025255
           -204818064,             632623997
           -219704316,             684495202
           -322365508,             734565390
           -424256127,             723425248
           -443977765,             783186397
           -429750113,             796919642
           -401363074,             682355141
           -442574731,             678159260
           -644219187,             659953376
           -554831425,             539782403
           -443973306,             481671316
           -469315825,             487812271
           -547996595,             552160993
           -549549254,             401093359
           -608567173,             389858947
           -561069334,             437882500
           -460416517,             416805142
           -450245662,             369576416
           -512966291,             407313876
           -546750719,             253987690
           -550469489,             134858406
           -493815341,             169056065
           -426449730,             -23067053
           -248795424,              -5796317
           -251030714,             -31073220
           -214547176,             -24239919
           -229147300,              57600534
           -286908562,              16824503
           -223962684,              97043139
           -165080338,               3592101
           -228681307,              69363799
           -337259129,             133787630
           -397658916,             -40148150
           -362411314,              14101203
           -367352682,             -37514290
           -270536791,             -13366143
           -329819680,             -23288218
           -287985316,            -114588897
           -272783709,            -150654135
           -303117524,            -196489757
           -238612033,            -106030367
           -172414307,            -260886908
           -180682280,            -269186412
           -136961439,            -324340632
           -207015535,            -179968961
           -101801827,            -179926831
            -18781865,              46443826
           -220592542,             262080195
           -229498511,             213257122
           -253547551,             235481652
           -354704330,             302684471
           -402904632,             487155048
           -233699574,             646142680
           -215923091,             567533863
           -221613273,             667175421
           -123336184,             555739982
            -15861657,             470316574
             -6602536,             554311341
           -159757435,             452233072
           -121456372,             473151797
           -125503394,             486148993
           -121629127,             389385154
           -208055268,             243119764
           -263410761,             168967510
           -270293568,             224085035
           -388392735,             235855401
           -437098033,              53544311
           -314850939,             -28046082
           -345051435,             -55815715
           -352201509,             -23381818
           -409724550,              26124196
           -520335204,            -113476257
           -794441800,            -149724602
           -897171086,            -221516108
           -700848919,            -120325873
           -632686718,            -164750466
           -609038199,            -207432758
           -575665642,             -90601690
           -574121106,             -58072585
           -491332144,               2924058
           -438903747,             153117455
           -458698874,              96234093
           -379970669,             153456094
           -440096709,              41904313
           -310348840,             157380135
           -226263279,             125023351
           -195239518,              94591042
           -214303317,              11383993
            -66469844,              30222311
           -172015612,             -39580579
           -166057689,             -75513773
           -324737536,             -26578114
           -386941831,             -92388244
           -375392460,            -179245009
           -292283333,            -341489194
           -458890917,            -347899075
           -300579790,            -285860603
           -431459721,            -232438945
           -417848204,            -127551642
           -440696854,            -236044993
           -646571665,            -328791618
           -537671350,            -372046821
           -600979423,            -442351707
           -708116159,            -560286378
           -507631436,            -573440008
           -462448661,            -622158403
           -401714343,            -683054198
           -247407462,            -837934517
           -247780859,            -799154719
           -244883067,            -779950898
           -336244210,            -774377207
           -369634296,            -694797783
           -213443026,            -690792011
           -206384729,           -1024004224
            -82595567,           -1046535224
            -45396783,           -1032853502
             23861003,           -1020671097
            159498929,            -897904001
            318906698,            -927434972
            307635458,            -889341513
            266472628,            -947678825
            323327507,           -1018605478
            295483248,            -882185759
            405464412,            -750965841
            266084324,            -753333791
            287767742,            -871530118
            312421007,            -791398317
            267183602,            -799424527
            351231424,            -755750293
            363141666,            -814094854
            469980922,            -818719381
            301625648,            -850960611
            256787750,            -896258556
            244002258,            -848014736
            197480332,            -902662259
            156480549,            -968299864
            161020745,            -867314445
            265586335,            -751632589
            141481734,            -593997472
            238103263,            -551139313
            370159033,            -623744906
            366283739,            -522463974
            423930654,            -456417447
            442452553,            -362678640
            381988230,            -237923153
            497747386,            -192479799
            515549536,            -286786500
            559794232,            -290304508
            460116017,            -292559244
            548317479,            -312128722
            435100739,            -298819218
            482220298,            -229020548
            446302479,            -375682964
            623874443,             -78633925
            935292391,             159053852
            948419153,             -50905576
            931771348,            -307187291
            968478738,            -325493947
            939859892,            -284647934
            896564351,            -170063147
           1073334667,            -145130664
           1316986786,            -210750169
           1173851725,              16718268
           1291644762,             -34807449
           1341467131,            -150648166
           1422957401,            -120206705
           1279294704,            -142757379
           1276944832,              21321024
           1301457082,              12643905
           1289623989,              54129472
           1244966529,             128209513
           1316768153,             186398832
           1380052717,             246271919
           1420140881,             169376012
           1511504084,             311272097
           1559869670,             339706597
           1603358444,             326456748
           1656795453,             465735048
           1638191303,             554605906
           1571989046,             560395902
           1625195215,             501355182
           1541897444,             469300375
           1556567968,             578793842
           1381282011,             706910758
           1420238867,             696962527
           1451358749,             735645778
           1360939854,             792256602
           1333388667,             642191733
           1370349538,             503650940
           1309702135,             451285058
           1372172694,             478906480
           1308966568,             347751192
           1206838764,             366180678
           1225968466,             576597872
            887488337,             411519449
            883985656,             385619302
            910489498,             387976217
            921723621,             229936838
           1010577668,             156527048
           1081854699,             196015275
            991907929,             257901318
           1057769860,             141321632
           1010910902,             105577928
            935730752,             190462534
            997919599,             294399127
            994127544,             396311336
            769260461,             430867313
            814255740,             508189092
            832974543,             548791240
            789819038,             434009738
            803820113,             294263489
            791930437,             284838407
            717802201,             299567271
            796452752,             312189466
            841339706,             147753452
            803243207,             279799337
            683867019,             320761831
            583339180,             397152539
            567594624,             350084951
            398071359,             471791647
            405171650,             175413734
            513021517,             161881086
            470406430,             212389242
            396642596,             161019193
            289832837,             173507260
            207947882,             128009540
            231670698,             204793682
            325603393,             215674184
            195533079,             160911875
            213794857,              47530279
            160347140,              60441219
            202389374,             110107422
            182918268,             189813158
            291032560,             150564236
            288585149,             305951806
            333175110,             369858776
            273218907,             389982173
            334938264,             493051776
            326036604,             343889548
            387173858,             236543978
            292801602,             358312436
            431272919,             454982529
            464001254,             318083449
            555942195,             272134235
            528325064,             336372829
            522482492,             288955088
            600823200,             297587998
            660472954,             288379128
            665650761,             409206384
            700265146,             390611624
            884298527,             524184490
            910946015,             647021919
           1012103576,             573895583
            967339170,             647820473
           1003234059,             678451177
            943833941,             736963069
            844560465,             883538961
            571772572,             814597545
            518248428,             842370123
            486532750,             723039232
            520086204,             683333993
            485219642,             730629780
            540892725,             789073115
            521161687,             865617293
            478827598,             730729763
            402365302,             726454522
            522100422,             581839220
            669392994,             875153593
            648097054,             963485881
            577053013,             979161965
            654971220,             879646696
            759948201,             855917415
            867951151,             880290404
            792595451,             800645570
            713850610,             728129410
            773117614,             659366116
            833813493,             663385828
            813729658,             775210348
            935623465,             654233302
            873038211,             623420537
            911703768,             625945233
            764765112,             560252341
            608147478,             679540044
            626812750,             663210659
            654170289,             618737787
            567186727,             603420476
            651600300,             535004358
            754313917,             589147898
            699553774,             549086386
            740700344,             625082213
            565864108,             612103279
            529788533,             596362387
            522584241,             633721256
            650935445,             564957417
            450952351,             754527246
            412451484,             756976590
            436677881,             797752613
            267167963,             679215372
             51522669,             670870489
             32863845,             803473877
           -199172585,             934612078
           -194168707,            1026582867
           -123972152,             989042010
            -93441309,             868613612
           -229036671,             676281445
            248969670,             456443787
            176461728,             297647262
            154761862,             219161207
            292314461,             326092863
            678038202,             318645216
            502959628,             417008479
            519742044,             462729688
            510244843,             475399376
            478530250,             454438143
            454956567,             356643245
            487597948,             417477689
            534888768,             517753750
            536721528,             510511235
            432628175,             520286629
            567913410,             445152160
            415940705,             307240087
            459085472,             282075855
            418870689,             273275523
            369401431,             295195332
            443274061,             249334542
            332614829,             153071284
            446927362,             195097814
            665878921,             163909777
            861143894,             334871092
            893075146,             378835614
            786696717,             442953592
            641605905,             565429672
            570180536,             636029270
            511101934,             597033502
            482200077,             535321125
            497875361,             543864058
            460928120,             598495082
            509634945,             698817009
            637936303,             800439534
            639454569,             690306864
            545641080,             619820866
            588769291,             700025184
            519800800,             832420386
            633493956,             617405559
            632341718,             509303611
            638475753,             510617592
            561163177,             388289488
            420967184,             413131652
            406650084,             306692117
            281913326,             246472330
            355566157,             269310091
            387343659,             287871486
            270493789,             305870909
            145220479,             301842324
            219340155,             369475602
            279158672,             306986181
            345498674,             404550657
            237075342,             526633185
            390974753,             552070237
            411359893,             497491859
            422937873,             526205528
            517060170,             455414878
            620043766,             557346374
            482302761,             585706998
            379783959,             764801401
            407100742,             870378117
            380789206,             817548161
            284700989,             796600402
            259291291,             688201056
            330057839,             725538462
            415998906,             721112764
            314040902,             742177855
            366952423,             541220230
            306731846,             594069222
            287120082,             555923176
            161112826,             589623184
            131145520,             656510230
            107069132,             750672067
            -49302842,             575729054
            -42679545,             188860263
            -58241509,              88923808
             35210522,              41008714
             -2760051,              20731991
            -68579198,              50377017
           -131058740,              32117398
           -265219707,              27551386
           -323492006,             -10083683
           -221971948,            -104225707
             29500216,             -32110583
           -125852177,            -189874814
            160581889,             -30938803
             83547425,              32837690
             24163795,               6825972
           -113958982,              23176433
            -91526104,              78835520
            -59125487,               4730324
            -68400824,              81552311
             -2927740,              94647553
            -49360381,             225758744
            -22593786,             272613160
            -49461130,             169140731
            -72099895,             327473197
            -69254598,             237473934
           -127168880,             329003258
            -91986649,             300892498
            -50303779,             352287150
           -181819332,             393194350
           -271825502,             255923517
           -294220861,             229187109
           -229246496,             276261725
           -129283355,             413195860
           -311108085,             504411830
           -332261567,             593666301
           -286772131,             671003477
           -296520042,             658701237
           -231634658,             696421396
           -304132267,             720111166
           -341634535,             678835533
           -381551100,             597655055
           -488983299,             591494503
           -539955110,             476995786
           -717333390,             572412342
           -578877832,             411565741
           -631190835,             352358600
           -612272103,             394227684
           -452651461,             321913117
           -505217415,             153318631
           -405324222,             103706408
           -312830310,              27774593
           -291836463,             -36952105
           -288424420,            -171036196
           -225098304,            -124845991
           -173985770,             -25620626
           -302125013,              45027229
           -263323791,             168451190
           -231012529,             -64924275
           -138452836,              33840290
              9254194,              26898367
             77595878,              37290904
            -87658157,              81047295
             25492772,             -74758765
           -103547598,             -68031897
           -109152950,             124634021
             88682365,              15979531
            185293743,              -6194826
            149023916,             -28266068
            142522395,            -164866751
            252373250,             -72247402
            288329085,            -116310034
            309783910,             -70481032
            369399124,            -107972196
            315678002,            -219034936
            455678727,            -225881041
            219532246,            -321244528
             20143499,            -530309672
            114604560,            -311620835
            204520611,            -329281495
            299086747,            -383450995
            558112310,            -322505366
            895113079,            -482982593
            787961383,            -507655794
            748888901,            -462425026
            676240818,            -371604629
            648472325,            -459406511
            768506665,            -523148302
            672158224,            -463994313
            644300092,            -508170521
            626105661,            -561244673
            607924136,            -466369787
            670266417,            -316209978
            527572026,            -409130782
            425389970,            -498531688
            432848396,            -413469117
            398958005,            -399883539
            420460086,            -339364202
            506276719,            -338563950
            415213377,            -391426390
            389743896,            -190115379
            443402326,            -149799808
            458032665,            -229239173
            552179850,            -194234345
            568805606,            -193967921
            512900165,            -134020080
            550013131,            -247404620
            406628164,            -262412880
            529444522,            -205754959
            470453416,             -10533559
            679092065,             144597133
            925482516,             256606647
            983762307,             211780215
           1007487820,             133808077
           1097895130,              21372007
           1040603899,            -137357953
            891358743,              11690110
            608202022,            -181420570
            631861715,            -160549444
            632467179,            -138458945
            773739329,             -24010207
            492899092,             -35261214
            477263737,              50341473
            505599026,              79812423
            505379710,              17260648
            624186515,               3617180
            767076505,             -18078529
            665263144,             159110096
            723089814,              23116241
            738255921,            -101707225
            843299723,             -68606938
            792230531,              88113857
            901707592,              93094676
            747892758,            -170466089
            688496464,            -157633971
            521911356,            -336182007
            715773518,            -250191392
            576986476,            -344427540
            487226956,            -266004031
            495357679,            -173413352
            287122697,              11273487
            292897966,              25221616
            261225941,              30126333
            347633478,             -62299220
            409863772,               -941034
            503457647,             -62431232
            326143223,            -158726483
            350699676,             -71289327
            307153425,            -125314549
            245859221,            -139474083
            286628476,            -103552348
            333815557,             -76509083
            228166425,             -46609111
            306238876,              56641139
            353501241,              15498402
            301455374,              69983401
            426257116,             108832137
            560787360,             133184079
            529513338,             176692116
            342936454,             143208681
            215807364,             293814873
            416159543,             215456144
            438332885,             197969049
            563245176,              32555831
            516187325,             111801643
            538923816,             112386860
            651992393,             216076085
            543619763,             310493580
            565612953,             311701454
            715082363,             345558814
            889952073,             326425126
            871824657,             328886461
            865079477,             394092461
            717831064,             380442177
            676612826,             560154465
            650062533,             463625546
            690490621,             526182771
            604855071,             581067511
            670092135,             722398888
            677146773,             920821479
            591640153,             923722448
            589933004,             935625192
            645039175,             790491679
            528733689,             836907682
            562777744,             959507322
            443198199,            1163275036
            502085526,            1351107675
            548242510,            1414335571
            485182119,            1452386804
            601037582,            1512778762
            411633850,            1467670996
            359894530,            1551409012
            374970185,            1519086241
            399103909,            1466731448
            485443295,            1456610107
            440943078,            1370266991
            410983224,            1429846324
            355184869,            1511201655
            190235965,            1529337509
            -84135253,            1352418769
           -207897882,             948915787
           -277033055,            1024994126
           -284280916,            1162656254
           -132601647,            1250357654
           -169836778,            1145570725
           -303195167,            1127527572
           -259629245,             915204602
           -268828395,             790909095
           -264661482,             811161680
           -263236571,             856710747
           -149526592,             799734849
              9898713,             873699001
            308034219,             919342801
             78056991,             811623729
             64571497,             807950740
             67618471,             830321217
             92712397,             874439446
             81070636,             933913617
            157052393,             909093756
            186486190,            1003270353
            371082525,            1159763392
            293636972,            1138420785
            205092523,            1141004300
             39949136,            1281780364
            -36119744,            1300566231
            -82573832,            1229058805
             13772982,            1162743014
            136997698,            1159690968
            213175936,            1243076752
            245819713,            1112185876
            345274402,            1115273092
            378435777,            1277427440
            302589993,            1311386844
            371418477,            1279607101
            284880834,            1073542835
            339549350,            1285926715
            362822086,            1304264298
            463001178,            1226504686
            626603732,            1318338132
            312145067,            1220644794
             89499289,            1237560075
            154223309,            1177927486
            123596013,            1107070519
             72771229,            1033287108
             79601152,             974618074
             34999906,            1056453219
           -130176058,             986010794
           -223553524,            1087436885
           -221854693,            1103051972
           -243792098,            1150187366
           -105624532,            1138153302
              6070910,            1305698997
             26468815,            1251778013
            -18828295,            1233234222
             42156707,            1134755553
             -5233690,            1225195666
            -18836754,            1257200754
             53524814,            1182630652
            -60599435,            1085017448
           -144453565,            1167453616
           -183209467,            1129234822
           -181530620,            1227608869
           -259670863,            1288351374
           -286851221,            1336895936
           -431959546,            1282232202
           -461372299,            1253892656
           -484428454,            1262775459
           -510065444,            1358601182
           -446238298,            1448323545
           -551674564,            1375780237
           -577719539,            1323559656
           -476041957,            1339685568
           -470021645,            1197756922
           -395481763,            1147205674
           -524781121,            1243896540
           -634259882,            1401828851
           -673387762,            1466536345
           -615742674,            1410773186
           -534582899,            1475165498
           -342663151,            1473165706
           -366372678,            1627134358
           -300509623,            1504998512
           -443703881,            1637094220
           -411142416,            1702058683
           -355888759,            1657388000
           -345146324,            1565666272
           -315461007,            1734342621
           -215891278,            1690108487
           -205395123,            1679684335
           -179562416,            1727937137
           -141375126,            1764822075
            -76709420,            1755359037
            -87888367,            1728751908
            -80009436,            1786532656
            -22374303,            1792188160
           -134604986,            1748440154
           -139510679,            1806043051
           -151686364,            1703505317
           -197907730,            1830440461
           -125655146,            1773866876
            -63245382,            1752338360
             28991777,            1858529317
            100162301,            1663435589
            -15521208,            1507169353
            -82847755,            1551215371
           -259651075,            1497621644
           -311944389,            1506459348
           -330790737,            1521571503
           -173238561,            1561521202
           -501321239,            1597228719
           -492126321,            1642700551
           -466244918,            1598642938
           -521770860,            1365737856
           -845040690,            1076112435
           -733342576,            1029948698
           -734330771,            1077059941
           -644537748,            1138758116
           -524581414,            1051772352
           -594865067,             960163081
           -621999699,             987174762
           -671816217,             873680574
           -785690295,             948244987
           -621036889,             832193957
           -799517051,             883451041
           -783571006,             836357527
           -702117536,             798800407
           -692022209,             848713969
           -602898954,             886159214
           -556629309,             833967395
           -482594822,             894841290
           -588794574,             920929897
           -622612438,             947642475
           -691770814,             975313530
           -582753731,             995127698
           -537818836,             976027113
           -516426907,            1049528683
           -463123061,            1046324200
           -521562422,            1105998432
           -374459231,             953820849
