                    0,                     0
            128849019,                     0
            271141285,              -8589935
            117758095,              88817076
            100801393,             212958536
            340230502,             179011859
            224478251,             194465331
            142120168,             212849824
            107123336,             272286301
             22348419,             264059688
            154507609,             350515450
            278770921,             497549654
            520023922,             715513925
            465802497,             812106822
           1035911057,             957696282
           1381806792,             648728738
            970114739,             618587520
           1118216093,             357567527
            946066605,             335728039
            935628114,             153602643
           1059189723,             359979955
           1263805504,             365656908
           1376995322,             222074985
           1277357067,             291696009
           1328592646,            -100171391
           1245527927,            -289656770
           1386790964,            -563995695
           1477161866,            -731658253
           1517201414,            -832170719
           1368393843,            -990862044
           1306175682,            -833324270
           1288162485,            -913864231
           1532589100,            -810550093
           1477411132,            -780611631
           1454350535,            -491117344
           1436367006,            -521725945
           1397071337,            -603913884
           1399200584,            -583331144
           1486961086,            -716064617
           1567612438,            -762065928
           1533263393,            -769502056
           1417306482,            -879871023
           1507419827,           -1457235389
           1620661526,            -786066450
           1787202446,           -1076986372
           1991350591,            -704328835
           2063555191,            -534665701
           2171604802,            -518476506
           2238542289,            -383681289
           2423417497,            -301714765
           2373507589,            -238087969
           2492014725,            -192388870
           2430498173,             -14453436
           2343578976,              -1769258
           2439260724,             139938245
           2396066123,             -99552696
           2527873363,             -37708343
           2598315670,              71744679
           2654126456,             148572067
           2843241645,             274139396
           2448014159,             563877495
           2381804136,             762198456
           2465695156,             803350630
           2776901860,             724396394
           2775384914,             949559286
           2779100021,             893604009
           2219048680,             781989925
           1687497212,             678037146
           1606828591,             498045819
           1553193018,             524278859
           1404052527,             351779406
           1288752455,             404308174
           1169805126,             356971188
           1180844836,             468463456
           1200839631,             519373011
           1038932744,             435118573
           1200167576,             671198676
           1107692530,             745152657
           1221290269,             799294867
           1164674572,             780420857
           1134299385,             936166785
           1278328667,             965544077
           1480484288,             821732455
           1586776497,             748162596
           1638519816,             608612650
           1454450366,             613564649
           1601113349,             740972872
           1574417958,             768708385
           1729258945,            1000083254
           1711490184,            1079934631
           1669538965,            1007638929
           1794238236,            1092700209
           1849000386,            1108896243
           1653838483,            1238938148
           1442818090,            1184490889
           1314362081,            1156162182
           1392598377,            1162955073
            880111016,            1439590550
            572400353,            1133183374
            547981256,            1328728471
            481970602,            1391652552
            534794981,            1625511403
            511290444,            1699749506
            561825883,            1637322629
            723576895,            1795036650
            861806586,            1692136087
            906500526,            1519510193
            872019073,            1525651650
            636046627,            1516933357
            783816906,            1317442291
            978356194,            1371272515
            915347178,            1352667710
            943572608,            1291444384
            917883854,            1110906106
           1070140238,             829875765
            959503738,             680642762
            879879648,             689062280
            803608934,             744999804
           1080191282,             786740660
           1228003086,             738402088
           1229573232,             538643616
           1624388273,             488444961
           1862554775,             490552195
           2041602976,             508440379
           2228268101,             419359555
           2073170676,             319165145
           2174394616,             342195898
           2363994814,             572538682
           2255843691,             575222771
           2273550450,             915369837
           2360735564,             769702956
           2441886997,             798310272
           2637698778,             696078629
           2564812098,             699345699
           2717162758,             763306001
           2644872540,             815783527
           2650906189,             780517783
           2370270379,             604961662
           2632691162,             733520962
           2609038311,             638897763
           2619671549,             692651301
           2787754897,             860404868
           2692854057,             841683039
           2679685480,             984495951
           2677491985,            1076205553
           2651352376,             951614049
           2707682062,             918567840
           2852186566,             733807753
           2877450768,             717802449
           3904512907,             896219914
           3704290311,             975700597
           3876316181,             949872671
           3871600192,            1000030450
           3488794024,             950865528
           3556780174,             782315039
           3606145472,             772509933
           3576909876,             561838704
           3532201090,             358097159
           3481091418,             248662408
           3605263078,             188849978
           3481474890,             -37930794
           3368049989,            -337134564
           3515114539,            -470649983
           3505755612,            -546715613
           3719442810,            -534344570
           3784840342,            -579938228
           3970994949,            -582954379
           4005284915,            -747257901
           4117526477,            -737608110
           4015648959,            -698441863
           3879439804,            -794986987
           3828889514,            -717563051
           3986120675,            -858855775
           4356454001,            -920903152
           4159383472,            -918725193
           4096603111,            -711259367
           4224209837,            -784302599
           4229286898,            -833314334
           4107347042,            -738505795
           4252310487,            -728203854
           4246852365,            -716837875
           4101038269,            -622311311
           4070133542,            -649025254
           4208293909,            -513501798
           4143785497,            -497338223
           4077153798,            -187576373
           3982322737,            -191532386
           3595051989,            -583395066
           3604185184,            -263335261
           3666734886,            -485857652
           3701748508,            -626251567
           3675182375,            -616477921
           3874975390,            -943632707
           3738476293,            -841749116
           3696539886,            -731601417
           3498616584,            -859917086
           3336164912,            -764681583
           3191601541,            -772305669
           3220332596,            -877102140
           3203758163,            -749904317
           3142398650,            -933797309
           3350613157,            -944978113
           3435043026,            -924177572
           3483080561,           -1236437790
           3498028759,           -1404911560
           3378548532,           -1442352547
           3447787986,           -1575322592
           3406696786,           -1565703189
           3636375067,           -1266308907
           3558898419,           -1055789875
           3520011969,           -1207584746
           3624983159,           -1234540323
           3590704737,           -1275179492
           3491138129,           -1390288680
           3513334794,           -1364517498
           3277332691,           -1155468210
           3163491562,           -1189710070
           3031996709,           -1025857787
           3212868070,           -1130446600
           3112421766,           -1034169016
           3211208586,            -906663413
           3018645047,           -1019935982
           2934782427,            -741903762
           3062073202,            -920622101
           2940666472,            -932396021
           2981115475,            -828680578
           2981318990,            -665702379
           3251003496,            -825813029
           2972085412,           -1027191400
           2894672761,            -693007625
           2768017623,            -925040703
           2702970476,            -844233540
           2538225653,            -884161445
           2627899466,            -805948380
           2789620825,            -718645228
           2916833951,            -517691088
           2888605843,            -559359506
           2652654601,            -473048049
           2545367701,            -540181966
           2651701434,            -305616698
           2620796062,             -95565730
           2517258543,             109895568
           2827572653,              84176962
           2718507103,             218885656
           2491847315,             156767316
           2433226476,              56736839
           2303350263,             226979113
           2326697786,             283339646
           2465708916,             167925297
           2451024494,             153940888
           2303894253,             -20430061
           2355367886,             -31458539
           2784676291,              19020105
           2669134592,              -4697900
           2418831340,              71187826
           2520935901,             -42854239
           2481787942,            -147102219
           2544019583,              72501323
           2718712595,             114871504
           2755858801,              63670289
           2586326131,              84633820
           2652150709,             -20531611
           2685905731,             -74557432
           2757244821,              83534867
           2974663578,             -58614461
           3056977951,              16224040
           3248239171,            -165040393
           3487878002,               1040924
           3415703723,              80975690
           3389509546,              18184243
           3400021957,             147384238
           3491849329,             126278525
           3377162522,             162672352
           3194043442,             167718348
           3219910982,              10424446
           3217697453,             145781515
           3341294832,             -87544244
           3464007475,              48789770
           3424188860,               4877920
           3531804714,            -129311134
           3613858330,            -168181157
           3626587676,            -318776138
           3652989886,            -212951823
           3707461697,            -247976106
           3699336709,            -297541488
           3999061736,            -392689264
           3916458488,            -341743461
           3944003120,            -329040280
           3898679131,              91011456
           3683764063,             152743134
           3813275778,            -113211523
           3411531852,             -45186229
           3215493743,             -67624313
           3146635396,              -6165476
           3194023549,             154139420
           3322666674,              37786164
           3159021625,             414568787
           3380555826,             327376945
           3557781794,             249240067
           3523444495,             350300155
           3475578733,             105740267
           3573737243,             236878580
           3486729938,             349383218
           3554727018,             218077301
           3553823029,             155145418
           3535957516,              98687821
           3412799105,             372407209
           3201218078,             270013436
           3249095109,             112800912
           3323275501,             102573608
           3207439622,            -217696447
           3050999559,              43035621
           2899996805,              94802100
           2872291548,               5295173
           2818300436,             -24280948
           2741564054,            -202028191
           2980398767,             227980861
           3317619617,             245328074
           3477915955,             145596077
           3432923560,             325221094
           3395089171,             399909901
           3486096972,             604038789
           3450719769,             710177789
           3446909296,             656076263
           3587307159,             917886595
           3588013784,             714774189
           3660159578,             840984411
           3802761859,             853682690
           4004926548,             785025649
           4027466459,             567396274
           4136065111,             607883727
           4107678624,             528551872
           4141939215,             480683956
           3875304136,             484615076
           3788747483,             338639730
           3878641969,             128250296
           4038969523,              -1845818
           3990698276,             -37122535
           4248222083,             214145072
           4004178146,             161681481
           3959433834,             474728322
           3971515086,             254885246
           3831620866,             103797739
           3918773935,             108201720
           3879998181,            -349151717
           3702963331,            -586239780
           3903399409,            -546252544
           4086060291,            -596387821
           4288949929,            -762389391
           4417045803,            -853912156
           4378182842,            -815800601
           4218061962,            -384902250
           4026473803,            -410268186
           3975112979,            -352050636
           4125131811,            -303406115
           4164759324,            -375899302
           4305874725,            -349242280
           4752985802,             -88517716
           5046371551,              43971344
           5102941503,             189217553
           5164643142,             214839646
           5068426837,             317176798
           4950309008,             -18503408
           5069924447,            -150570031
           4985030923,             -57134074
           5013435379,              97235323
           4878749493,              19941168
           4959294960,            -138416793
           4967419463,              85043037
           4812124367,              27217879
           4945316037,             134663397
           4999038449,              84872811
           5135585432,              93915003
           5041736603,              27713678
           4991598774,             -53774669
           4820624833,             180099017
           4764414706,             -21209725
           4706807200,            -130297206
           4694462291,             -35750544
           4740766027,              90000815
           4634096619,             121206345
           4694230483,             197158233
           5001829016,              36035861
           4949680755,             230069175
           5038862396,             472063054
           5052339997,             657558612
           4906256883,             775264094
           4967185736,             853293171
           5082578986,             668704854
           5184454906,             678088489
           4969675109,             619457869
           5079655279,             600842286
           4920960423,             550458054
           4941292059,             632173795
           4901205227,             439839344
           4938378929,             552313412
           4991523533,             684779910
           5139887485,             356411056
           5186171075,            -348939486
           5535298746,            -490115501
           5160480323,            -214518361
           5032638711,             -42308930
           5136251620,              18977138
           5222358312,              22275818
           5040477350,             200132909
           5404370018,             189072198
           5643898470,            -174731076
           5865012415,             -82811194
           5602275592,            -142391278
           5541184900,              80151223
           5628115296,              77688862
           5585791803,             370377012
           5481981709,             486325614
           5501583519,             574339243
           5507046150,             653671093
           5565651640,             554616006
           5671287636,             685172354
           5700863456,             735922325
           6016279284,             628810771
           6075484325,             797830556
           6001201505,             857166417
           5763971230,             767822963
           5935609940,             660620925
           5807784858,             657161367
           5827179194,             804587583
           5717973144,             806666500
           5767968145,             815996994
           6005251304,            1192159141
           5766272260,            1213118700
           5820804046,            1050597447
           5832874092,             941586540
           5663076988,             791970054
           5796288886,             915971896
           5747227590,             757032590
           5681360257,             785410863
           5638707972,            1034035274
           5515239502,             918540667
           5529695752,             755253942
           6055434508,            1092557163
           6058310551,             891583777
           6080957422,             855812766
           6304561354,            1036812868
           6069599673,            1098921797
           6193469744,             935593292
           6103870752,             891950131
           5927705785,            1085595413
           5954968117,            1214928314
           5922442695,            1282906184
           5649849913,            1265587749
           5706550135,            1416062471
           5716225939,            1681754543
           5676597289,            1430077112
           5658643256,            1263839408
           5640242846,            1252629065
           5342370145,            1182713490
           5467853186,            1252904256
           5477588121,            1145699037
           5483172931,            1207093686
           5205939790,            1224831243
           4905899905,            1318850336
           4871650587,            1201509625
           4659919494,            1332418673
           4685273317,            1232465075
           4914554165,            1170386068
           4583704227,            1451305422
           4388665287,            1201651688
           4195534623,            1205351127
           4079408352,            1114657525
           4130821279,            1268004514
           4257292556,            1279156789
           4135936201,            1205559180
           4181384522,            1068116709
           4024240637,            1064035681
           4155396739,            1188767029
           4121757680,            1294871285
           4239170834,            1257989708
           4247322828,            1337521615
           4304512235,            1461465736
           4076941537,            1477595159
           4145447661,            1627841410
           4151062665,            1497264023
           4215171519,            1377333262
           4096987112,            1542983893
           4240251361,            1642628998
           4343224378,            1442095120
           4525226592,            1335511271
           4428071031,            1545039983
           4444536254,            1381132056
           4608389244,            1383962667
           4657854172,            1365622188
           4671798347,            1498439965
           4690255455,            1494615455
           4876777413,            1665615648
           4878898527,            1709330699
           5344335425,            1309044408
           5229887994,            1659516469
           5446429557,            1760751886
           5347698806,            1901851480
           5255083231,            1987604437
           5160945170,            1913342044
           5089989142,            1948392525
           4936466265,            1422545102
           5116029956,            1239048631
           5009156604,            1404748208
           5094330218,            1485298599
           5064993767,            1545220919
           5062389778,            1369805480
           4980049411,            1367304258
           5110003532,            1180316338
           5171567809,            1228919490
           5102327496,            1442729457
           4570396128,            1354157853
           4768834462,            1139587077
           4891700596,            1071670331
           5055086384,            1108277896
           4930144535,             953507636
           4794343659,             802656991
           4890888673,             655107537
           4987592055,             609037783
           4949067091,             756825540
           5047518273,             696257694
           4897067664,             683086979
           5072619109,             670905144
           4906026306,             605987791
           4822748951,             659848328
           4868094625,             631102831
           5066047505,             289886726
           4863377462,             271231525
           4957447015,             187440726
           5023991621,             207275163
           4862719554,             132715777
           4998737792,             294238717
           4838340462,             289272391
           4784220506,             261460329
           4807581562,             596794686
           4923039342,             480818621
           4879687143,             512212978
           4676728153,             491161170
           4994471531,             815157369
           4800919658,             729653783
           4736822671,             723404014
           4740632306,             971638827
           4422521704,            1189607873
           4419400818,            1329869383
           4807551880,            1058447150
           4789562847,             740599430
           4648350313,             609914451
           4728542683,             581348360
           4615995306,             403676318
           4251838019,            -490604874
           4752455390,            -172576569
           5007075457,            -255205652
           4953426706,            -205255241
           5317536578,             877708017
           4931058942,            1406168405
           4687721392,            1246525176
           4656256034,            1124123919
           4664993816,            1140507033
           4804938128,            1278715973
           4803060234,            1258890096
           4549358838,            1238236355
           4634815492,            1195216216
           4551738337,            1142673972
           4679056251,            1037431891
           4308688882,            1031200582
           4151077417,            1105472739
           4228095455,            1039469021
           4134932770,             968704001
           4167372811,             980252352
           4462530404,             864110213
           4659793510,             952337138
           4759373498,            1047137190
           4415208674,            1427771479
           4285130319,            1663420597
           4195768025,            1819084348
           4024686386,            1701659427
           3916524471,            1460244795
           3977453949,            1497959985
           3915155832,            1600183101
           3962668876,            1617634248
           4048839412,            1618009869
           4035499084,            1543749136
           3718346854,            1365829403
           3844506149,            1542691733
           3801974145,            1730747128
           3868743328,            1568962010
           3802202197,            1390285279
           3838358694,            1376980521
           3652470273,            1181133957
           3544543942,            1205971077
           3519726383,            1047865229
           3340859330,             941830824
           3524781012,             945125841
           3640288768,             933753342
           3478802864,             981515257
           3388320292,             971557646
           3510316165,            1056310171
           3611202538,             884345340
           3726624023,            1000285469
           3707793964,            1135573055
           3829125201,            1101756134
           3901518010,             851444558
           3986415111,            1036214994
           4104994966,             916278664
           4153219255,             927862044
           3997661672,            1019427709
           3938913366,            1261914247
           4064480317,            1415324643
           3913803501,            1234719145
           3654242541,            1198930213
           3587328362,            1056448725
           3735893221,            1085815130
           3850820309,            1036309342
           3740356774,            1126317452
           3735494673,             970394303
           3690066883,            1045473539
           3527351026,             859032394
           3342050222,             959190620
           3329324199,            1049123742
           3371066943,            1219341035
           3245595553,            1130489736
           3238752011,            1096151621
           3100900163,             779410200
           3715097786,             143511481
           3400781630,              79734973
           3186546873,             282286578
           3029009084,             329010340
           2888112322,             381533407
           2835902613,             367664733
           2957190479,             152125515
           3112193393,             165568838
           3020515517,             121202084
           3467006087,             157861485
           3255477560,             453005521
           2870366339,             428068795
           2650828427,             578722824
           2745564308,             696119646
           2834635953,             468140297
           2845473698,             612419211
           2951203520,             595267498
           2989395613,             748548160
           3038291811,             776095894
           2853272806,             574169504
           2909306574,             719785442
           2902034423,             666523045
           2779241753,             996230120
           2890495487,             770481809
           3095269969,             845949042
           3024364403,             930639017
           2958814492,             870691465
           2905678742,             803103904
           3185007567,             905135933
           3324148854,             991935285
           3291895889,            1034376642
           3341094357,            1286431076
           3707428694,            1545789008
           3576766259,            1508456283
           3807915688,            1520185854
           3760287331,            1619219552
           3677815850,            1619109845
           3571262371,            1523106750
           3483414165,            1518458007
           3441291461,            1466359501
           3361895105,            1622190457
           3394677162,            1504398428
           3184078749,            1239348168
           3353864015,            1355817332
           3459051442,            1141360373
           3402050846,            1027626892
           3503667178,             955303267
           3661788236,             663534070
           3636070919,             519517251
           3531408967,             319707868
           3650826432,             358135566
           3824198594,             496550823
           3720421996,             634804967
           3758755070,             690333900
           3682413872,             411444486
           3757433861,             428351769
           4140803609,             162020740
           4352279358,              96436848
           4106773128,             315479154
           4139619956,             141196959
           4002209931,             211202240
           4120362045,             510957710
           4260041344,             309732553
           4497255618,             146877618
           4250499558,              91464332
           4105639265,            -104832721
           4222843110,             -78026005
           4249083706,            -147080733
           4427535005,              67887907
           4545006200,             -95831225
           4435202829,            -159508938
           4475368054,            -187093769
           4233517451,            -178129261
           4171077246,            -181357004
           4740863342,             184575081
           5100629192,            -226300061
           5372662206,            -579109549
           5642206052,            -570281271
           5741256017,            -678557875
           5394270514,            -532206528
           5394299887,             -98148455
           5268098697,             199223516
           5116459679,              54341132
           5187221321,            -104678708
           5097658461,               9972837
           4931045074,             -69145583
           4774325397,            -189583409
           4818244711,             -85134428
           4899121194,             -17067993
           4826867857,             -19274639
           4559518796,             -57392862
           4758907244,             142834551
           4622670876,             300634287
           4735477178,             407872902
           4818776834,             323223423
           4732502496,             324953760
           4784077000,             429829796
           4842798111,             438218187
           4697321432,              45235766
           4897931026,             -41714473
           4952011348,             -62964723
           4839970173,             124847421
           4790693383,               8139725
           4732737197,              48603475
           4888525969,              -2966485
           4925210673,             199927294
           5069936273,             218362209
           5370457548,             172578086
           5489409890,             -70164989
           5449503997,            -557471825
           5474232844,            -804526010
           5325326345,            -879097370
           5282761872,            -662613340
           5062189465,            -655258083
           5251859848,            -635459286
           5473276289,            -360043706
           5596214392,            -378188133
           5537220439,            -358840490
           5638202007,            -113167848
           6028847089,              20591120
           5912569418,            -230604057
           5976454513,            -365404878
           6005119908,            -422564859
           5975975900,            -210904571
           5965481867,            -362546430
           5771508424,            -642524105
           5956355807,            -733446765
           5996833017,            -498687156
           6092033179,            -545675336
           5790324881,            -651848745
           5765619175,            -607353516
           5137796553,            -735753548
           5344986765,            -766363696
           5100478442,            -749674640
           5033190382,            -362914792
           5216367199,            -213048744
           5119797620,              34769452
           5150788968,              62855076
           4556796657,             576090123
           4597088131,             379224095
           4651792493,             367929665
           4690215641,             112036062
           4487730254,              92648599
           4547651116,             163770000
           4199482677,             129506443
           3973084825,             219405736
           4138449758,             219259924
           4241952133,             169147604
           4190856084,             249599932
           4251833013,             262319814
           4265087522,             138039856
           4232806423,             350251979
           4379176785,             302410920
           4463320123,             230909242
           4470970404,             295321916
           4225628716,             375044259
           4211067935,             434531691
           4366310847,              78642983
           4355859431,              -4388100
           4393102885,            -445422177
           4436548294,            -228449909
           4516354908,            -313074604
           4741553133,            -297744331
           4723330596,            -198275923
           4761366375,            -225707951
           5004459550,            -372782369
           5082569584,            -473785875
           5056771898,            -424392691
           5346334115,            -185640108
           5197218818,            -115489036
           5233591201,              -8621241
           5164308209,             -46204935
           5534021620,             -30590897
           5482027718,             170160286
           5621002130,             257038059
           5677847917,             311672255
           5430750568,             457726885
           5452464351,             521652803
           5343500795,             324492999
           5343719035,             376979763
           5611500717,             515513912
           5648233499,             783378913
           5754986809,             857036401
           6143282864,             901388709
           6116121562,            1255604263
           6290901026,            1182480059
           6148632801,            1263111142
           6119736975,            1394595539
           6114530043,            1117297115
           6036045159,             858165683
           6100717650,             727498003
           6051186313,             753059936
           6131910494,             913273738
           6143719284,            1022867882
           6042697216,            1105848068
           5915693976,            1098381828
           5786492586,             998174837
           5756889994,            1289298344
           6268605165,            1757537695
           6623427591,            1602556804
           6338220585,            1525269275
           6087628493,            1702340946
           5949343242,            1510206056
           5800712047,            1438365138
           5905954598,            1642131801
           5951119492,            1827853397
           5960590449,            1695316951
           5990051441,            1674085823
           6172273153,            1437407764
           5950557837,            1583346588
           5786121817,            1632361878
           6134867583,            1933432491
           6253462610,            1931908724
           6294899269,            1962016532
           6327515725,            1876928425
           6395242821,            1903131963
           6507969619,            1829349790
           6482758665,            1864810486
           6114721072,            2548486108
           6072527850,            2828333725
           5958501683,            2920261732
           5642400777,            2743727804
           5692564095,            2507136105
           5778414526,            2365014868
           5931501144,            2373286219
           5852421392,            2155953709
           5927787937,            1982505889
           6106874712,            2008375715
           6088304894,            2125272998
           6140545836,            1881503544
           5897894135,            1774577250
           5936258581,            1811198812
           6136838402,            1847999922
           6053873923,            1319672757
           6212962036,            1104103384
           6061530948,            1243979682
           5951573010,            1313950863
           5952157644,             744137417
           5515511445,             705398112
           5240152444,             721777112
           5129957727,             613053577
           5200831723,             747756551
           5133417686,             794985707
           5138090847,             904228025
           5184260024,             960812125
           5229595502,            1228463731
           5260650563,            1088412288
           5331886998,            1076500002
           5247300024,             908357455
           4913510942,            1089611390
           4809136599,             908924285
           4860818653,            1018876916
           4869076622,            1060577494
           4845481180,             832713021
           4724601502,             890424143
           4737354082,             997566753
           4653961869,            1038960279
           4830057397,            1172952531
           4848617586,            1275477851
           4890678034,            1330000030
           4720637740,            1436082761
           4605725102,            1427189396
           4549921738,            1559352506
           4622374344,            1612728055
           4652324113,            1590337877
           4417066258,            1657833229
           4303318001,            1595096632
           4465178206,            1416887791
           4296834374,            1349485385
           4325255771,            1258841784
           4335665898,            1468343860
           4395859303,            1555476670
           4450820736,            1694292095
           4409884935,            1331861330
           4639702134,            1305321802
           4725376141,            1170663731
           4866677181,            1226580806
           4759105768,            1070569249
           4778146645,            1392449622
           4882475663,            1419135151
           4795874105,            1036083914
           4602527783,             851110501
           4753348191,             919592266
           4739768903,             839084542
           4723131433,             777481810
           4939771272,             863607054
           5006996224,             859871591
           5071348159,             729189923
           4991073923,             724358136
           5114897088,             773565507
           5116899918,             725715087
           5035918923,             834166911
           5067206118,             897382353
           4927972095,             855814804
           4997020147,             970087020
           5005618438,             904394469
           5069222914,             666026244
           5269192031,             620511169
           5180238326,             559926986
           4928382020,             643767595
           4963559433,             774523703
           4746825781,             988310161
           4617271884,            1176100017
           4599143711,            1286342031
           4706390495,            1156202969
           4704941236,            1172080529
           5501162496,            1691469479
           5061321585,            1224580474
           4782057945,            1194015500
           4697774420,            1202563114
           4804061275,             823744237
           5176162567,            1060864975
           5433757683,             878936295
           5358152622,             671332574
           5140230480,             711482251
           5179749472,             813057299
           4950725859,             823945680
           4935547090,             931750989
           4912746968,             845165739
           4837176682,            1095762874
           4781182125,            1014206681
           4850604920,             605941071
           4996604446,             638325745
           5122028281,             530144084
           5066766733,             418340687
           5185348737,             319851771
           5178775326,             441635167
           5187703455,             493671430
           5117511888,             711979457
           5217339313,             629200819
           5212987063,             554617387
           5405904867,             548438442
           5439031999,             456993743
           5491664991,             594258991
           5442329960,             507382959
           5503182784,             504402057
           5728171374,             253646999
