                    0,                     0
                    0,                     0
             25125558,               8332236
             68692167,              28159874
             13672088,             161370393
             25256878,             296888134
             91098175,             240554359
             72894158,             267755806
             26542720,             359021470
             19337117,             387503650
            -87485429,             496983190
             32220730,             491584658
            152815309,             518020886
            361244727,             599982545
            379057340,             728439606
            790268281,             543324110
            823529491,             453418341
            637951567,             506121907
            592083345,             378451544
            460817250,             405204172
            359859762,             359780035
            509534485,             476588062
            626209713,             414126210
            609165055,             274960209
            559766182,             345298886
            469118405,             145976180
            345730122,              67681678
            352865084,             -68003368
            336166161,            -225286081
            291216848,            -311833650
            264680587,            -306229166
            183582702,            -139492133
            131161363,            -175307975
            270161365,            -214768130
            257610356,            -157617940
            305595318,              40852631
            303736692,              37484084
            140008064,              32872979
            138933040,              44094689
            118214845,             -59810492
            127509936,            -113959617
             85328738,             -95975128
            -53881599,            -146702873
           -227361715,            -360165871
            -82590138,               2803003
           -148204917,            -144050602
            -89529677,            -140159768
             -7491752,               8867387
             47363954,             -40648738
            108711375,             -11529604
            196048889,             -33513260
            183386029,              63880458
            221084496,              41888158
            225872788,             165987993
            146490004,             223675481
            185997796,             271841292
             59620763,             231123021
            162750600,             211951324
            260574123,             268898607
            337264066,             302855564
            418560822,             295475124
            393001188,             398814663
            403643988,             584149780
            489276048,             568353271
            535251860,             492843909
            605637595,             730632305
            580110610,             688831720
            493441548,             716053561
            417330424,             726902414
            268978856,             659304199
            228478107,             682765309
            123136606,             671283589
             31318172,             746431436
             12390413,             769147834
             28732546,             889039475
             44246641,             918684711
            -63275644,             960074196
            -10312808,             990473346
            -12881418,            1079021857
             35059941,            1110037410
            -13417080,            1137086502
              3856721,            1313945149
             46376919,            1307695446
             99837107,            1131685260
            141180905,            1042846060
            114079183,             953536008
             50340853,            1044271928
            215337341,            1107967925
            216631320,            1127184240
            282467466,            1146585804
            249965378,            1189524328
            179142525,            1190436465
            305754944,            1225988360
            349090002,            1216782229
            331041289,            1253168804
            219419750,            1277127388
             45936020,            1340000305
             96790177,            1319814445
           -106792882,            1550541240
           -174059200,            1559569501
           -135014032,            1718600601
           -172577524,            1789100805
           -154382458,            1801005164
           -228753034,            1903875852
           -262229575,            1851923860
           -121957072,            1936368543
            -82593634,            1914203342
           -189490348,            1807758602
           -214929854,            1819703785
           -334495938,            1846649788
           -380683464,            1662607327
           -343170800,            1658146578
           -441090901,            1668744019
           -458751070,            1595663352
           -512731634,            1489979746
           -504053653,            1378246287
           -588994155,            1354579071
           -671648311,            1409958917
           -706041958,            1462442598
           -514650335,            1389945913
           -414999815,            1294291621
           -480640259,            1193401596
           -342961870,            1085649619
           -201745114,             995159512
            -60849842,             933065609
            -11814382,             883428977
           -203315907,             895286701
           -121086912,             869977319
            130978451,             981048483
            107048388,             994704756
            165179762,            1120714772
            179010136,             932512114
            208192384,             927218084
            291843114,             810171461
            244675904,             851796343
            281453219,             847425398
            198538804,             943991085
            189671088,             911032950
            158173089,             913345953
            223248257,             938014764
            119576373,             892639306
            139064135,             930263870
            273698355,             987114084
            241575950,            1005148878
            271634914,            1086781318
            269827468,            1131907807
            178379469,            1044843214
            213690069,             997993564
            232800411,             789521791
            248666081,             764150367
            271659518,             755849502
            169268939,             875990248
            266118567,             800469716
            281331313,             842031311
            233785560,             846734397
            192533221,             688514424
            244301100,             680123961
            178586836,             606095522
            116679665,             487486446
             32233835,             384911434
            115388465,             288941731
             33918054,             218149001
            -38013026,              90496841
             17124847,             -65337737
            -13898895,            -103291552
            142283274,            -127279253
            153402415,            -211587192
            217331568,            -220417805
            156789386,            -321052343
            247234976,            -341272334
            207383977,            -309638073
             71243174,            -329178805
             35910390,            -241311461
             70885224,            -342102591
            181010994,            -416700855
             89670770,            -374043036
             86037233,            -275750413
            138480016,            -351356735
            106930864,            -417630362
             75802895,            -387713700
            185034523,            -443707872
            189004788,            -438120753
             56930586,            -333478877
             35343314,            -340503745
            185530714,            -280915231
            144548898,            -240358584
            208837346,               3927446
            144260889,              17200348
            -68060307,             -41046805
            -32807394,              86518173
            -39893243,              -4986611
            -73637876,            -131941681
           -100032425,            -115730779
           -108230109,            -228975693
           -191743291,            -121101519
           -200483579,             -46862847
           -343369230,             -56935664
           -388100360,             -16480408
           -501743237,               4650869
           -509314071,             -87053502
           -494023843,               -155503
           -562385565,             -87668472
           -402738255,            -147129461
           -329984425,            -169504575
           -347904644,            -318125315
           -388852578,            -394107949
           -476810044,            -423483056
           -455176951,            -543646927
           -486679700,            -516081420
           -338596329,            -458686694
           -352404555,            -356666267
           -382758672,            -433939634
           -325555640,            -494942917
           -361987271,            -512440832
           -498559715,            -569475475
           -484230597,            -556491858
           -553485818,            -358344595
           -623788876,            -353727126
           -700359242,            -250068168
           -660323436,            -339779700
           -734632724,            -207458508
           -629591505,            -151213577
           -757332660,            -180839012
           -773908493,             -48491521
           -761081793,            -121750836
           -871864041,             -88546191
           -806040206,              -3747983
           -767204181,             115699038
           -627038083,             -41867363
           -831013957,             -51700482
           -834316897,              64822119
          -1012563155,             -55828384
          -1028273115,             -30308823
          -1181734359,               6562078
          -1064792817,              54176490
          -1003937491,              66306267
           -834355383,             152694754
           -858488063,             131307610
          -1012307705,             247532067
          -1096747465,             223084196
           -955770177,             359934451
           -898912998,             497926937
           -941619001,             647028432
           -714653794,             539730268
           -735436969,             588822484
           -901931712,             572536051
           -963197638,             540166220
          -1018637549,             709033838
          -1013023383,             724262039
           -940985437,             571084180
           -952586235,             563631890
          -1133370109,             477742093
          -1090795900,             451858470
           -745487502,             385469825
           -782585253,             388658215
           -899394450,             449159917
           -840841198,             351999614
           -907183618,             296442156
           -854969728,             355776978
           -718204685,             383594896
           -712066478,             344028923
           -812510276,             357394356
           -795461416,             278378696
           -782738221,             210623995
           -750362629,             265030285
           -642080097,              89408459
           -544619797,             142838748
           -483586501,              11313614
           -446870862,              14337436
           -512721857,              91450557
           -547718442,              64023724
           -533468328,             148202963
           -477763359,              97198979
           -547905654,             150080370
           -652509069,             169323214
           -670280580,              40404750
           -651036267,             155254095
           -644387799,              92844283
           -524520029,             175128229
           -557770727,             159640902
           -489437951,              25530153
           -436623417,                505846
           -464483727,             -44768487
           -435767156,              52906245
           -404061344,               7424912
           -417072950,             -26141566
           -379419311,             -56656125
           -467146506,              39500113
           -441446369,              43532968
           -409970730,             264494395
           -584776284,             371406140
           -540523736,             154558731
           -580399537,             178418124
           -699545718,             188203309
           -728371785,             261880091
           -664277173,             397846145
           -619275589,             295701830
           -644390886,             448923764
           -516356693,             383720786
           -392194497,             265397740
           -414691413,             319471766
           -527622856,             193441946
           -411737017,             293424774
           -419774196,             310848102
           -385691794,             226046025
           -396686667,             159862999
           -425495381,             111107869
           -458998418,             196165654
           -568161105,             177486844
           -554476801,              31028904
           -497365118,               6332814
           -565372501,            -124979880
           -580966675,             -57755558
           -642350731,             -32000143
           -686468831,             -98242709
           -751964819,            -136135860
           -828997938,            -226223979
           -691177841,             -75944781
           -393665438,            -171076714
           -370051763,            -199415665
           -379281257,              18610539
           -384561321,              58710987
           -320685807,             139569720
           -310125315,             241163997
           -325192499,             203363777
           -257787447,             327906247
           -308689114,             221099825
           -237658854,             338078246
           -132218690,             316350055
            -67539825,             277527987
            -77376066,             172586787
             22512882,             205310956
            -21833845,             142191961
            -14892392,             121108697
           -263352962,             172215178
           -317151581,              84901814
           -294706554,               1046730
           -159772671,            -126078740
           -211611735,            -138368661
            -14740414,              15523843
           -134425360,              33665733
           -109481485,             302031660
           -108183868,             235650739
           -305196869,             107183687
           -232091239,             107408343
           -295335312,             -13725399
           -426704406,            -138821788
           -271314010,             -86248953
           -168538275,            -175810478
           -114917981,            -225617340
             39443299,            -332659720
              7563675,            -283988842
             11180277,            -256805644
           -111940329,            -265724679
           -143771958,            -220474341
             -5013494,            -219320449
             27706204,            -287781473
            183675789,            -306701749
            296225718,            -250453052
            388085290,            -220045553
            463953920,            -118767271
            545395136,            -105911938
            519673748,             -54038797
            465173360,            -177878518
            528048260,            -251470785
            474457756,            -168528591
            553511700,             -58862715
            440083081,            -102052549
            463392851,            -179788056
            518294202,              28665615
            472207335,              17474312
            591376133,             109507248
            615165511,              69979008
            714911970,              65571846
            633647495,              13773692
            586756263,             -39632053
            548214904,              39908864
            506646838,             -42876201
            460056726,            -114154720
            454172033,             -54601486
            530337109,              40721248
            440136164,              85687245
            492678312,             119096353
            729927906,             -47742786
            695664967,              46334409
            793452477,             164969301
            810399611,             260273875
            707834525,             363190275
            768818833,             403886510
            849839656,             232361893
            889221799,             228739345
            743528435,             200746528
            811023272,             183760002
            684575073,             150119783
            711901648,             190462210
            680483010,              39720149
            710811757,             135473176
            829302643,             266240499
            885168884,              73837272
            847353149,            -312890732
           1051298306,            -383823648
           1009196156,            -340466888
            954182450,            -200424229
           1043133930,            -162449366
           1130101419,            -174102332
           1011740681,             -32983628
           1249005479,             -83976450
           1326523103,            -239682000
           1460457027,            -189153577
           1334587428,            -210172006
           1292093586,             -23125991
           1342880514,             -43438647
           1327062209,               7780375
           1276400627,             103553486
           1297981178,             165469226
           1337372330,             219669540
           1363607420,             162732818
           1441760223,             296785307
           1482230448,             332842273
           1531769582,             313154875
           1578998822,             453772123
           1531267488,             527962241
           1443899284,             522322487
           1544804897,             455683203
           1467276862,             456616061
           1472529825,             546717142
           1372744896,             579918897
           1415014227,             577267609
           1463357553,             649576869
           1346354343,             684886419
           1359051260,             565098477
           1374790116,             482588175
           1258236083,             371334625
           1305664841,             404637860
           1235013819,             247139103
           1194579730,             261871631
           1181792734,             480306577
           1059606407,             404473355
           1074518953,             274768879
           1107700736,             286105750
           1099225003,             141099466
           1133206387,             112955583
           1252678633,             181004032
           1157650155,             225287689
           1256888339,              88852544
           1202666914,              60586016
           1129500240,             146947258
           1177554758,             268272207
           1168368493,             313081232
            956145736,             337601562
           1011121273,             470468659
           1026903539,             545339441
            994947106,             441734660
            999162814,             292587830
            988944507,             284722279
            852646533,             273482542
            932201951,             295017257
            943453679,             213850678
            937224571,             280190686
            826202678,             288210195
            604606033,             439100483
            588633928,             395521435
            438060828,             486710316
            452076330,             381076107
            623077131,             338159043
            519441233,             415380669
            418155583,             340467597
            300350130,             348115719
            223774718,             298510423
            261490852,             408384485
            329215283,             416582576
            217713339,             360946207
            250804729,             260893842
            168300288,             271045672
            224877112,             316121002
            187830938,             410000604
            258653017,             379998765
            260585858,             460175580
            314407455,             563520513
            236294477,             585131331
            284491273,             681028135
            280015805,             563128502
            327756550,             488187074
            254102981,             618638430
            351536386,             704945599
            417890515,             548861008
            503047076,             487580460
            418158891,             636071009
            414847232,             587711784
            552269134,             610012922
            580791695,             597070913
            567410640,             728650285
            578996010,             722612070
            726213146,             900854955
            743528089,             941520437
            960643991,             826328879
            932612764,            1000612776
           1007580466,            1069323603
            974444923,            1129962156
            887451119,            1201707696
            776185548,            1152697291
            727548363,            1179623018
            684781194,             956203721
            779358816,             859935560
            753300573,             913365865
            832210467,             994777011
            814014486,            1031795175
            782118895,             868156206
            729526852,             868659288
            828943401,             747860276
            890488795,             805231653
            788540431,             975475969
            676829711,             992631721
            784701866,             867977756
            872165776,             829317282
            974753884,             867937157
            866741773,             773190119
            802073257,             693472564
            862338712,             571501530
            915254847,             565632643
            887348863,             663702868
            967642709,             591550048
            841624839,             567721070
            880371576,             570710033
            736640406,             512139814
            662987846,             562725972
            690540212,             543409089
            742232019,             457631121
            645129113,             445320374
            723894398,             372639441
            768258055,             394184309
            652209363,             351015353
            688565404,             419810524
            530791590,             412484686
            488414876,             389719049
            492436468,             434922828
            619547372,             376795066
            580774707,             406124873
            447194616,             427778477
            483287175,             476396031
            353647512,             396103604
            275541844,             393705953
            273507890,             521178943
             39208298,             633841416
             45688292,             761386643
            188838451,             679803805
            188302986,             552203042
             93486609,             435676136
            179819326,             400357306
             87945077,             245031765
              3691674,             -23544263
            138042471,              62789377
            400549586,              -2370404
            340409943,              34015209
            419594379,             277454242
            354906167,             373034411
            324750643,             350700904
            290450896,             242339916
            300682792,             254216335
            415862095,             421298981
            417803889,             412572611
            320334530,             407943812
            423519702,             346548229
            366408867,             307461028
            440899347,             245734570
            341670641,             234223620
            275689581,             266139415
            344376960,             230289945
            267114420,             187248303
            298603391,             199898233
            500051055,             122568984
            642553850,             227806113
            693385753,             286584915
            577155324,             396831854
            440819374,             562427480
            345340559,             670305249
            295094687,             623890037
            180408097,             446407285
            198514852,             459225701
            172293299,             536305609
            203798292,             572023208
            269766398,             620938454
            267596208,             574120325
             38289638,             447372185
             84348578,             527528300
             41093119,             671416251
            124048888,             558330489
             49858801,             405390357
             58174335,             405301723
            -34720672,             269923440
           -132716271,             296369982
           -143293516,             185826849
           -251373127,             129002028
            -81983165,             121976122
            -49926437,             130085804
           -172981965,             135857334
           -260671293,             136203502
           -171221350,             214321783
           -109876379,             125722300
            -55311256,             195429641
            -78729612,             318358000
             10939483,             349068944
             44660906,             170900359
             57943578,             211932982
            129224239,             130071993
            172442872,             149371914
             71654510,             181531529
              6698120,             366212210
             79455495,             517019016
             48463088,             451362276
           -108591911,             436309480
           -142237781,             348759720
            -29619179,             398097433
             24432798,             381382862
            -80814495,             438239021
            -62480054,             335250770
           -126585881,             407513581
           -158720607,             366463388
           -302788227,             408102098
           -314141756,             488837022
           -325824889,             559566805
           -451735363,             450903768
           -455798156,             416412539
           -476996721,             324994982
             60374152,            -168122620
             18627995,            -187571183
           -172115607,             -40557724
           -219805705,             -43107673
           -386634954,             -41372772
           -423621664,             -59644978
           -321571515,            -202611962
           -209955306,            -183123385
           -295954172,            -231645402
            -25776350,            -127193185
           -222999071,              91694556
           -292299719,              73331324
           -488982314,             155514437
           -460235049,             244549909
           -433063129,             158531696
           -427828679,             270458331
           -378750546,             273504547
           -358965121,             394743755
           -337838218,             433717057
           -401812886,             363647525
           -419461693,             521612958
           -420671605,             484571773
           -503003839,             666651757
           -430988715,             565176345
           -381182386,             598099542
           -465499871,             650450552
           -512925803,             564739588
           -549032652,             523488751
           -477505529,             554566206
           -370693659,             655185188
           -401314632,             684679975
           -408661945,             766714842
           -158544500,            1023955720
           -184055068,            1008345089
            -91800815,            1045978690
           -133889353,            1106170088
           -176056995,            1074447877
           -237036003,             993071338
           -312988566,             981172278
           -347851629,             936001736
           -476461464,            1077381401
           -407393369,            1003115370
           -558059167,             839819997
           -518104357,             867620912
           -360087384,             771011439
           -407286483,             675371601
           -345533328,             638387534
           -193348117,             404742924
           -190953803,             348467997
           -235559230,             155160482
           -160251975,             193908061
           -100638566,             260451711
           -227817898,             357253309
           -212123145,             399241337
           -270824977,             106431944
           -223044974,             131343251
            169063148,              25764624
            241196323,              16569288
             49314341,             110226342
            109682848,             -17472954
             17946888,              13664949
             34659129,             212183212
            166392274,              72391450
            382336671,              -3290487
            321617061,             -22338115
            274683980,            -152744191
            385764417,             -98001251
            405796447,            -130124433
            498551229,               9048838
            538089751,             -31810331
            445284482,            -128300479
            482832683,            -138389898
            232852100,            -163911136
            187955805,            -182631087
            409094451,             123110053
            627605325,             -33909804
            735140600,             -90365905
            965970085,             -98926616
           1081602170,            -176572225
            787929970,             -98740560
            751419046,             -32635328
            630082076,             162685081
            573820607,              83064316
            666112368,              -3331625
            587492656,              84582706
            529807083,              24004775
            468268663,             -46921272
            475299706,              22605064
            533868884,             107622703
            475585754,              88912738
            319657764,              -2713266
            417354589,             136396013
            349880127,             162411335
            392032777,             212839468
            481683376,             176841097
            428696859,             161827241
            438502414,             267168339
            491268814,             288684202
            486244446,             199281211
            666612917,             166977157
            691799570,             169088452
            649244829,             248115952
            640202949,             138477056
            581631936,             152874388
            691273202,             152053628
            663335767,             290105439
            778064863,             326520037
           1065244841,             391397608
           1159780787,             273444453
           1182464715,             146869316
           1215313153,               1226400
           1127971776,            -107195956
           1055262522,              41597098
            889942704,               -921253
           1058206751,              93596605
           1066729459,             108881752
           1216491653,             168887588
           1148769360,             170655595
           1191872492,             328232794
           1269641831,             406127497
           1240911871,             323157383
           1316969858,             258812497
           1365459572,             230866922
           1283959231,             407966119
           1289377762,             301764488
           1251138744,              96303342
           1345354210,              79532856
           1305646178,             271320660
           1371723742,             251152110
           1169236869,              64726050
           1135383868,              98271152
            951769984,             -60999904
           1159448016,             -71078804
           1042839485,            -114802194
            905426916,             177164028
            939774256,             243405068
            743575511,             445634624
            769261016,             473808107
            736602792,             485696414
            786885663,             332273535
            824539920,             343652047
            871570812,             272015574
            667294580,             165036796
            707551402,             213759367
            535668488,             131416173
            451228100,             127088352
            539121144,             142834923
            591934482,             150568560
            508540070,             194479819
            556448254,             214665944
            603027348,             149905825
            555753284,             236776144
            647198217,             227846691
            755054013,             205219246
            743180996,             238038797
            508145706,             257955589
            487240092,             298066805
            735628995,             -72579402
            752417433,            -101681899
            835339332,            -292954713
            809347574,             -80245235
            833305533,             -92700920
            944939730,             -10197113
            902045786,             103301480
            922828280,              99922080
           1050484427,              65019902
           1186306256,              13081286
           1164154077,              34562688
           1191947219,             130481665
           1074528211,             138902633
           1093340605,             246043496
           1054899640,             197938481
           1212847263,             290550138
           1159911174,             350817187
           1273666541,             467987334
           1297024786,             527556621
           1000902606,             580657706
           1003608257,             593121317
            983302200,             412854085
            964017490,             447119011
           1032110092,             543691771
            965446191,             793804243
           1033394002,             872377038
           1220054413,            1012217195
           1185045603,            1098848702
           1311435133,            1130110148
           1168104808,            1152864784
           1131549802,            1243483511
           1165466862,            1129258321
           1163008694,            1070675943
           1269111654,            1000244052
           1237538571,             997129741
           1228925003,            1112528270
           1213989380,            1176021423
           1072618565,            1227490970
            975191911,            1205058293
            902788423,            1060606879
            845678998,            1229309644
            921780144,            1415999698
           1174208717,            1445855216
           1048810176,            1343586399
            911169171,            1375403663
            855654163,            1193790536
            780994324,            1092530433
            776971823,            1178003096
            793605182,            1213092161
            866997485,            1113320165
            893368393,            1109108505
           1138340533,            1008507357
            912490814,            1027682649
            840300094,            1017024143
            876681432,            1060733588
            913192454,            1097508511
            932630680,            1142537735
            987213095,            1119775936
           1022784114,            1142370451
           1190812108,            1171916452
           1152427937,            1187512654
           1053639778,            1243615599
            910896544,            1443265423
            787918416,            1498934440
            707391981,            1431720197
            786486160,            1296629200
            865639437,            1247268799
            954074850,            1302279593
            936805955,            1160658181
           1005969403,            1076306925
           1055295062,            1162921035
           1003188104,            1278434005
           1068393017,            1237455920
            891760723,            1134849412
            910039811,            1187088506
            967462016,            1207147137
           1002308336,            1038451187
           1173457749,            1004395721
           1004839109,            1017321913
            896716606,            1057997931
           1012611705,             741287936
            937766908,             693857987
            736688841,             604626547
            714702264,             548268557
            717973894,             659981909
            642113298,             659211574
            605341288,             787690048
            606682725,             820157307
            616431187,             880716379
            713255668,             814473348
            760432066,             838422681
            753513641,             718818296
            664401988,             734417910
            656192460,             625279901
            636610941,             731278671
            634778870,             760048991
            675376870,             638382322
            590027501,             641651221
            549105514,             761579951
            499085750,             754800306
            522348539,             859779273
            497100437,             965993057
            494225696,            1006089851
            313528633,            1018709019
            222329976,             988201499
            205578226,            1001811311
            245865055,            1110094565
            276255197,            1123175256
            128285954,            1079797516
             65485258,            1041869717
            179345234,            1019936023
             81441408,             919746029
            126133642,             878047623
             98854362,            1009529218
             75170873,            1139307059
             57114764,            1239186182
             93466178,            1111622169
            188032791,            1155164041
            295398639,            1074743036
            367881965,            1184396065
            373079870,            1088840313
            282521711,            1326934684
            343379922,            1380117372
            379671768,            1248408603
            351713088,            1137748126
            436428878,            1208309079
            509598359,            1131314775
            511088353,            1117086328
            613072225,            1270157393
            635248170,            1273625194
            762563274,            1187079271
            739557392,            1173162785
            805576508,            1227999684
            838149674,            1210966783
            764081845,            1235927158
            776010865,            1311770610
            737025802,            1272383573
            724283148,            1402817419
            748882060,            1346353150
            794643342,            1304222210
            973590640,            1328761719
            952762347,            1251686019
            680830160,            1206400999
            651379804,            1268381258
            461459600,            1296487751
            280408507,            1399812410
            270520294,            1414466590
            423160317,            1335847445
            412503911,            1344018932
            754198093,            1738389647
            745003174,            1692917814
            539295641,            1510444089
            472524478,            1484205673
            721530311,            1196267123
            755007164,            1258282205
            946455905,            1251208114
            981872721,            1149001749
            782821861,            1097754229
            773514648,            1146124249
            677096522,            1078919838
            617330604,            1176239575
            639687222,            1120087214
            456401896,            1278264336
            447099628,            1227608985
            601450231,            1054461980
            645442611,            1086766324
            762254503,            1099926338
            750440826,            1023430958
            834954975,            1027849373
            762593006,            1120893365
            749280250,            1152045692
            690045022,            1196638612
            805372431,            1162420861
            825242597,            1126936826
            930846108,            1188155740
            981116639,            1169967909
            997252470,            1255908569
           1031945624,            1184669951
           1092140071,            1203607124
