     0,      0
     1,      0
   -23,     23
   -40,     36
   -46,     68
   -29,     88
    -2,     84
    26,     77
    51,     38
    53,      2
    44,    -36
     8,    -65
   -34,    -71
   -51,    -61
   -61,    -40
   -57,    -25
   -36,     -6
    -6,    -13
    20,    -43
    31,    -67
    22,   -106
     1,   -123
   -22,   -131
   -40,   -116
   -54,    -92
   -44,    -65
   -14,    -43
    20,    -31
    50,    -36
    73,    -59
    78,    -85
    64,   -104
    37,   -107
     4,    -97
   -14,    -65
   -33,    -33
   -33,      3
   -15,     23
     3,     31
    21,     23
    24,     -1
    14,    -28
   -14,    -45
   -40,    -59
   -66,    -53
   -86,    -40
   -91,    -17
   -71,      3
   -46,      7
   -11,      5
    21,    -17
    40,    -52
    38,    -77
    20,    -95
     0,   -106
   -26,    -98
   -49,    -68
   -57,    -43
   -51,     -3
   -40,     21
   -20,     27
    -1,     23
     5,      7
     8,    -10
   -13,    -29
   -36,    -37
   -72,    -29
   -91,    -17
  -100,      9
   -91,     39
   -62,     52
   -32,     61
     5,     51
    34,     29
    45,     -6
    50,    -32
    32,    -54
    10,    -71
   -17,    -59
   -32,    -46
   -37,    -23
   -38,      2
   -23,     22
    -1,     26
    19,     19
    30,      1
    36,    -25
    26,    -46
     8,    -63
   -23,    -65
   -42,    -62
   -57,    -41
   -61,    -19
   -59,     13
   -37,     33
    -8,     34
    12,     28
    31,     12
    43,    -11
    35,    -42
    22,    -47
    -3,    -70
   -30,    -58
   -52,    -49
   -60,    -24
   -64,     -1
   -44,     21
   -26,     27
     4,     36
    32,     20
    49,     -1
    52,    -17
    54,    -39
    39,    -62
    23,    -63
     3,    -57
   -18,    -36
   -32,     -7
   -24,     20
   -15,     40
     5,     53
    23,     50
    40,     44
    52,     22
    52,     -2
    44,    -27
    21,    -40
    -3,    -43
   -21,    -48
   -36,    -35
   -44,    -14
   -40,      0
   -28,     24
   -10,     34
    17,     36
    32,     25
    48,      8
    47,    -11
    40,    -32
    20,    -52
    -6,    -58
   -35,    -67
   -68,    -52
   -87,    -34
  -101,    -17
  -103,      5
   -82,     17
   -71,     33
   -44,     31
   -16,     24
    10,     10
    20,    -12
    23,    -39
    31,    -53
    19,    -61
     2,    -66
   -10,    -61
   -24,    -34
   -25,    -15
   -22,     15
   -16,     33
    -8,     51
     6,     61
    22,     62
    28,     50
    35,     38
    32,     17
    24,     -1
    11,    -17
   -17,    -26
   -33,    -28
   -44,    -27
   -56,    -16
   -62,     -4
   -58,     14
   -42,     30
   -22,     40
    -1,     34
    22,     32
    37,     17
    47,      1
    44,    -14
    38,    -36
    23,    -56
    -1,    -65
   -29,    -64
   -51,    -53
   -73,    -41
   -83,    -21
   -89,      5
   -89,     25
   -71,     47
   -48,     64
   -25,     70
     0,     62
    20,     51
    40,     44
    55,     16
    49,      5
    43,    -14
    27,    -27
    11,    -44
   -15,    -41
   -38,    -36
   -51,    -26
   -63,    -12
   -77,      3
   -74,     19
   -67,     34
   -55,     38
   -38,     43
   -19,     36
    -7,     25
     9,     12
    23,      1
    23,    -24
    29,    -36
    20,    -45
    14,    -47
     5,    -52
    -4,    -45
   -16,    -38
   -16,    -16
   -20,     -6
   -19,     14
   -13,     14
    -5,     34
    -1,     26
     2,     31
    12,     20
    11,     16
    17,     -1
     3,    -11
    -1,    -24
    -8,    -33
   -22,    -39
   -42,    -44
   -58,    -34
   -65,    -22
   -74,     -5
   -75,      4
   -70,     22
   -59,     45
   -52,     60
   -32,     77
   -14,     87
     6,     90
    22,     87
    42,     79
    54,     58
    67,     50
    65,     27
    63,      9
    58,     -6
    41,    -18
    24,    -32
    13,    -32
    -5,    -27
   -20,    -25
   -29,    -18
   -35,     -4
   -38,     13
   -35,     28
   -31,     43
   -25,     49
   -17,     60
     0,     64
    14,     72
    27,     71
    43,     58
    53,     46
    57,     39
    59,     23
    59,      9
    42,      0
    32,    -15
    22,    -26
    12,    -22
   -11,    -18
   -26,    -17
   -31,     -8
   -37,      5
   -50,     16
   -52,     27
   -51,     40
   -43,     54
   -28,     56
   -23,     63
   -10,     71
     4,     72
    18,     63
    27,     53
    37,     44
    47,     25
    46,     22
    44,      8
    37,     -6
    34,    -14
    26,    -28
    11,    -37
    -3,    -36
   -15,    -41
   -27,    -36
   -46,    -31
   -54,    -27
   -57,    -17
   -56,     -4
   -53,      4
   -52,     17
   -41,     16
   -34,     28
   -23,     31
    -7,     31
    13,     36
    27,     35
    44,     28
    60,     27
    73,     26
    83,     18
    84,      3
    89,     -5
    89,    -15
    83,    -24
    82,    -29
    72,    -42
    58,    -42
    44,    -48
    29,    -51
    12,    -50
    -8,    -44
   -20,    -43
   -34,    -42
   -43,    -33
   -51,    -27
   -61,    -10
   -63,     -5
   -54,     -1
   -55,     17
   -51,     27
   -40,     36
   -39,     49
   -22,     54
    -9,     60
     2,     58
    18,     63
    24,     61
    34,     58
    47,     50
    52,     48
    51,     34
    58,     23
    62,     17
    61,      1
    53,     -9
    52,    -21
    44,    -26
    38,    -36
    23,    -41
    11,    -54
     5,    -55
    -3,    -59
   -12,    -48
   -23,    -51
   -38,    -41
   -46,    -36
   -47,    -27
   -51,    -20
   -52,    -11
   -60,     -2
   -54,     12
   -46,     16
   -48,     23
   -44,     32
   -36,     41
   -27,     48
   -21,     49
    -7,     52
   -11,     57
     4,     48
    11,     51
    25,     49
    32,     38
    33,     37
    36,     30
    39,     29
    37,     20
    44,     12
    42,      9
    43,      1
    44,     -7
    40,    -14
    43,    -16
    41,    -28
    34,    -28
    37,    -36
    34,    -38
    28,    -40
    26,    -44
    19,    -47
    19,    -49
    11,    -45
     1,    -46
    -3,    -45
    -9,    -35
    -7,    -38
   -17,    -36
   -26,    -34
   -19,    -31
   -25,    -28
   -31,    -19
   -38,    -16
   -39,    -10
   -41,     -9
   -39,     -2
   -41,     -1
   -42,     -7
   -46,      5
   -45,      5
   -42,      9
   -39,     10
   -37,     15
   -34,     13
   -28,     11
   -21,     26
   -22,     27
   -15,     32
   -10,     31
    -6,     38
     0,     47
     5,     49
     6,     53
    14,     60
    14,     59
    21,     60
    25,     58
    29,     57
    29,     59
    29,     51
    38,     44
    36,     46
    34,     36
    35,     30
    41,     26
    43,     21
    42,     12
    48,      4
    48,     -2
    49,     -3
    50,     -9
    52,    -13
    44,    -16
    50,    -18
    49,    -11
    50,    -18
    49,    -10
    49,    -17
    46,    -15
    45,    -16
    44,    -15
    42,    -15
    42,    -15
    37,    -17
    41,    -17
    33,    -24
    31,    -19
    34,    -25
    32,    -27
    32,    -31
    28,    -34
    34,    -40
    36,    -41
    33,    -41
    33,    -40
    37,    -45
    38,    -37
    39,    -46
    39,    -43
    35,    -36
    40,    -44
    38,    -40
    41,    -37
    32,    -46
    29,    -45
    26,    -42
    18,    -51
    16,    -50
     8,    -48
     8,    -55
     2,    -56
    -3,    -56
    -9,    -50
   -10,    -57
   -10,    -59
    -5,    -60
    -6,    -65
   -10,    -58
   -10,    -60
    -3,    -57
    -9,    -56
    -6,    -56
    -2,    -57
     3,    -51
     4,    -44
     3,    -50
     4,    -53
     5,    -50
     7,    -53
     8,    -48
    10,    -55
     9,    -47
     1,    -50
     5,    -50
     4,    -52
     3,    -51
    -1,    -50
     5,    -47
     7,    -54
     5,    -50
    11,    -52
    13,    -50
     6,    -40
    11,    -45
     9,    -46
    12,    -48
    15,    -44
    17,    -51
    21,    -54
    17,    -55
    17,    -52
    23,    -50
    24,    -50
    23,    -47
    21,    -42
    26,    -44
    22,    -45
    33,    -35
    23,    -33
    27,    -25
    35,    -20
    37,    -18
    38,    -15
    49,    -16
    45,    -11
    46,    -12
    47,    -10
    55,    -11
    57,     -8
    61,     -6
    60,     -4
    61,     -6
    61,     -3
    62,    -11
    63,    -10
    65,      1
    55,      0
    48,      7
    54,     11
    49,     14
    42,     16
    42,     21
    35,     19
    36,     34
    32,     35
    35,     52
    25,     46
    21,     47
    21,     46
    16,     47
    16,     41
    16,     51
    11,     46
     5,     44
     2,     39
    -4,     42
    -2,     43
   -11,     35
   -12,     38
   -20,     40
   -20,     40
   -33,     39
   -30,     40
   -38,     41
   -40,     35
   -46,     34
   -48,     37
   -49,     26
   -45,     30
   -55,     25
   -50,      7
   -54,      5
   -46,     -4
   -44,    -15
   -47,    -27
   -34,    -30
   -30,    -36
   -24,    -49
   -18,    -51
   -17,    -56
   -19,    -63
    -7,    -64
   -10,    -65
     4,    -60
    12,    -60
    18,    -63
    18,    -54
    20,    -51
    27,    -40
    32,    -37
    32,    -29
    31,    -20
    37,    -13
    42,     -7
    40,     -4
    46,     10
    45,     13
    45,     18
    44,     27
    42,     23
    36,     33
    34,     37
    27,     39
    22,     45
    14,     46
     9,     50
     6,     48
    -6,     47
   -18,     45
   -30,     35
   -36,     30
   -36,     24
   -47,     18
   -47,     18
   -55,      5
   -53,      3
   -51,     -9
   -55,    -25
   -45,    -29
   -40,    -36
   -36,    -43
   -38,    -51
   -32,    -49
   -18,    -55
    -7,    -58
     3,    -55
    14,    -50
    25,    -42
    37,    -39
    41,    -33
    48,    -28
    55,    -17
    50,    -12
    53,      1
    56,      6
    51,     17
    49,     24
    41,     39
    38,     38
    32,     41
    21,     41
    13,     42
     0,     38
   -18,     37
   -29,     32
   -40,     24
   -50,     18
   -52,     13
   -58,      8
   -63,     -6
   -61,    -14
   -55,    -21
   -50,    -28
   -43,    -40
   -35,    -37
   -25,    -39
    -4,    -41
     1,    -36
    12,    -39
    22,    -26
    33,    -23
    36,    -17
    48,    -12
    45,      2
    52,     11
    49,     19
    40,     26
    35,     35
    22,     42
    12,     52
   -12,     52
   -13,     56
   -27,     48
   -37,     41
   -49,     32
   -49,     24
   -56,     16
   -52,     -2
   -52,    -14
   -48,    -29
   -34,    -32
   -22,    -40
   -16,    -44
    -4,    -44
    11,    -47
    24,    -39
    37,    -33
    49,    -23
    46,    -16
    49,     -2
    53,      9
    52,     26
    46,     37
    33,     43
    27,     49
    13,     52
    -1,     58
   -11,     43
   -21,     43
   -30,     29
   -32,     17
   -39,      0
   -41,    -11
   -33,    -24
   -26,    -35
   -12,    -41
    -5,    -48
    10,    -49
    19,    -51
    39,    -41
    44,    -32
    52,    -15
    53,     -1
    56,     14
    51,     27
    40,     41
    34,     46
    21,     51
     9,     53
    -9,     45
   -18,     40
   -30,     27
   -32,     10
   -40,     -2
   -36,    -24
   -35,    -34
   -25,    -47
   -12,    -53
    -1,    -56
    12,    -58
    24,    -50
    31,    -46
    44,    -29
    44,     -7
    44,     13
    34,     24
    25,     40
    12,     44
    -9,     54
   -15,     59
   -32,     46
   -40,     38
   -40,     21
   -46,      5
   -41,    -15
   -33,    -35
   -19,    -40
    -5,    -45
    16,    -53
    33,    -54
    44,    -44
    44,    -30
    54,    -17
    52,      2
    46,     26
    21,     41
     9,     48
   -11,     46
   -30,     46
   -47,     41
   -59,     30
   -60,     19
   -58,      3
   -50,    -12
   -42,    -23
   -30,    -34
    -2,    -32
    16,    -35
    40,    -29
    53,    -14
    61,      4
    57,     14
    56,     33
    40,     42
    20,     44
     6,     46
   -17,     45
   -35,     34
   -41,     16
   -52,     -6
   -45,    -22
   -37,    -35
   -25,    -41
    -7,    -50
     7,    -38
    23,    -36
    31,    -22
    57,     -3
    49,     15
    41,     42
    27,     52
    13,     53
   -11,     56
   -27,     51
   -35,     36
   -39,     18
   -35,     -4
   -33,    -21
   -27,    -39
    -1,    -46
    15,    -43
    30,    -35
    43,    -24
    50,     -5
    46,     12
    39,     23
    22,     42
     3,     43
   -16,     43
   -33,     36
   -48,     19
   -43,     -3
   -39,    -23
   -32,    -38
   -18,    -47
     3,    -57
    22,    -47
    39,    -26
    50,    -15
    52,      7
    39,     27
    24,     45
     0,     58
   -16,     55
   -37,     49
   -47,     24
   -54,      8
   -45,    -11
   -36,    -29
   -14,    -44
     7,    -50
    29,    -44
    43,    -28
    49,     -5
    52,      9
    39,     29
    19,     41
     4,     43
   -23,     35
   -33,     26
   -46,      0
   -38,    -24
   -34,    -41
   -16,    -57
     2,    -52
    20,    -46
    39,    -28
    49,     -4
    39,     21
    24,     38
     6,     47
   -17,     58
   -39,     47
   -53,     30
   -59,      6
   -52,    -16
   -36,    -42
   -17,    -46
    11,    -47
    24,    -30
    40,    -18
    41,      7
    40,     22
    19,     41
    -3,     52
   -23,     51
   -45,     33
   -54,     12
   -50,    -16
   -40,    -30
   -14,    -40
     5,    -40
    32,    -31
    50,     -6
    53,     14
    45,     45
    23,     55
     1,     62
   -24,     42
   -36,     33
   -41,      9
   -40,    -14
   -20,    -34
     0,    -45
    25,    -45
    46,    -25
    52,     -6
    54,     20
    34,     43
    14,     52
   -11,     52
   -37,     41
   -45,      9
   -45,     -7
   -35,    -27
   -13,    -42
    14,    -51
    39,    -35
    45,    -12
    52,     12
    40,     40
    20,     54
    -7,     50
   -31,     36
   -41,      9
   -40,    -16
   -30,    -38
   -10,    -52
    20,    -48
    43,    -34
    54,     -7
    43,     21
    38,     40
    12,     49
   -17,     50
   -39,     32
   -53,      5
   -55,    -22
   -37,    -48
   -13,    -58
    10,    -52
    25,    -34
    37,     -8
    26,     20
    11,     40
   -18,     43
   -38,     36
   -53,     17
   -52,     -5
   -35,    -36
   -17,    -43
    10,    -41
    38,    -20
    50,      3
    50,     30
    33,     49
    10,     56
   -19,     47
   -38,     21
   -40,     -7
   -27,    -32
    -7,    -55
