     0,      0
     1,      0
   -13,     13
   -28,     22
   -29,     47
    -5,     54
    16,     43
    35,     32
    47,      0
    41,    -21
    30,    -43
    -4,    -58
   -21,    -27
    -3,     -6
    17,     20
    23,     34
    55,     45
    79,     30
    92,    -19
    72,    -40
    41,    -60
     8,    -53
   -26,    -53
   -42,    -28
   -45,     10
   -27,     29
    -2,     45
    27,     48
    47,     21
    48,     -7
    47,    -43
    29,    -64
   -15,    -45
   -34,    -30
   -30,     -2
   -28,     20
   -20,     38
     6,     37
    37,     42
    40,     33
    26,     -2
     5,    -18
   -32,    -16
   -46,    -17
   -72,     -4
   -81,     31
   -70,     49
   -37,     58
    -3,     52
    20,     40
    41,     18
    47,    -17
    30,    -35
    13,    -46
   -10,    -46
   -35,    -30
   -52,     -2
   -36,     14
    -3,     47
    14,     42
    26,     22
    42,      9
    38,    -14
    20,    -30
    -3,    -30
   -30,    -26
   -69,    -12
   -70,      2
   -54,     35
   -38,     59
   -18,     45
    10,     59
    30,     31
    48,      3
    33,     -8
    24,    -28
    10,    -36
    -1,    -47
   -20,    -32
   -33,     15
   -21,     41
     1,     37
    23,     44
    43,     32
    42,     11
    40,    -16
    28,    -34
    11,    -37
   -10,    -51
   -39,    -33
   -47,    -24
   -49,      4
   -37,     30
   -28,     55
    -1,     50
    13,     39
    32,     33
    56,      5
    40,    -26
    24,    -45
     7,    -27
   -11,    -41
   -37,    -21
   -47,      3
   -38,     27
   -48,     52
   -14,     59
     9,     39
    23,     41
    46,     25
    47,     -6
    27,    -31
    25,    -44
    12,    -48
    -8,    -38
   -51,    -40
   -68,     -7
   -50,     26
   -20,     58
   -13,     51
    18,     38
    38,     36
    44,     20
    51,     -1
    37,    -26
    41,    -46
    15,    -49
   -25,    -45
   -34,    -41
   -16,    -23
    -8,     -3
     3,     15
    42,     50
    70,     28
    74,     11
    72,      1
    66,    -25
    42,    -37
    35,    -39
     8,    -40
    -7,    -22
   -18,    -14
   -26,     28
   -15,     57
   -11,     66
    -6,     74
    23,     78
    25,     77
    43,     55
    45,     39
    42,     18
    33,    -11
    26,    -15
    25,    -31
   -12,    -46
   -35,    -32
   -31,    -23
   -59,    -11
   -53,     17
   -20,     38
   -18,     40
    -6,     51
    22,     41
    32,     25
    38,     16
    60,      3
    43,    -23
    16,    -38
     2,    -44
   -28,    -36
   -38,    -17
   -35,    -10
   -43,     11
   -39,     17
   -37,     31
   -10,     49
    -3,     54
    21,     52
    35,     41
    37,     12
    35,     -7
    19,    -17
     1,    -28
   -11,    -34
   -21,    -24
   -27,     -6
   -25,      8
   -19,     15
   -10,     29
    -4,     33
     5,     41
    18,     41
    33,     32
    40,     27
    35,     11
    33,     -6
    34,     -4
    34,    -20
    18,    -11
     4,    -17
   -11,    -21
   -18,    -28
   -36,    -23
   -49,    -24
   -57,    -14
   -65,     -1
   -64,     27
   -42,     44
   -25,     61
     8,     50
    21,     32
    22,     17
    18,     -1
    28,     -4
    29,    -11
     9,    -32
     5,    -28
    -7,    -25
   -13,    -29
   -24,    -31
   -19,    -23
   -30,    -13
   -14,     11
   -12,      7
    -3,     16
    16,      3
    18,     17
     8,     -4
    12,      0
    15,    -11
    11,     -8
    15,    -20
    -4,      0
    -8,     -4
   -10,     -5
   -11,      2
   -34,      6
   -39,     11
   -30,     23
   -28,     32
   -21,     21
   -22,     22
   -17,     38
    -5,     29
    10,     25
     5,     20
    11,     11
    17,      7
    24,     -7
    22,    -28
    38,    -18
    22,    -27
     8,    -32
    -4,    -38
    -5,    -41
   -21,    -47
   -21,    -27
   -30,    -20
   -45,    -11
   -37,      0
   -29,      9
   -30,     25
   -19,     41
   -11,     39
    -3,     27
    14,     32
    34,     27
    32,     23
    32,     22
    40,     -4
    42,    -20
    40,    -16
    32,    -26
    24,    -42
    -4,    -48
     1,    -54
   -14,    -53
   -26,    -27
   -40,    -21
   -46,    -13
   -42,     -2
   -33,     22
   -31,     23
   -26,     31
   -15,     35
    -5,     34
    16,     30
    15,     40
    15,     45
    18,     26
    25,     13
    28,      9
    31,      5
    36,     -7
    36,     -7
    29,    -24
    16,    -34
    11,    -42
    -3,    -56
   -25,    -55
   -38,    -39
   -43,    -31
   -43,    -12
   -50,     -2
   -42,      8
   -35,     15
   -30,     24
   -19,     22
   -21,     27
   -14,     17
   -20,     27
   -27,     29
   -31,     20
   -24,     18
   -17,      6
   -16,     -8
   -11,    -24
    -2,    -19
    -5,    -17
   -17,    -34
    -8,    -38
    -7,    -34
    -8,    -36
    -5,    -28
    -9,    -40
   -14,    -31
   -14,    -34
   -25,    -30
   -31,    -34
   -33,    -25
   -37,    -25
   -43,    -30
   -47,    -28
   -53,    -26
   -48,      0
   -22,      8
    -1,      4
     2,     14
    -8,     19
    -9,     20
   -10,     17
   -10,     19
    -8,     14
   -25,      0
   -25,      2
   -15,      0
   -41,    -15
   -28,    -29
   -18,    -23
   -30,    -20
   -15,    -13
    -4,    -18
   -17,    -19
   -15,    -12
    -7,      4
    -2,      8
    11,    -22
    -5,     -4
    -1,    -12
     6,    -14
    22,    -21
    23,    -13
     0,    -18
    11,    -11
    14,     -1
    15,     -9
     8,    -17
    15,    -14
    15,    -20
     8,     -7
    13,     -5
   -13,    -21
   -11,    -14
    13,      5
     0,      0
   -25,     -8
     2,     -8
   -10,      5
   -12,      3
   -11,     13
     8,     16
     0,      8
    -9,     13
   -20,     15
   -14,     19
   -26,     20
   -22,     13
   -22,      6
   -14,     18
    -9,      3
   -22,      8
   -18,      8
   -15,    -12
   -14,     -9
   -17,    -16
    -6,    -13
    -7,    -16
    -5,    -30
    -6,    -48
    -5,    -25
    -2,    -33
   -17,    -40
    -8,    -53
    -4,    -53
     1,    -75
    -9,    -67
   -18,    -46
    -7,    -30
    -2,    -24
    -6,    -10
   -13,      1
   -15,      6
   -19,     -2
   -13,     12
    -7,      2
   -15,    -15
   -23,    -16
   -20,    -12
   -15,    -21
   -10,    -27
    -1,    -25
     7,    -33
    15,    -30
    23,    -15
    19,     -8
    23,      2
    22,      3
    20,      9
    26,     18
    25,     20
    23,     30
    30,     31
    31,     29
    38,     27
    43,     22
    49,     11
    42,      9
    37,     -7
    41,    -12
    29,    -10
    20,    -14
    17,     -9
    21,     -2
    22,      4
    25,     11
    24,     26
    14,     24
     6,     25
   -15,     26
    -9,     32
   -13,     25
    -8,     14
    -8,     23
    -1,     11
    -1,     14
    13,      1
    10,      2
     7,      0
    18,     -5
    27,     -7
    31,     -7
    30,    -22
    45,    -30
    25,    -26
     7,    -19
    11,    -40
    10,    -32
    10,    -32
     6,    -29
    13,    -23
    16,    -29
    32,    -19
    36,    -12
    42,     -9
    61,     12
    55,     25
    40,     42
    27,     54
    18,     48
     2,     45
     5,     40
   -18,     29
   -26,     17
   -14,      6
   -19,     -1
   -21,     -2
   -20,     -7
   -17,    -18
   -21,    -30
   -19,    -43
    -9,    -44
     6,    -60
    17,    -60
    33,    -45
    43,    -46
    33,    -28
    25,    -23
    30,    -12
    17,    -12
    21,     -8
    16,     -3
    14,    -11
    19,     -7
    10,    -22
     0,    -33
     2,    -25
    -5,    -26
    -9,    -23
    -5,    -29
   -13,    -18
   -24,    -20
   -18,    -12
   -14,    -12
     0,     -4
    -4,      2
    15,      1
    19,    -18
    19,    -17
    30,    -11
    35,     -9
    26,     -8
    25,     -4
    11,      1
    12,      2
     7,      8
    10,      0
     2,     -2
   -16,    -23
   -28,      0
   -29,     16
   -17,     14
   -23,     19
   -22,     22
   -19,     22
   -18,     17
     7,     25
    -7,     25
     4,     27
    21,     22
    33,     23
    30,     19
    40,     17
    39,     33
    27,     36
    20,     28
    17,     29
    11,     28
    14,     15
    13,     14
    15,     12
    13,     12
    15,      5
    21,     -2
    32,      2
    39,      8
    41,     23
    46,     34
    34,     40
    13,     39
    13,     33
     1,     26
     1,     40
     6,     27
    29,     44
    38,     19
    46,      0
    52,     -4
    53,     -6
    53,    -19
    40,      1
    38,     -2
    21,     -4
    13,      2
    14,     14
    25,     21
    16,     15
    24,     24
    20,     27
    26,     25
    10,     22
    15,     27
    12,     28
     4,     19
    -3,     25
    -6,     37
    -8,     28
    -2,     43
    -9,     48
     5,     35
     6,     44
    19,     30
    24,     16
    14,      6
    18,      3
    12,     -5
     8,    -20
     8,    -20
     1,    -28
    -9,    -38
     0,    -43
   -13,    -52
    -4,    -56
    -7,    -72
   -13,    -70
    -5,    -44
     2,    -38
     7,    -21
     7,    -16
     2,     -4
     7,     -3
    20,    -15
    25,     -2
    20,    -10
    28,     -1
    37,     -1
    29,     -1
    29,     -8
    21,    -24
    15,    -11
    11,     -4
   -12,     20
   -19,     41
   -40,     36
   -46,     30
   -44,     17
   -51,      5
   -61,     -5
   -58,    -24
   -46,    -35
   -26,    -31
   -28,    -33
   -16,    -25
   -14,    -33
    -5,    -25
    -5,    -24
    -8,    -29
     6,    -18
     3,    -14
     2,    -14
    -5,    -21
    -1,    -10
     4,    -14
     6,    -16
     3,    -13
     3,     -6
     0,     -3
     1,      2
     5,     10
     9,     15
    12,     20
     8,     23
    12,     34
    12,     29
    14,     36
     8,     34
     5,     45
    -5,     39
    -6,     39
   -16,     33
   -17,     35
   -25,     31
   -41,     33
   -49,     23
   -53,      6
   -54,     -7
   -43,    -10
   -41,    -13
   -27,    -30
   -15,    -35
    -7,    -37
     0,    -38
    10,    -34
    21,    -26
    23,    -22
    36,    -15
    34,     -2
    30,     -3
    29,      7
    30,      9
    21,     13
    34,      9
    18,     21
    15,     17
    12,     14
     4,     15
     2,     13
   -10,     14
   -13,     18
   -32,      4
   -22,      4
   -29,      7
   -27,     -2
   -27,     -9
   -28,     -9
   -31,     -7
   -28,    -16
   -27,    -19
   -30,    -23
   -22,    -25
   -34,    -27
   -44,    -24
   -51,    -15
   -31,    -12
    -1,      1
    -2,     12
    10,     22
     5,     18
    -1,     31
    19,     42
    15,     50
    -8,     50
   -11,     41
   -21,     45
   -24,     49
   -34,     40
   -45,     17
   -36,      5
   -35,     -6
   -38,    -12
   -32,    -27
   -18,    -24
   -12,    -22
    -4,    -28
    28,    -27
    19,    -20
    22,     -9
    31,    -14
    33,      8
    25,     12
    22,     18
    22,     22
    17,     28
    -5,     28
     0,     20
    -8,     25
   -27,     27
   -31,     13
   -58,      0
   -45,      0
   -47,     -8
   -33,    -24
   -37,    -34
   -42,    -44
   -12,    -35
     4,    -40
     9,    -42
    26,    -28
    39,    -19
    35,    -14
    36,     -4
    47,     23
    35,     35
    42,     42
    28,     45
    14,     54
   -12,     43
   -40,     38
   -39,     23
   -49,      1
   -45,     -3
   -38,    -11
   -36,    -13
   -31,    -19
   -29,    -19
   -15,     -5
     6,     12
    21,     25
    21,     32
    18,     40
     5,     54
    -1,     61
    -4,     55
    -8,     54
   -33,     60
   -36,     56
   -46,     35
   -43,     34
   -49,     38
   -40,     45
    -9,     51
    17,     46
    44,     43
    63,     31
    61,     16
    78,     20
    85,     19
    90,     19
    75,     26
    67,     36
    47,     34
    34,     47
    12,     44
    -7,     30
   -12,     21
   -27,     18
   -31,      7
   -26,    -12
   -32,    -28
   -14,    -28
     0,    -28
    10,    -21
    23,    -19
    32,      8
    40,      7
    34,     21
    53,     34
    32,     45
    16,     65
    -4,     58
   -13,     49
   -32,     49
   -43,     33
   -51,     11
   -44,     -9
   -35,    -32
   -28,    -38
   -20,    -55
    11,    -51
    20,    -35
    33,    -16
    33,     -3
    31,     14
    19,     23
     3,     22
    -6,     30
   -14,     17
   -26,     13
   -27,      3
   -24,    -10
    -6,    -20
     1,    -20
     3,    -21
    10,    -18
    21,    -16
    17,      6
    22,     20
    15,     17
     5,     29
    -9,     30
   -19,     29
   -36,     24
   -28,     17
   -22,      5
   -16,    -14
   -11,    -21
     8,    -14
    16,    -14
    43,    -15
    46,     -9
    54,      3
    48,     17
    41,     34
    35,     30
    15,     37
     3,     36
    -7,     27
   -18,     18
    -5,     20
   -15,      7
     4,     -7
    16,    -17
    34,    -12
    41,      9
    44,     17
    49,     35
    42,     56
    20,     69
    -5,     64
   -29,     56
   -39,     48
   -56,     28
   -51,      7
   -49,    -15
   -41,    -32
   -20,    -50
     4,    -50
    29,    -51
    41,    -13
    53,      0
    33,     30
    26,     33
     2,     35
   -19,     35
   -38,     20
   -57,     -3
   -41,    -22
   -20,    -55
    -7,    -55
    31,    -39
    39,    -32
    57,    -21
    59,     17
    44,     34
    30,     53
     6,     53
   -24,     43
   -45,      9
   -40,      2
   -32,    -26
   -17,    -42
     3,    -44
    14,    -41
    44,    -38
    55,     -1
    36,     13
    38,     31
     7,     50
   -25,     47
   -39,     40
   -49,     11
   -51,    -25
   -34,    -29
   -13,    -42
    12,    -47
    32,    -38
    49,    -14
    49,     14
    30,     26
    14,     41
     2,     50
   -21,     31
   -36,      9
   -31,    -11
   -11,    -25
    -6,    -36
    -3,    -28
    22,    -16
    27,     21
    13,     58
   -27,     67
   -49,     66
   -75,     47
   -71,     15
   -79,     -7
   -76,    -35
   -57,    -64
   -35,    -75
     5,    -53
    17,    -42
    25,    -20
    32,      9
     7,     34
   -11,     34
   -38,     32
   -54,     24
   -71,      3
   -65,      0
   -23,    -19
    10,    -20
    42,      1
    60,     27
    61,     47
    52,     65
    19,     72
   -12,     56
   -30,     30
   -37,     -3
   -33,    -32
    -7,    -48
    20,    -64
