                    0,                     0
                    0,                     0
                    0,                     0
                    0,                     0
             -1197809,                -69752
             48644142,              32309301
            112559625,              58062375
            187317151,              70491843
            284351035,              47837118
            359471135,             -28490413
            397382850,            -171760974
            273543062,            -459532377
              7069272,            -457039007
             22830141,            -465172291
             61244022,            -505419688
             92199831,            -546245139
            106029020,            -574933584
            102286027,            -589070720
             94985045,            -583041315
             97507157,            -556662825
            111087810,            -521841183
            140429282,            -487674532
            178086858,            -466868491
            220308318,            -455979526
            258410021,            -457989132
            283865808,            -471293242
            295257664,            -484013483
            293844425,            -485370930
            286542862,            -472647854
            283711902,            -447253060
            294086910,            -415144802
            321694562,            -385403351
            366104187,            -366638470
            408778124,            -368541815
            440579730,            -390014356
            452918375,            -418283123
            438264975,            -453705225
            387569983,            -478148230
            316798154,            -477005381
            237470339,            -418717640
            192397802,            -355191644
            163001035,            -312746084
            161066806,            -265928455
            173475977,            -223697966
            204864101,            -181153273
            254051749,            -149191525
            316541106,            -132514830
            369088344,            -141594498
            398984818,            -175333790
            404584270,            -203090383
            386894519,            -216109471
            365623214,            -202433681
            364670131,            -168175747
            382127035,            -135059432
            416035153,            -116242944
            459961134,            -112290807
            501113361,            -125279894
            527035736,            -160103975
            538006329,            -205211020
            512300653,            -244907513
            471352427,            -276311709
            425126485,            -296038882
            383704725,            -298051468
            358876200,            -288231555
            337285227,            -267967390
            328529737,            -244155783
            329799007,            -217478071
            353287904,            -187850019
            389770693,            -158198228
            435842071,            -141208481
            486853108,            -142608324
            531380838,            -167644527
            562126282,            -222672508
            563542264,            -293222011
            475932225,            -352546188
            329601727,            -400161560
             85925653,            -329265111
            111656146,            -256726497
            190717933,            -289779733
            262859991,            -386491764
            273098591,            -459581924
            248911315,            -501111433
            195560212,            -539347617
            123687804,            -542492865
             65609997,            -516111506
             19345551,            -471985465
            -12440432,            -416122751
             -7627409,            -343079871
              4327425,            -274731459
             61034947,            -220718228
            133500315,            -179359971
            221933520,            -165825740
            312529372,            -176968491
            370786681,            -221381390
            398607423,            -297008639
            371313292,            -377611641
            298358719,            -436568362
            209634892,            -462692854
            140511914,            -406670971
             95918585,            -296783376
            105281449,            -151683340
            149322196,             -78929996
            224400823,             -14618676
            315411029,             -16139961
            410564618,             -14816151
            470516140,             -60050905
            521824846,            -135127950
            523799923,            -216851206
            474111021,            -282341223
            373582503,            -324693340
            279466015,            -299832214
            232652867,            -219944503
            222280128,            -125518245
            282625272,             -58822181
            371887790,             -65693310
            440719911,            -109603002
            478728077,            -167835873
            468015347,            -226169013
            400290064,            -253904564
            323360617,            -232004432
            266009142,            -168991990
            209081569,             -81977522
            244873160,              40985259
            352095115,             151866130
            545889023,             169448683
            690523953,              32213926
            756138405,            -203878269
            647741472,            -525348747
            331974444,            -337743479
            158118504,               9598515
              4269637,            -168721558
           -145551423,            -142537694
           -205322398,            -224723362
           -249715640,            -235956344
           -305824727,            -195825944
           -353911829,            -115732597
           -367199047,             -31814736
           -332814446,              65166186
           -266830438,             164389441
           -177686874,             226811903
            -87890587,             261295850
            -20777461,             290461030
             44697204,             308900403
             99072531,             319400841
            140955944,             321790125
            179236269,             315506370
            212900968,             299833574
            232216048,             282913115
            244980603,             258845756
            241335736,             238482683
            225162156,             223035389
            193849161,             219018865
            159948392,             237068893
            130047365,             277089561
            103502105,             344126396
            141803068,             432048920
            226977361,             489250005
            292590971,             474390013
            293492765,             405932672
            270919147,             351484098
            209647624,             367102731
            146528146,             405693197
            100599487,             475084738
            105836445,             588306354
            159017111,             677614753
            223547333,             695726652
            283904230,             643771145
            285093673,             588992730
            253527316,             566232363
            215752227,             564098261
            187311519,             588190903
            173628347,             628537429
            168892351,             678083502
            197946539,             734805465
            257497267,             793980548
            362404034,             825071154
            534765412,             795849891
            698646304,             661652897
            680537622,             573074571
            619569084,             603257390
            597865204,             666824447
            587636163,             717999774
            601130719,             764855031
            647482815,             807649506
            703659364,             830087702
            757887934,             842666145
            808351045,             853319810
            845930100,             856472438
            887102185,             855878652
            922650586,             847325582
            957649902,             829528263
            994918339,             799594773
           1015584137,             764741008
           1030831357,             717509210
           1039341327,             656202637
           1032032324,             604240946
           1016708769,             553325552
            989129944,             480818798
            942765020,             397954948
            896599803,             335303697
            842958531,             276854814
            785421003,             224817282
            679411495,             197889034
            540557604,             171360230
            314448507,             222904577
            190432396,             428772618
            195975587,             471232548
            239827595,             481625432
            275333920,             465682144
            299392719,             435095222
            308137434,             406633665
            300099809,             381750242
            283700747,             360985656
            261830080,             349077768
            232768404,             344226236
            194875111,             346254085
            159395696,             372886128
            113911087,             419955014
             75737328,             505977602
             59709840,             669532730
            123585132,             796759357
            115719463,             778021444
             95699586,             746153936
             70082013,             735454886
             39568976,             730342923
              6041730,             740847608
            -20438554,             757181026
            -46966952,             795028307
            -74529310,             825946694
           -105186239,             869368659
           -119818876,             911256503
           -137879816,             933689473
           -144927948,             953294250
           -150084430,             964612963
           -151544827,             980493645
           -149720147,             998416923
           -144894800,            1015786919
           -128991736,            1035818743
           -106871845,            1052255897
            -81804313,            1066161329
            -49016972,            1076299745
            -15409271,            1086787473
             19838415,            1093708067
             60650599,            1091072142
            105975333,            1090447945
            155502048,            1084641350
            202727206,            1074571433
            245452309,            1061030088
            290075567,            1045437173
            329988553,            1022015139
            362104121,             995345462
            398813111,             953254158
            424736692,             907398124
            435120115,             860588659
            437615677,             814469108
            422161993,             767491834
            385754385,             721474781
            340061976,             691101208
            285223167,             676594301
            228274115,             683270164
            173405798,             704532681
            127527897,             741690264
            101887157,             794402140
            104741900,             850723273
            118058116,             904246930
            129787286,             946265682
            157749284,             990306251
            203977273,            1018900767
            263787148,            1050501012
            329339522,            1063072013
            390758428,            1055753578
            451007131,            1029568283
            502524729,             983693886
            537083835,             923842152
            547921383,             859452983
            541544377,             813421738
            508502019,             771696758
            461463019,             740437047
            419495505,             736421794
            382770564,             744533015
            352252642,             767632175
            330189403,             790052693
            322133003,             816352440
            320389431,             849271194
            329137341,             882320745
            347103040,             912712822
            371181141,             935736684
            398180300,             946730300
            441548066,             956612818
            501638322,             954502046
            563407789,             949614774
            624314795,             931453454
            686014714,             893055329
            752859349,             831769284
            809846802,             727084998
            872895263,             588077061
            903497379,             442165038
            826221694,             346769083
            743024951,             287067038
            667104480,             273221850
            603919444,             303106635
            564520590,             346692634
            536085665,             401163060
            524515928,             453047025
            525853628,             500756763
            532764665,             553656472
            554276560,             602294105
            592100581,             641496189
            638800086,             682257503
            712900723,             708586752
            795309802,             736289060
            970067501,             729702260
           1129412459,             707180137
           1128138928,             731032681
           1114261561,             754342172
           1105176083,             777141461
           1102690854,             797322488
           1109646332,             815761543
           1117216057,             832463020
           1126135121,             845080121
           1139162456,             849767051
           1155563024,             849758680
           1174171116,             846253650
           1192909732,             835080388
           1215226864,             821853062
           1237827324,             794192465
           1257191209,             762691284
           1268860735,             720116080
           1275395055,             664007190
           1262103290,             591215784
           1216633214,             510717093
           1133807879,             393436909
            908752026,             208111295
            525094082,              29102399
            501759622,              70303836
            635269023,              89150405
            708101315,              82832982
            765615366,              65646350
            814641953,              21598053
            863158683,             -43312173
            909692142,            -141399794
            949925138,            -311022924
            958593487,            -558358389
           1027102928,            -792408817
           1055975520,            -851432690
           1121781037,            -878841273
           1171547552,            -864891092
           1207153471,            -860324192
           1225285338,            -865175696
           1236498626,            -865295865
           1234854596,            -869243652
           1230170563,            -882603777
           1223313511,            -901094858
           1207956908,            -922921557
           1183248131,            -946023253
           1163923402,            -979100345
           1138315097,           -1019003151
           1122907044,           -1083499774
           1086312191,           -1153489683
           1027621630,           -1281077832
           1048784823,           -1415273189
           1127884395,           -1553386641
           1217102925,           -1552134262
           1271194878,           -1519737951
           1324270395,           -1487038991
           1363087267,           -1466595264
           1385374287,           -1429840562
           1413874705,           -1391769503
           1429628267,           -1348437049
           1449179129,           -1308357030
           1456391462,           -1270455808
           1449554694,           -1235322334
           1453293131,           -1188898658
           1459283975,           -1139956453
           1456615568,           -1105112037
           1455574360,           -1069736950
           1460773345,           -1023218154
           1459819446,            -985800220
           1454916509,            -936801791
           1448179612,            -890150018
           1449180839,            -837372085
           1458743782,            -783256323
           1463533837,            -731462825
           1469657303,            -670021631
           1459465623,            -608711805
           1448103514,            -544374837
           1413120599,            -490627273
           1388284467,            -444562061
           1344523882,            -406588666
           1308083737,            -368683686
           1269484488,            -332844121
           1230365870,            -306036167
           1192111755,            -281361312
           1156153488,            -256966974
           1121197638,            -236064619
           1088361846,            -213470356
           1056838864,            -190570630
           1030289452,            -166903534
           1006962026,            -139449062
            996638255,            -101923846
            986887456,             -56580675
            999530784,              -8148585
           1051019135,              51877484
           1195749564,             138729061
           1452389291,             216700896
           1441137309,             155318300
           1392197666,             149918885
           1316300449,             131312995
           1254168512,             104189681
           1191230800,             101291861
           1141911913,             110936857
           1087883956,             115019443
           1039273670,             119391114
            984310729,             135691429
            936691678,             155571293
            888230217,             173198096
            830888318,             208518971
            763410373,             260504875
            683027154,             300804787
            599547863,             296720360
            543355736,             299494930
            495360900,             281611666
            461112075,             259856720
            436024359,             238072897
            409642114,             224436096
            385831582,             210130115
            361805905,             198699101
            340476541,             191154682
            317598588,             188076255
            293857364,             191989105
            272275445,             201827330
            252087388,             223164148
            235046076,             260144552
            232901721,             302030956
            248178320,             349388682
            286607601,             389390362
            332727181,             409345702
            382601143,             416860104
            430819888,             412989125
            476378022,             392147963
            527302290,             369955843
            573057680,             338210825
            629913820,             299788555
            709744632,             238446910
            837545756,             161232389
            914696873,             123087243
            938642040,             154455047
            954803942,             179786766
            953669037,             196464110
            954936382,             207109490
            957750784,             216847664
            960204105,             220706286
            963793523,             225292522
            964260871,             230768075
            970436203,             235427613
            973495753,             242530790
            986880329,             248078555
           1005092021,             255565128
           1038951634,             263892703
           1092447133,             278885474
           1178497345,             299831875
           1318233616,             309864930
           1414716318,             235491456
           1394239187,             139848954
           1349283827,             106573544
           1320800293,              74656057
           1275865731,              43268874
           1225881441,              17717412
           1172832341,               -548987
           1114582678,             -17482361
           1048351289,             -32033492
            972718022,             -52169615
            884980725,             -72506263
            798209224,             -90404109
            722178282,            -158392212
            695400345,            -205650468
            684691334,            -247183159
            690995042,            -284503982
            695875113,            -309871141
            703985152,            -335308082
            711836516,            -357337590
            719480439,            -375491854
            722839550,            -395120721
            726037421,            -414678478
            726603608,            -432505497
            723626874,            -453404683
            720517631,            -477117377
            713028995,            -502314320
            701991019,            -542273758
            683748672,            -600837029
            643201711,            -690962325
            642033752,            -801714301
            705036542,            -849908988
            751324301,            -836825938
            782023827,            -812966246
            814414882,            -777920665
            837886043,            -745505002
            860766921,            -715818336
            876545735,            -682647761
            899693269,            -654761465
            922092961,            -620235570
            946694666,            -586086938
            962733226,            -549787064
            979488825,            -509280207
           1016593021,            -460794135
           1064594320,            -400243600
           1142598172,            -340582049
           1259763796,            -291079307
           1354014447,            -262523617
           1487744607,            -235210160
           1595726874,            -236100082
           1697199913,            -304040779
           1799516726,            -363299693
           1867977431,            -450170023
           1957342347,            -475001451
           2037715815,            -524298886
           2165835802,            -541597753
           2345060868,            -511320690
           2487754905,            -422591727
           2605239530,            -315139876
           2644351053,            -225951383
           2625951260,            -131073894
           2612429715,              22647553
           2671184250,             125489333
           2645805919,             194259864
           2616075108,             250613471
           2596237261,             341737381
           2604215004,             444495391
           2625824321,             501881335
           2636407670,             537819585
           2650507440,             561928694
           2651246874,             583366787
           2646934503,             593530701
           2639097550,             595586676
           2627887657,             601411947
           2619573321,             603715460
           2596861105,             614633785
           2575501270,             622027569
           2543705557,             641071885
           2497178397,             670715218
           2436972446,             723082686
           2354531732,             791397881
           2248904678,             837402604
           2151840522,             866570583
           2072960207,             858660777
           2006183480,             813584542
           1934832458,             763838790
           1881916961,             719074173
           1819013207,             657854943
           1757068202,             592051923
           1697201122,             525329295
           1643484014,             452618645
           1585726190,             379427088
           1524673260,             295811650
           1476515829,             153515533
           1434764884,             -18333721
           1491383261,            -124563343
           1579418357,            -155597051
           1635154239,            -126405191
           1680385454,             -91409791
           1710166407,             -50577207
           1733674494,             -12220150
           1777532729,              77648318
           1826544456,             186441354
           1896639907,             352440881
           1944237353,             435159772
           2009644472,             414174783
           2063141816,             372418061
           2090580062,             332758985
           2091649864,             268689164
           2113455642,             201896779
           2109511649,             137912276
           2117044009,              60575832
           2134119070,             -18758589
           2153219281,            -115528205
           2124804807,            -219796823
           2101272492,            -274784665
           2056819095,            -306882945
           2005573454,            -331387894
           1955454076,            -348011611
           1905010745,            -366099363
           1852243997,            -373554638
           1794106094,            -388702395
           1737056886,            -402699253
           1673971105,            -418259234
           1591065361,            -435938488
           1501304619,            -458405606
           1408252163,            -466404137
           1329969153,            -450508807
           1292845246,            -431022338
           1269973183,            -406859554
           1252387944,            -386951292
           1234116811,            -367768468
           1212802518,            -349528253
           1190373305,            -334796649
           1166210105,            -319702115
           1133698762,            -303318601
           1097639085,            -286602895
           1053276827,            -264654982
            992245205,            -227346394
            897355490,            -191805600
            736931509,            -102762881
            461009955,             -93735430
            459820775,             -83290799
            505759369,             -77210733
            543281378,             -80874350
            582638429,             -92179329
            616028485,             -87869382
            650340798,             -83338627
            676335396,             -74299274
            699886786,             -65662267
            733880303,             -38202949
            776689320,               6316700
            836364287,              63760993
            908175000,             193993511
           1104643965,             347391680
           1321705945,             492179835
           1410571335,             441904750
           1513942892,             404822824
           1596959698,             322588376
           1701346651,             242251892
           1784441497,             201043133
           1892763022,             187993647
           1950508966,             271704884
           1947077812,             347223862
           1938468256,             410728837
           1913056671,             467887219
           1862169007,             506247474
           1813050338,             530452272
           1747985460,             541123406
           1692946686,             553142980
           1631276383,             558212027
           1574207619,             562180942
           1512310775,             560524109
           1449706018,             558942376
           1389539675,             548423012
           1324629074,             533236997
           1258133722,             517649720
           1189603520,             506712289
           1121980138,             490043543
           1049142476,             472738825
            975790307,             452757875
            903161779,             431447296
            830179626,             395358694
            758899481,             364414362
            683736756,             335952052
            616545507,             311941977
            558201550,             289295163
            499961595,             269367342
            440031177,             229966657
            384838653,             191463364
            337177838,             142660296
            303130920,              80181879
            273342268,              14729148
            280870644,             -65106557
            296837015,            -156802951
            349014996,            -237609083
            400384661,            -310504058
            468873586,            -350372606
            568183667,            -362279937
            660724757,            -338296013
            740583686,            -277167417
            750964153,            -187813698
            714909949,            -131777654
            653761838,            -109404153
            585752567,            -100064065
            537413806,            -125331658
            512449641,            -166920656
            501608473,            -211611616
            502623702,            -246582124
            513230101,            -279797974
            532009076,            -306319109
            560608210,            -326771688
            584833062,            -337753686
            608311057,            -343182133
            633856325,            -333051900
            654336384,            -321831040
            675850185,            -302187142
            689819151,            -279275925
            701239954,            -248489223
            710635670,            -212650334
            715025763,            -173455901
            712224536,            -139004844
            706894638,             -93953880
            703408006,             -47647170
            693555621,              -8824303
            680658682,              29408709
            661785225,              61178151
            635484379,              88078672
            599021577,             108885911
            558902272,             139800888
            511258179,             154198711
            456474539,             159308703
            388262714,             171614057
            311358526,             162522188
            210291020,             139744597
            105641268,              74135637
            -56063131,             -44077351
           -328749619,            -194939352
           -597449746,            -536390390
           -769031279,            -587612013
           -775588919,            -572008919
           -800116681,            -484166686
           -853306231,            -390657169
           -902787483,            -351858750
           -960896181,            -329610565
          -1027400108,            -339231708
          -1079585061,            -344403001
          -1133258101,            -394394368
          -1172362084,            -468181334
          -1181314870,            -547782755
          -1164694661,            -655081884
          -1125403156,            -731593005
          -1068498124,            -809225897
           -987406323,            -836800109
           -912800571,            -845022048
           -852918001,            -834272294
           -804486081,            -819471161
           -772475511,            -796594153
           -745352272,            -774395303
           -732596362,            -751232041
           -726469829,            -730804594
           -726548897,            -715879206
           -732872820,            -706775123
           -740144157,            -710815169
           -749772442,            -717994890
           -758383729,            -732650215
           -768544493,            -752955160
           -771208161,            -784314143
           -769712723,            -818435648
           -761313259,            -857474757
           -744744717,            -899317694
           -720692046,            -943326862
           -684726314,            -989421236
           -645910189,           -1029758539
           -600876390,           -1061198818
           -542479060,           -1084541808
           -486437475,           -1093907653
           -433298839,           -1084701150
           -387881722,           -1062819950
           -363034261,           -1028002942
           -352360689,            -996553166
           -359917036,            -966280958
           -380320760,            -941698411
           -408229810,            -931433614
           -439419611,            -942045086
           -466394288,            -963483216
           -482091265,            -998260512
           -484532345,           -1050237752
           -470975789,           -1104428336
           -444545172,           -1165935916
           -360121170,           -1226968950
           -215833675,           -1267623849
             16806900,           -1188164516
             89341432,            -994577861
            -51093931,            -945692819
           -150660411,            -969943970
           -175402092,           -1035774040
           -209285141,           -1093969544
           -202806291,           -1172819031
           -156066081,           -1276690236
            -41103534,           -1357210797
            173819137,           -1451428959
            433228736,           -1413894142
            478188823,           -1433798199
            444486979,           -1473459758
            443035182,           -1507900247
            461700138,           -1539202420
            489401322,           -1563774477
            522390151,           -1579129620
            555944761,           -1581861891
            601942903,           -1570407993
            647252131,           -1548014813
            692524927,           -1509235111
            723845192,           -1449735470
            742342725,           -1370413434
            747014605,           -1265859333
            721515258,           -1117003737
            686121408,            -953358408
            677720921,            -871420957
            711700135,            -838002233
            731382137,            -816301635
            746464879,            -796031246
            757446489,            -769209159
            759374580,            -744355061
            750273419,            -728499656
            735235752,            -712841617
            711540432,            -703975951
            687144920,            -704752128
            663313685,            -714210346
            642435911,            -727868596
            626527487,            -751593301
            619767074,            -777283851
            628950631,            -800605056
            650244974,            -823512251
            689184504,            -839827182
            744571651,            -845279209
            804070593,            -834584519
            859945915,            -807596017
            905629568,            -783195684
            944199092,            -749460102
            970472499,            -721806170
            984602852,            -686381261
            987403008,            -653182118
            975219777,            -616282534
            954750401,            -585792756
            912080557,            -564113883
            869136329,            -557923414
            818768196,            -571998291
            772559244,            -599250683
            742181871,            -639226183
            742266595,            -702690705
            773037823,            -769017362
            823844419,            -791023497
            870943034,            -789012724
            889597758,            -744668955
            891766719,            -698766713
            855416682,            -660835397
            809122410,            -649708097
            768284150,            -664949521
            730730803,            -685788967
            706290418,            -721684963
            696226687,            -765296064
            702089727,            -810697569
            718799216,            -851254342
            759941407,            -885002064
            820880558,            -910957879
            889826113,            -926128206
            956532680,            -932041539
           1026171235,            -927583463
           1079801062,            -913923054
           1137990686,            -886027619
           1203579448,            -848731808
           1251497191,            -822879130
           1291953283,            -776075640
           1335324562,            -722929519
           1347008981,            -671511047
           1360711972,            -617883258
           1359482481,            -550383912
           1343557889,            -498579496
           1310541340,            -450046170
           1258236446,            -385266175
           1195548309,            -333463920
           1144346512,            -286217955
           1092035424,            -261167672
           1022770195,            -229771815
            976281402,            -210940848
            933835051,            -215950967
            881695634,            -220675533
            836874293,            -244813415
            790979104,            -279139209
            757155501,            -323285109
            740517465,            -375350076
            731735803,            -442516868
            762802747,            -510567124
            824739151,            -578952805
            962949686,            -635245229
           1184741218,            -576674607
           1262444756,            -598472216
           1255050712,            -641822274
           1256181747,            -688173548
           1263616298,            -724057245
           1285603127,            -749816465
           1309424273,            -761077768
           1333647791,            -759204805
           1353191572,            -741227819
           1363903985,            -707655278
           1357022259,            -670720405
           1336079236,            -635508475
           1300535985,            -598435937
           1242530306,            -569269758
           1169059638,            -559922821
           1091757327,            -584210675
           1032979512,            -646006931
            997293708,            -740182545
           1070954067,            -861768419
           1183430486,            -921865786
           1251040727,            -890476500
           1298873020,            -823932867
           1274987800,            -736625019
           1232684045,            -688626554
           1177435070,            -673652490
           1140097071,            -702737022
           1115910142,            -745314167
           1107028051,            -786335576
           1116328642,            -815691438
           1139801133,            -835062959
           1170610170,            -832356155
           1193885593,            -820562465
           1206942019,            -794503793
           1209653517,            -765154982
           1194005097,            -737934323
           1165730387,            -719032742
           1133988794,            -710463611
           1101279573,            -719747651
           1077968701,            -739614857
           1065818378,            -766809739
           1072841118,            -785631838
           1087820651,            -801467920
           1110439566,            -802660153
           1137207879,            -787838289
           1152281613,            -757171292
           1154111091,            -719754224
           1136142325,            -677051926
           1093424619,            -644449751
           1049138668,            -627194863
            993003727,            -641881418
            947929990,            -678325554
            930813432,            -726973547
            937769512,            -774313082
            987066440,            -814208540
           1040283377,            -809960192
           1089993866,            -791407422
           1127044872,            -749977941
           1134671026,            -692152871
           1111008240,            -634937549
           1066296860,            -595190291
           1004745291,            -581776223
            945986713,            -593463405
            906093989,            -646017942
            860808292,            -715392324
            862298706,            -804289680
            912212072,            -890534111
           1015975903,            -936907486
           1204881142,            -953047561
           1401736359,            -829316314
           1529256531,            -915571333
           1587489308,            -962381050
           1644159447,            -979687254
           1681831428,            -962372032
           1705954463,            -930881484
           1724963598,            -886788545
           1721688516,            -834000090
           1707683488,            -784997842
           1679384466,            -746635710
           1636652123,            -725492695
           1590785313,            -715081258
           1545031618,            -725109281
           1516879100,            -749458530
           1503048487,            -776118725
           1506024277,            -797017917
           1532448216,            -800773338
           1563829637,            -766993286
           1592166342,            -681631804
           1573039906,            -526909659
           1364958896,            -345302639
           1256022175,            -214212741
           1289617752,            -239422305
           1334739108,            -170926948
           1337953456,            -123425066
           1307405706,             -84076156
           1260251386,             -70066270
           1216152609,             -80849285
           1189976958,            -111833511
           1185890184,            -142149234
           1194340384,            -160217429
           1208753416,            -160633005
           1216219602,            -147434592
           1211733357,            -128938949
           1196528901,            -112034136
