     1,      0
    41,    -12
   108,   -184
   315,      6
  -427,    -74
   775,    134
 -1511,     21
  2564,  -1936
  1677,   3283
 -3350,  -2557
  9792,  -7407
 17270,   9928
 10857, -14469
-13394,   3882
 -5067,  15761
 -5364,  -2508
 17274,  22065
 11536, -32768
-32768,  17988
 32767, -22767
  6486,  32767
 13168, -20540
-29173,  32767
-32768,  -8107
-32768, -32768
 32767, -32768
-16557,  32767
-32768,  19641
-32768,  12015
 32767,   5519
 32767,   7846
 32767,  18742
 -5913, -32768
 29745,  14999
 30627,  32767
 32767,  32767
 15283,  32767
 30920,  32767
   120,  27316
 32767, -32768
 -5841, -13537
-10133, -12851
-12518,  32767
-32768, -32768
 32767, -31317
 32767, -32768
 32767,  32767
-32768, -32768
 32767, -32768
 32767, -32768
 32767, -32768
 32767, -32768
 32767,  32767
-32768, -32768
 32767,  32767
-25589, -32768
 32767,  32767
 32767, -32768
-32768, -32768
 32767, -32768
 32767,  32767
-32768, -32768
-32768, -32768
-32768,  32767
 32767,  32767
 32767,  32767
 32767,  32767
 32767, -32768
-32768,  32767
 32767, -32768
-32768, -32768
 32767,  32767
 32767, -32768
 32767, -32768
 32767,  32767
 32767, -32768
-32768,  32767
-32768,  32767
-32768, -32768
 32767,  32767
-32768,  32767
 32767,  32767
 32767,  32767
 32767,  32767
-32768,  32767
-32768,  32767
 32767, -32768
 32767, -32768
-32768,  32767
 32767, -32768
-32768,  32767
 32767, -32768
-32768,  32767
 32767,  32767
-32768, -32768
-32768,  32767
 32767, -32768
 32767, -32768
-32768,  32767
 32767,  32767
-32768,  32767
 32767,  32767
-32768,  32767
 32767, -32768
-32768, -32768
 32767,  32767
 32767,  32767
-32768, -32768
 32767, -32768
 32767, -32768
 32767, -32768
-32768, -32768
 32767,  32767
-32768, -32768
-32768, -32768
-32768, -32768
 32767, -32768
 32767, -32768
 32767, -32768
 32767,  32767
-32768, -32768
-32768, -32768
 32767, -32768
-32768, -32768
 32767,  32767
 32767,  32767
-32768,  32767
 32767,  32767
 32767, -32768
 32767,  32767
 32767,  32767
 32767, -32768
-32768, -32768
 32767,  32767
 32767,  32767
 32767, -32768
 32767,  32767
-32768,  32767
-32768,  32767
 32767,  32767
 32767,  32767
 32767, -32768
 32767,  32767
 32767, -32768
 32767, -32768
-32768, -32768
-32768, -32768
 32767, -32768
-32768,  32767
 32767, -32768
-32768,  32767
 32767, -32768
 32767, -32768
 32767, -32768
 32767,  32767
 32767, -32768
 32767,  32767
 32767,  32767
 32767,  32767
-32768,  32767
 32767,  32767
 32767, -32768
-32768,  32767
-32768, -22887
 32767,  29464
 32767,  32767
-32768, -32768
-32768,  32767
-32768,  11215
 32767,   9162
 32767, -25350
-32768, -32768
-32768,  13056
-32768,  14928
-26035,  32767
  7453,  32767
-32768,  32767
 28853,   7241
  5603, -20923
-24624,   6827
   147,   4440
 32767,  29332
 32767, -32768
-32768, -32768
 32767, -32768
-32768,  32767
-32768,  32767
 32767,  32767
 32767, -32768
-32768,  32767
-32768, -32768
-32768,  32767
 32767, -32768
-32768, -32768
 32767,  32767
-32768, -32768
-32768, -32768
-32768, -32768
-32768,  32767
 32767,  32767
-32768,  32767
 32767,  32767
-32768, -32768
-32768, -32768
-32768,  32767
 32767, -32768
-32768,  32767
-32768,  32767
 32767, -32768
-32768, -32768
-32768, -32768
-32768, -32768
-32768, -32768
-32768, -32768
 32767,  32767
 32767,  32767
 32767,  32767
-32768, -32768
-32768,  32767
 32767, -32768
-32768, -32768
-32768, -32768
-32768, -32768
 32767, -32768
 32767,  32767
 32767,  32767
-32768,  32767
-32768,  32767
 32767,  32767
-32768, -32768
-32768, -32768
-32768, -32768
-32768,  32767
-32768, -32768
 32767,  32767
-32768, -32768
 32767, -32768
 32767,  32767
 32767,  32767
 32767,  32767
 32767, -32768
 32767, -32768
-32768,  32767
 32767, -32768
-32768,  32767
 32767,  32767
 32767, -32768
-32768, -32768
 32767, -32768
 32767, -32768
-32768, -32768
 32767, -32768
-32768,  32767
 32767,  32767
 32767, -32768
-32768, -32768
 32767,  32767
 32767, -32768
-32768, -32768
-32768, -32768
-32768, -32768
-32768,  32767
 32767,  32767
 32767,  32767
-32768,  32767
 32767, -32768
-32768, -32768
-32768,  32767
-32768, -32768
 32767, -32768
-32768, -32768
-32768, -32768
-32768,  32767
 32767,  32767
-32768,  32767
 32767,  32767
-32768,  32767
-32768,  32767
-32768,  32767
-32768,  32767
-32768, -32768
 32767,  32767
-32768, -32768
 32767, -32768
-32768,  32767
 32767,  32767
-32768, -32768
 32767, -32768
 32767, -32768
 32767,  32767
-32768,  32767
-32768,  32767
 32767,  32767
-32768, -32768
-32768,  32767
 32767,  32767
 32767, -32768
-32768, -32768
 32767, -32768
-32768, -32768
 32767,  32767
 32767, -32768
-32768, -32768
 32767,  32767
 32767, -32768
 32767, -32768
 32767, -32768
 32767,  32767
 32767, -32768
 32767,  32767
 32767,  32767
 32767, -32768
-32768, -32768
-32768, -32768
 32767,  32767
-32768, -32768
 32767,  32767
 32767, -32768
-32768,  32767
-32768,  32767
-32768, -32768
 32767, -32768
-32768,  32767
-32768, -32768
-32768, -32768
-32768, -32768
 32767, -32768
-32768,  32767
 32767, -32768
 32767,  32767
-32768, -32768
 32767, -32768
-32768,  32767
 32767,  32767
-32768, -32768
-32768,  32767
 32767, -32768
-32768,  32767
 32767, -32768
 32767,  32767
-32768, -32768
-32768,  32767
 32767, -32768
 32767,  32767
 32767,  32767
-32768, -32768
-32768,  32767
-32768, -32768
-32768,  32767
 32767, -32768
 32767, -32768
 32767,  32767
 32767, -32768
 32767, -32768
 32767, -32768
-32768, -32768
-32768, -32768
-32768, -32768
 32767,  32767
 32767, -32768
 32767,  32767
-32768, -32768
-32768,  32767
 32767,  32767
 32767,  32767
 32767, -32768
-32768,  32767
 32767,  32767
 32767, -32768
-32768, -32768
-32768, -32768
-32768,  32767
 32767, -32768
-32768,  32767
 32767,  32767
-32768,  32767
 32767, -32768
 32767, -32768
 32767,  32767
 32767, -32768
-32768,  32767
 32767, -32768
 32767,  32767
-32768, -32768
-32768, -32768
-32768, -32768
 32767,  32767
-32768, -32768
 32767,  32767
-32768,  32767
-32768, -32768
-32768,  32767
 32767,  32767
 32767,  32767
 32767, -32768
-32768, -32768
 32767, -32768
-32768,  32767
 32767, -32768
 32767,  32767
 32767, -32768
 32767, -32768
 32767,  32767
 32767, -32768
-32768,  32767
-32768, -32768
 32767, -32768
 32767, -32768
-32768,  32767
-32768, -32768
 32767,  32767
-32768,  32767
 32767, -32768
 32767,  32767
-32768,  32767
-32768,  32767
 32767,  32767
 32767,  32767
 32767,  -8476
 22337, -32768
-26053,   2538
 -9818, -32768
-32768, -32768
-32768,  -6820
-32768,  32767
 32767,  32767
-32768, -32768
-32768, -28356
 32767,  32767
 32767,  32767
 32767, -32768
-32768,  32767
 32767, -32768
-32768,  32767
-32768,  32767
-32768,  32767
 32767,  32767
 32767, -32768
-32768, -32768
-32768,  32767
-32768,  32767
-32768, -32768
 32767,  32767
 32767,  32767
 32767, -32768
 32767, -32768
-32768,  32767
 32767, -32768
-32768,  32767
-32768, -32768
 32767,  32767
 32767, -32768
-32768,  32767
-32768, -32768
 32767, -32768
-32768, -32768
 32767,  32767
 32767, -32768
-32768, -32768
-32768,  32767
 32767,  32767
 32767,  32767
 32767, -32768
 32767,  32767
-32768, -32768
-32768,  32767
-32768,  32767
-32768, -32768
-32768,  32767
 32767,  32767
-32768, -32768
 32767,  32767
-32768,  32767
-32768, -32768
 32767, -32768
-32768,  32767
-32768,  32767
-32768, -32768
 32767,  32767
 32767, -32768
-32768,  32767
 32767,  32767
 32767,  32767
 32767, -32768
 32767, -32768
-32768, -32768
 32767, -32768
 32767,  32767
 32767,  32767
 32767,  32767
-32768, -32768
-32768, -32768
-32768, -32768
-32768,  31577
-32768,  32767
-32768, -32768
 29085,  32767
 32767,  32767
-32768,  32767
-32768,  -4028
-25070, -32768
 32767,  32767
 32767, -32768
-32768,  32767
 32767, -32768
-32768,  32767
-32768, -32768
 32767, -32768
-32768, -32768
-32768,  32767
-32768,  32767
 32767, -32768
 32767, -32768
 32767,  32767
-32768,  32767
 32767, -32768
 32767,  32767
-32768,  32767
 32767, -32768
 32767,  32767
-32768,  32767
-32768, -32768
 32767,  32767
 32767,  32767
 32767, -32768
 32767, -32768
 32767, -32768
-32768,  32767
-32768,  32767
-32768,  32767
 32767,  32767
 32767, -32768
 32767, -32768
-32768, -32768
-32768, -32768
 32767, -32768
 32767, -32768
-32768,  32767
-32768,  32767
-32768,  32767
-32768,  32767
-32768,  32767
-32768, -32768
-32768, -32768
-32768,  32767
 32767, -32768
 32767, -32768
 32767,  32767
 32767,  32767
-32768, -32768
 32767,  32767
-32768,  32767
-32768, -32768
-32768, -32768
-32768, -32768
-32768,  32767
-32768, -32768
 32767, -32768
-32768, -32768
-32768,  32767
-32768,  32767
-32768, -32768
-32768, -32768
 32767, -32768
-32768, -32768
 32767,  32767
 32767, -32768
-32768,  32767
 32767, -32768
-32768, -32768
 32767, -32768
 32767,  32767
 32767, -32768
 32767, -32768
 32767,  32767
 32767,  32767
 32767,  32767
-32768, -32768
 32767,  32767
-32768, -32768
-32768, -32768
-32768, -32768
-32768, -32768
-32768, -32768
 32767,  32767
 32767,  32767
 32767, -32768
-32768, -32768
 32767, -32768
-32768,  32767
 32767,  32767
 32767, -32768
 32767,  32767
-32768, -32768
 32767,  32767
 32767,  32767
-32768,  32767
 32767,  32767
 32767, -32768
 32767,  32767
 32767, -32768
 32767,  32767
 32767,  32767
-32768, -32768
-32768, -32768
 32767, -32768
 32767,  32767
-32768,  32767
-32768, -32768
 32767,  32767
-32768,  32767
 32767,  32767
 32767, -32768
 32767, -32768
 32767, -32768
-32768,  32767
 32767,  32767
 32767, -32768
 32767, -32768
 32767,  32767
-32768, -32768
 32767,  32767
 32767,  32767
 32767, -32768
 32767, -32768
 32767,  32767
-32768, -32768
 32767,  32767
-32768,  32767
-32768,  32767
-32768,  32767
-32768,  32767
 32767, -32768
-32768,  32767
 32767,  32767
 32767,  32767
-32768, -32768
-32768, -32768
 32767,  32767
 32767, -32768
-32768, -32768
-32768, -32768
 32767,  32767
-32768, -32768
 32767, -32768
 32767,  32767
 32767,  32767
-32768, -32768
 32767,  32767
 32767, -32768
-32768,  32767
-32768,  32767
 32767,  32767
-32768,  32767
 32767,  32767
-32768, -32768
 32767,  32767
-32768,  32767
-32768, -32768
 32767, -32768
-32768, -32768
 32767,  32767
-32768, -32768
-32768, -32768
 32767, -32768
-32768, -32768
 32767,  32767
 32767, -32768
 32767,  32767
-32768, -32768
 32767, -32768
 32767, -32768
 32767,  32767
-32768, -32768
-32768,  32767
-32768,  32767
-32768,  32767
-32768,  32767
 32767,  32767
-32768,  32767
-32768, -32768
-32768,  32767
-32768,  32767
 32767,  32767
 32767, -32768
 32767, -32768
 32767, -32768
 32767,  32767
 32767,  32767
 32767,  32767
 32767,  32767
 32767, -32768
 32767, -32768
 32767,  32767
-32768, -32768
-32768,  32767
-32768, -32768
 32767,  32767
-32768,  32767
-32768, -32768
 32767,  32767
-32768,  32767
 32767,  32767
 32767,  32767
 32767,  32767
-32768,  32767
-32768, -32768
 32767, -32768
 32767,  32767
 32767,  32767
-32768,  32767
 32767, -32768
-32768,  32767
-32768, -32768
 32767, -32768
 -8294,  32767
 32767,  32767
-25050,  32767
-32768,  32767
-32768,  32767
 32767, -32768
 32767, -32768
-32768,  32767
 32767,  32767
-32768, -32768
 32767, -32768
-32768, -32768
 23389,  32767
 11260,  -1420
  1642,   7475
 30328,   9555
 10974,   9846
 -1903,  12111
-11144,   2383
 -6237,  -5982
 -4130,   6773
 -5533,   4451
  -457,  -2331
 -1243,   -308
  2533,   4015
  3251, -10994
 -6501,    737
 12981,  -1050
 -3709,   -952
 -1013,   -108
 -6239,  -4487
  -238,  -7647
  7299, -12198
  -651,   -289
 -1012,  -4954
  2624,   4692
  5864,   4146
 -3828,   1366
  2224,  -3419
 -9204,   4218
 10625,  13954
  3364,   4162
  1100,  -1858
 -1579,   -495
   633,    123
  -240,    -15
  -115,    -13
  -468,    513
 -3047,   3620
-12993,  21884
 32767,  32767
 32767, -32768
-32768,  27093
 32767, -32768
-32768, -32768
  6443, -32768
-32768,  32767
 21218,  32767
 32767,  22388
 32767, -12076
-32768, -32768
 32767,  32767
-32768, -32768
 32767,  32767
 32767,  32767
-32768,  32767
-32768, -32768
-32768,  32767
-32768, -32768
 32767, -32768
-32768,  32767
 32767, -32768
 32767,  32767
 32767,  32767
-32768, -32768
-32768, -32768
-32768, -32768
-32768, -32768
-32768,  32767
 32767, -32768
-32768, -32768
-32768, -32768
 32767,  32767
-32768,  32767
 32767,  12769
-32768,  32767
-32768,  32767
-32768,  32767
 32767,  -8739
 32767, -32768
-32768, -32768
-32768,  32767
-32768,  32767
-32768,  32767
 32767,  32767
-32768,  32767
 32767,  32767
 32767,  32767
 32767,  32767
-32768,  32767
 32767, -32768
-32768, -32768
-32768, -32768
 32767, -32768
 32767, -32768
 32767, -32768
-32768, -32768
 32767,  32767
 32767, -32768
-32768, -32768
-32768, -32768
-32768, -32768
 32767, -32768
 32767,  32767
-32768,  32767
-32768,  32767
-32768,  32767
 32767, -32768
-32768,  32767
-32768, -32768
-32768,  32767
-32768,  32767
-32768, -32768
-32768,  32767
-32768, -32768
-32768, -32768
 32767, -32768
 32767,  32767
 32767, -32768
-32768, -32768
 32767,  32767
 32767,  32767
 32767,  32767
 32767, -32768
-32768, -32768
-32768, -32768
 32767,  32767
 32767, -32768
 32767, -32768
 32767,  32767
 32767,  32767
 32767, -32768
-32768,  32767
-32768,  32767
 32767,  32767
-32768, -32768
 32767, -32768
 32767,  32767
-32768, -32768
 32767, -32768
-32768,  32767
 32767, -32768
 32767, -32768
-32768, -32768
 32767, -32768
-32768, -32768
-32768,  32767
 32767,  32767
 32767, -32768
 32767, -32768
-32768,  32767
 32767,  32767
-32768,  32767
 32767, -32768
-32768,  32767
 32767,  32767
-32768, -32768
-32768,  32767
-32768,  32767
 32767,  32767
 32767,  32767
 32767,  32767
-32768,  32767
 32767,  32767
 32767, -32768
-32768, -32768
-32768,  32767
-32768, -32768
-32768,  32767
-32768,  32767
-32768, -32768
 32767, -32768
-32768,  32767
 32767,  32767
-32768,  32767
 32767, -32768
 32767,  32767
-32768, -32768
 32767,  32767
-32768, -32768
-32768, -32768
 32767,  32767
-32768,  32767
-32768, -32768
 32767, -32768
 32767, -32768
-32768,  32767
 32767,  32767
-32768, -32768
-32768, -32768
-32768,  32767
-32768, -32768
 32767,  32767
 32767,  32767
-32768,  32767
-32768,  32767
 32767, -32768
-32768, -32768
 32767,  32767
-32768, -32768
 32767, -32768
 32767, -32768
-32768, -32768
 32767,  32767
-32768, -32768
 32767,  32767
 32767,  32767
 32767,  32767
-32768, -32768
-32768, -32768
 32767,  32767
-32768,  32767
-32768, -32768
 32767, -32768
 32767, -32768
-32768,  32767
-32768,  32767
-32768, -32768
 32767, -32768
-32768, -32768
 32767, -32768
 32767,  32767
-32768, -32768
 32767, -32768
-32768,  32767
 32767, -32768
-32768, -32768
 32767, -32768
-32768, -32768
-32768, -32768
-32768,  32767
-32768,  32767
-32768,  32767
-32768, -32768
 32767, -32768
