1,-1
1,-1
0,0
0,0
-1,0
0,-1
0,-1
0,-1
0,0
-1,0
0,-1
0,-1
-1,0
0,0
0,1
0,0
-1,0
0,1
0,1
0,1
0,0
0,0
0,0
0,0
1,0
0,0
1,0
2,0
1,-1
1,-1
0,-1
0,-1
0,1
0,0
0,-1
-1,0
-1,-1
0,-1
0,0
0,0
0,-1
-1,0
0,1
0,1
0,0
-1,0
0,1
0,0
1,1
-1,0
-1,-1
0,-1
0,0
0,0
1,0
0,0
0,0
1,0
1,1
0,0
0,0
0,0
0,0
0,0
0,0
-1,1
1,0
1,0
0,0
-1,1
-1,1
0,0
0,0
0,0
1,0
0,-1
-1,0
-1,0
0,0
1,1
1,0
-1,0
-1,-1
-1,-1
0,1
0,1
-1,0
-1,1
-1,0
0,-1
0,-1
0,-1
-1,0
0,0
-1,0
0,0
0,-1
-1,-1
0,0
0,0
0,1
0,0
1,-1
0,0
0,0
1,0
0,0
0,1
1,0
0,0
-1,0
-1,0
0,0
0,0
0,1
0,0
1,0
0,0
0,0
0,0
0,0
1,2
1,2
0,1
-1,1
-1,0
-1,0
0,0
0,0
0,0
0,0
0,0
0,0
0,0
0,0
0,0
1,-1
1,-1
0,-1
-1,0
0,0
1,0
1,1
0,0
0,-1
0,-1
0,0
1,0
1,0
-1,-1
0,0
1,0
0,-1
-2,0
-1,0
0,0
1,0
1,0
1,0
0,-1
0,-1
0,0
0,1
-1,0
-1,0
-1,-1
-1,0
-1,0
0,0
1,0
0,0
0,0
0,0
0,0
0,0
0,1
0,0
0,0
0,0
-1,-1
-1,0
0,0
0,0
0,0
1,0
0,0
0,0
1,1
0,0
1,0
0,0
0,0
1,0
0,1
-1,1
-1,0
-1,-1
0,-1
-1,0
0,1
1,0
1,0
0,0
-1,0
0,0
0,-1
-1,-1
-2,0
-1,0
-1,0
-1,-1
0,0
1,0
0,1
0,0
0,-1
0,0
0,1
1,-1
2,-2
1,-1
0,0
0,-1
0,-1
1,0
1,0
1,0
0,0
1,0
0,0
-1,0
0,0
0,-1
-1,-1
-1,0
-1,0
0,0
1,0
0,1
0,1
1,1
0,0
1,-1
0,0
-1,1
0,0
0,0
1,0
1,0
0,-1
-2,0
-1,0
0,0
-1,-1
-1,-1
0,0
0,1
-1,0
-1,0
0,0
0,0
0,-1
0,0
0,1
0,1
0,0
1,0
1,1
1,1
1,0
0,-1
1,0
0,0
0,0
1,0
1,0
1,0
0,0
0,-1
-1,-2
0,-1
0,0
0,0
1,-1
1,0
1,0
1,-1
1,0
0,0
1,-1
1,-1
0,-2
0,-1
0,0
-1,1
-1,0
0,-1
1,-1
1,-2
1,-1
0,1
0,0
0,0
-1,0
-1,-1
1,-2
1,0
0,0
0,0
1,-1
0,0
-1,0
-1,-1
0,0
0,0
0,-1
1,1
0,1
1,0
1,0
0,-1
0,0
0,-1
1,-1
1,-1
0,0
-1,0
0,-1
0,-1
0,0
1,0
1,-1
0,0
-1,0
0,-1
0,0
0,0
0,0
0,1
0,0
0,-1
0,0
0,0
1,0
1,0
1,0
1,0
0,1
0,0
0,1
1,0
2,0
1,0
0,0
0,0
0,0
0,-1
0,0
0,-1
0,0
0,0
1,0
0,0
0,0
0,0
0,0
0,0
0,0
0,0
0,-1
0,-1
1,1
0,1
0,0
1,0
-1,0
0,0
0,0
0,0
0,1
-1,1
1,0
0,0
0,1
0,0
0,0
0,1
1,0
0,0
0,0
0,-1
-1,-1
-1,-1
-1,-1
0,-1
0,0
-1,1
-1,0
-1,-1
-1,0
0,0
1,0
0,0
0,-1
0,-1
0,0
0,0
0,0
0,1
0,-1
0,0
0,0
-1,1
-1,1
0,0
0,-1
-1,0
0,0
0,0
0,0
0,0
-1,-1
-1,0
0,1
-1,0
-1,-1
-1,0
0,1
1,0
1,0
0,0
0,0
0,0
0,0
0,0
1,0
2,0
1,0
0,0
-1,1
-1,0
0,0
0,0
-1,1
-1,1
0,0
0,0
0,0
0,0
0,0
1,0
0,0
1,-1
0,0
1,1
1,0
0,-1
0,-1
0,-1
0,0
0,1
0,0
0,-1
1,0
1,1
0,0
0,0
1,0
1,0
0,0
1,1
1,0
1,0
0,1
0,0
0,0
-1,0
0,1
0,-1
0,-1
-1,0
-1,-1
1,-1
0,0
-1,1
0,1
0,0
0,-1
0,-1
0,-1
0,0
0,0
1,0
1,0
0,0
0,0
0,0
-1,1
0,0
1,0
1,0
0,0
0,0
1,0
1,0
0,0
0,0
1,1
0,0
0,0
0,0
0,0
1,-1
1,-1
1,-1
-1,0
-1,0
0,0
0,0
0,0
0,1
0,0
0,0
0,1
0,0
0,0
1,0
1,0
0,0
0,0
0,1
0,0
-1,-1
0,0
0,0
-1,-1
0,-1
0,0
-1,1
-2,1
-1,1
0,0
0,0
0,0
1,0
0,0
0,0
1,0
0,0
-1,0
-1,1
-1,0
0,0
-1,-1
0,0
0,0
0,1
0,-1
0,-1
0,-1
0,1
0,1
-1,1
0,2
0,1
-1,0
-1,0
-1,0
0,0
1,0
0,1
-1,1
-1,0
-1,0
0,1
0,0
1,0
1,-1
-1,0
-1,0
-1,0
0,0
0,0
0,1
0,0
0,-1
1,0
1,0
1,0
1,0
-1,1
0,0
0,0
-1,0
-1,-1
1,-1
1,0
0,0
-2,-1
-1,0
0,0
1,-1
1,0
2,1
0,1
0,1
0,0
0,0
0,-1
0,0
0,0
1,0
0,0
0,0
1,0
0,0
0,0
-1,1
-1,1
0,0
-1,0
1,1
1,0
0,0
-1,0
0,-1
1,-1
1,0
1,-1
0,-1
-1,0
-1,-1
0,-1
1,-1
0,-2
-1,-1
0,0
0,0
1,0
0,0
-1,1
0,0
0,-1
-1,-1
0,0
1,-1
0,-2
1,0
1,1
1,1
1,1
0,1
0,0
0,-1
1,-1
0,0
0,1
0,0
0,0
0,1
-1,1
0,0
0,-1
0,-1
0,0
0,1
-1,0
0,0
0,1
-1,1
0,0
0,-1
-1,0
-2,0
-1,-1
-1,0
-2,1
-2,1
1,2
0,2
-2,2
-2,3
-1,5
0,6
3,5
9,3
12,4
14,5
10,10
2,19
-1,21
-4,22
-13,16
-22,2
-21,-8
-13,-19
-11,-24
-9,-24
4,-25
3,-25
-13,-20
-25,-10
-27,-3
-26,-8
-26,-11
-26,-4
-18,18
-15,24
-20,20
-25,9
-24,-11
-25,-13
-29,-8
-21,-20
-13,-28
2,-29
20,-21
28,-15
30,-13
29,-9
25,13
15,29
20,26
28,19
29,17
18,25
-7,31
-13,32
-19,26
-32,8
-34,-4
-34,5
-35,3
-36,0
-35,-4
-23,-23
2,-34
11,-35
5,-36
-11,-35
-2,-34
18,-31
20,-33
10,-36
-5,-38
-9,-35
15,-34
10,-38
-4,-39
4,-35
28,-24
39,-11
36,-18
16,-35
-14,-38
-18,-38
3,-41
11,-42
-7,-38
-33,-26
-38,-20
-33,-27
-19,-38
-11,-42
-1,-45
5,-45
15,-43
19,-42
28,-36
39,-24
36,-29
18,-43
-2,-48
-4,-48
5,-48
-1,-47
12,-44
3,-47
-22,-45
-33,-38
-36,-35
-31,-40
-25,-44
-22,-47
-16,-50
-27,-45
-34,-40
-18,-45
15,-46
39,-31
50,-14
44,-29
40,-36
35,-41
45,-28
54,0
53,20
48,27
40,38
53,18
57,11
49,28
49,32
56,12
53,-21
46,-36
45,-40
38,-48
47,-34
55,8
54,32
54,31
57,3
45,-40
46,-43
58,-28
61,-19
59,13
58,29
53,35
47,47
45,50
35,55
19,63
35,58
44,55
56,42
63,29
67,21
69,17
70,13
67,-16
63,-22
68,14
72,7
73,-4
73,-1
73,4
69,-23
66,-35
46,-57
14,-73
-18,-71
-31,-68
-54,-52
-70,-33
-64,-44
-69,-36
-78,-9
-80,3
-79,-9
-76,-26
-64,-46
-34,-73
-23,-79
-30,-76
-56,-62
-59,-61
-51,-68
-48,-72
-46,-74
-43,-77
-39,-80
-57,-64
-81,-27
-83,-23
-79,-35
-86,11
-79,44
-64,64
-25,81
17,87
-11,90
-17,91
-34,82
-56,76
-34,88
-4,94
30,88
50,79
1,87
-37,90
-8,92
55,76
62,76
56,82
17,92
-37,91
-60,80
-22,91
27,93
-14,95
-52,85
-87,49
-100,33
-103,21
-105,5
-107,-11
-103,-28
-69,-73
-19,-102
-12,-104
-41,-97
-3,-106
5,-113
4,-112
12,-113
2,-115
4,-113
23,-111
28,-111
27,-111
62,-92
85,-71
18,-99
-70,-88
-110,-37
-108,35
-75,91
-40,112
-4,119
10,117
-40,107
-48,107
-59,104
-60,108
-50,113
-90,72
-111,56
-95,80
-58,106
-3,127
22,127
22,125
-23,122
-69,104
-102,78
-117,51
-130,12
-127,-6
-92,-69
-34,-124
7,-133
-9,-133
-37,-129
-71,-110
-118,-32
-133,19
-135,21
-137,13
-136,4
-125,39
-69,110
5,136
-14,132
-78,108
-121,34
-110,-69
-86,-111
-116,-80
-101,-91
-72,-123
-66,-128
-65,-128
-49,-131
-32,-137
14,-126
60,-128
15,-146
-1,-149
16,-146
68,-126
117,-82
143,-42
143,-34
121,40
30,125
-14,150
12,150
-17,146
-48,145
1,148
85,113
145,36
144,-42
138,-58
136,26
142,33
127,-60
15,-127
-98,-103
-117,-81
-65,-136
-87,-123
-123,-93
-87,-124
-8,-144
59,-140
106,-108
142,-51
131,41
112,100
143,56
102,97
56,138
127,73
149,52
149,60
152,35
109,92
23,148
-38,155
-11,154
56,143
18,153
-67,130
-138,74
-137,82
-139,47
-145,-48
-150,-55
-155,-45
-157,-24
-136,-78
-71,-130
45,-144
86,-139
98,-128
116,-103
133,11
110,115
112,120
84,131
30,160
37,159
-26,151
-108,108
-150,10
-149,-65
-138,-89
-106,-122
-99,-128
-141,-78
-132,-93
-101,-122
-7,-147
-18,-154
-70,-148
-80,-146
-105,-131
-120,-117
-133,-101
-129,-105
-140,-76
-160,-28
-133,-78
-82,-139
-99,-125
-141,-83
-146,-51
-127,75
-110,119
-120,110
-117,110
-143,77
-157,37
-162,3
-112,79
-49,154
-76,133
-141,33
-166,-9
-167,-1
-149,-44
-119,-110
-74,-139
-22,-162
-25,-162
-52,-155
-11,-149
92,-123
71,-141
39,-158
74,-144
54,-150
-1,-161
13,-147
112,-105
143,-84
154,-59
159,-44
146,-76
89,-128
44,-151
106,-112
140,-84
131,-92
98,-128
39,-155
-11,-162
20,-158
40,-156
-11,-160
-27,-162
-15,-162
-13,-161
-88,-126
-146,-66
-151,27
-128,98
-138,85
-135,93
-142,75
-152,59
-147,72
-146,66
-143,58
-55,130
40,155
51,153
18,158
-35,153
-84,137
-53,147
48,144
126,91
158,33
163,15
158,27
136,76
137,68
152,-30
130,-93
132,-74
158,-16
159,3
159,3
152,-48
92,-111
-31,-145
-99,-122
-140,-37
-136,71
-103,122
-112,107
-146,46
-155,5
-125,80
-115,93
-153,24
-156,36
-149,57
-147,57
-139,71
-150,45
-112,99
-97,115
-134,11
-79,-107
14,-152
-6,-156
-59,-148
-46,-150
-14,-156
-40,-151
-1,-153
53,-135
113,-11
78,114
5,156
-24,156
-13,157
27,156
36,153
94,121
119,105
134,84
124,94
86,130
51,149
59,148
64,145
68,143
82,133
36,139
-49,146
-74,139
-81,132
-67,142
-58,146
-98,116
-137,72
-139,64
-122,85
-141,-11
-131,-83
-75,-129
10,-145
105,-101
147,-53
149,-49
93,-110
13,-148
67,-129
131,-75
151,-47
129,-86
110,-114
112,-112
94,-127
93,-128
91,-129
91,-124
124,-94
134,-79
89,-119
8,-155
-2,-157
4,-158
-6,-158
-25,-155
-20,-154
-59,-142
-101,-118
-87,-119
-39,-151
-83,-130
-133,-71
-136,40
-96,120
-28,147
69,127
142,43
152,22
149,48
156,29
157,2
118,59
10,137
-13,155
-2,154
-55,142
-77,138
-76,137
-71,140
-46,153
-5,158
25,151
-45,124
-108,113
-99,123
-83,132
-86,131
-108,116
-102,119
-75,140
-35,149
23,152
-16,150
12,149
56,143
-17,142
-59,145
-51,149
-36,153
-3,157
-19,153
-81,129
-127,73
-148,-10
-141,-68
-146,-59
-156,-10
-145,54
-116,105
-91,123
-33,151
-3,156
-31,151
-91,119
-103,110
-41,151
-17,158
-29,156
6,151
84,128
131,75
154,22
112,78
30,145
41,146
113,94
115,97
78,135
49,148
90,126
128,94
131,88
127,88
130,74
73,125
-13,147
-12,147
79,123
139,21
150,-52
142,-70
150,-47
150,-49
154,-39
156,-18
141,46
110,110
99,123
100,120
136,75
155,36
159,15
157,24
143,61
110,109
75,137
95,121
137,76
128,92
104,118
48,145
30,149
112,91
151,11
145,-59
125,-95
128,-72
153,8
154,41
154,36
156,13
153,-21
154,-24
154,-34
156,-27
153,-37
133,-73
136,-57
155,-11
151,-33
139,28
58,119
-51,137
-123,86
-116,85
9,133
103,117
111,113
112,110
79,130
60,142
19,149
-54,139
-113,107
-128,40
-95,-96
-68,-142
-90,-129
-105,-115
-86,-130
-72,-133
1,-148
19,-155
50,-147
91,-120
136,-72
142,-70
123,-100
116,-108
122,-96
76,-133
23,-151
-67,-131
-125,-95
-138,-71
-125,-90
-146,-53
-150,-38
-151,21
-140,74
-138,75
-145,29
-138,-58
-109,-106
-48,-141
27,-150
68,-141
67,-142
54,-148
79,-131
129,-87
141,-59
149,9
151,34
151,43
156,25
153,39
154,27
146,38
142,55
142,-40
130,-68
127,45
79,129
64,144
34,153
30,155
83,128
140,43
150,-38
148,-48
144,-59
144,-61
154,-28
157,13
157,-1
153,-35
144,-59
136,-69
94,-123
69,-142
64,-140
106,-109
99,-122
71,-140
97,-119
95,-123
58,-141
-7,-155
-85,-126
-134,-82
-154,-29
-139,48
-64,135
16,148
96,119
111,112
95,121
96,120
87,122
21,151
8,157
-11,142
-113,75
-154,8
-154,14
-133,80
-137,60
-145,31
-118,96
-61,138
-32,151
-34,139
-108,93
-102,117
-67,144
-51,151
-61,145
-97,121
-98,115
-37,150
-31,149
-108,84
-153,3
-152,-36
-149,-58
-135,-80
-119,-106
-102,-120
-69,-132
17,-147
73,-138
111,-103
139,-11
133,78
141,69
155,21
155,-7
147,-40
145,26
147,56
155,24
139,53
103,114
103,120
131,81
145,61
140,68
126,92
142,66
143,67
138,76
146,61
147,56
153,38
139,59
104,112
97,119
59,142
82,132
131,70
153,24
145,59
141,71
147,58
130,83
92,126
35,149
0,159
26,156
71,135
135,59
159,9
156,24
149,51
152,47
158,25
159,2
145,-46
134,-79
142,-69
136,-74
110,-108
66,-143
38,-155
-9,-153
-86,-125
-140,-63
-157,-23
-157,-6
-135,66
-127,87
-139,68
-110,110
-104,113
-137,58
-153,20
-155,-3
-152,-36
-141,-66
-114,-103
-72,-126
41,-132
120,-98
119,-102
89,-128
85,-131
115,-102
128,-91
109,-110
130,-68
141,-62
128,-91
137,-55
149,23
131,77
136,66
144,61
150,50
150,51
148,27
98,-86
21,-152
19,-156
2,-156
-12,-157
13,-157
50,-146
76,-138
44,-151
13,-157
27,-151
-34,-141
-108,-115
-120,-102
-100,-122
-100,-118
-133,-26
-132,78
-106,115
-41,145
-33,148
-102,104
-115,98
-50,142
60,129
127,91
122,96
115,105
114,107
114,107
89,124
36,145
57,142
64,140
-8,142
-33,150
-33,150
-85,128
-60,140
-56,141
-113,107
-139,62
-148,-22
-116,-88
-19,-141
67,-134
106,-117
108,-115
112,-112
81,-132
40,-152
51,-146
58,-140
-42,-132
-100,-115
-55,-141
10,-153
31,-153
-30,-150
-75,-138
-105,-119
-84,-126
-16,-151
-3,-158
20,-151
65,-142
23,-144
-84,-120
-125,-95
-144,-67
-137,-79
-139,-59
-134,48
-99,120
-78,136
-89,128
-113,91
-125,-31
-93,-120
-106,-102
-153,-28
-157,-18
-151,-2
-110,91
-102,111
-124,95
-108,115
-107,115
-101,118
-106,112
-53,143
7,155
15,152
-39,141
-3,149
71,139
116,105
127,93
109,112
107,116
112,110
109,103
139,19
127,53
109,111
111,113
103,116
84,127
123,92
146,55
155,-5
153,11
110,87
15,144
14,152
99,112
148,48
157,24
154,4
148,-42
150,4
155,23
152,29
141,62
131,81
78,123
31,153
44,152
9,148
-68,136
-86,131
-46,148
-46,147
-64,142
-81,125
-126,89
-132,84
-94,114
-19,150
13,150
59,141
11,149
-44,149
-64,140
-89,129
-41,146
5,153
-61,127
-133,35
-137,-54
-116,-102
-90,-123
-39,-151
-23,-157
-2,-154
44,-148
37,-153
52,-139
110,-108
126,-94
109,-108
70,-141
53,-149
1,-156
-63,-141
-118,-89
-144,20
-127,85
-138,59
-148,-11
-116,-90
-60,-140
-29,-153
-14,-159
-1,-154
71,-129
128,-85
139,-63
139,-59
105,-113
105,-115
129,-87
127,-91
103,-113
132,-57
148,-35
148,-2
137,66
60,120
-46,141
-37,147
3,156
-6,157
22,145
93,116
41,134
-57,138
-100,119
-119,92
-138,55
-138,60
-150,44
-149,23
-142,-52
-135,-80
-132,-86
-127,-94
-138,-47
-149,31
-155,12
-155,-19
-156,4
-156,19
-144,60
-120,101
-127,89
-105,98
-48,138
-84,126
-98,122
-99,122
-86,132
-37,150
21,154
80,133
133,57
140,24
93,112
28,148
-23,155
-32,155
-28,156
-21,157
-5,155
22,147
11,148
-9,152
-45,148
-31,153
23,153
94,111
146,28
143,47
85,114
-2,143
-104,81
-141,-17
-118,-96
-125,-96
-119,-98
-53,-136
-12,-155
-67,-131
-99,-121
-99,-122
-101,-119
-105,-115
-125,-87
-152,-8
-154,33
-154,35
-150,38
-153,-11
-157,-18
-157,-17
-144,-54
-122,-96
-72,-130
1,-150
48,-149
24,-155
-34,-150
-61,-142
-85,-115
-143,-15
-147,47
-95,107
-31,152
-41,150
-31,153
5,156
48,146
68,140
-8,120
-118,7
-123,-90
-120,-103
-140,-57
-148,32
-150,43
-141,61
-144,58
-124,89
-120,79
-144,-19
-152,-38
-155,-21
-135,-27
-47,-119
-9,-155
-12,-156
-3,-157
-7,-152
74,-100
126,29
126,79
146,-4
149,9
148,51
152,15
148,-48
136,-83
121,-101
118,-79
139,25
142,54
104,101
81,134
70,140
57,146
48,148
72,136
100,116
109,97
32,139
-18,153
-79,120
-126,92
-135,82
-132,88
-113,109
-83,126
-5,148
1,149
-83,121
-115,103
-137,61
-141,63
-116,103
-68,139
-51,147
-84,121
-112,104
-111,87
-144,-6
-154,-4
-150,-25
-127,-76
-118,-102
-108,-110
-53,-139
16,-152
57,-146
64,-143
87,-128
113,-101
143,-33
154,26
143,49
124,93
140,67
149,49
147,53
151,33
117,83
68,138
55,148
57,146
85,131
122,100
133,82
149,14
143,-59
127,-91
132,-81
110,-107
41,-144
-48,-145
-110,-111
-135,-79
-152,-36
-153,-25
-155,-1
-149,47
-137,76
-120,102
-99,121
-77,134
-108,110
-132,81
-146,51
-138,-4
-104,-104
-73,-136
-109,-108
-118,-102
-82,-129
-60,-139
-123,-65
-154,16
-156,15
-152,35
-141,71
-120,100
-90,128
-74,138
-94,122
-103,115
-105,112
-125,94
-108,112
-91,128
-104,112
-135,78
-112,100
-18,144
43,150
58,144
3,151
-3,154
58,143
115,84
149,-18
138,-72
99,-119
74,-137
34,-153
12,-156
-49,-141
-101,-112
-74,-135
-37,-145
52,-138
99,-118
129,-68
156,-8
145,45
116,102
75,124
-15,143
5,149
-28,135
-102,110
-111,93
-144,2
-151,-45
-152,-45
-154,-26
-152,22
-151,33
-146,-17
-120,-82
-65,-135
-57,-145
-50,-148
-77,-125
-142,-40
-149,24
-131,-39
-104,-114
-111,-111
-95,-121
-61,-143
-72,-139
-82,-133
-108,-109
-70,-131
-26,-152
14,-155
12,-155
14,-153
-18,-153
-5,-156
-27,-150
-33,-139
71,-123
130,-82
148,-45
153,-1
140,62
131,86
100,115
88,128
30,137
-28,148
-57,140
-67,138
-11,155
25,154
93,119
112,103
35,137
-60,134
-95,114
-136,62
-149,-6
-141,-66
-139,-56
-151,24
-145,60
-130,89
-92,121
-34,150
-61,137
-106,113
-106,116
-102,114
-131,35
-134,-65
-119,-100
-136,-73
-154,-22
-156,7
-156,-7
-153,-28
-142,-57
-135,-21
-105,95
-88,125
-8,146
47,147
40,152
69,141
103,119
135,76
155,21
156,-4
156,8
155,-3
140,-2
108,95
114,105
143,63
153,-2
154,-32
156,-12
156,3
154,4
135,-63
115,-105
108,-112
56,-142
-19,-150
-58,-146
-66,-143
-80,-134
-121,-97
-124,-94
-120,-89
-149,-4
-146,54
-130,86
-141,58
-155,15
-130,59
-80,131
-91,120
-93,111
-19,145
-38,146
15,143
116,94
150,25
140,-52
135,1
127,79
148,19
154,-12
149,-5
136,53
102,111
43,145
-42,137
-124,74
-140,-6
-128,-83
-130,-87
-125,-90
-108,-113
-119,-96
-148,-48
-141,-64
-124,-79
-24,-120
93,-113
124,-95
95,-119
58,-142
29,-150
-26,-152
-86,-125
-124,-92
-75,-118
1,-153
-1,-158
1,-156
42,-148
77,-135
66,-141
77,-129
132,-59
155,6
157,13
157,10
153,24
146,54
146,53
140,66
152,21
155,-30
151,-37
153,-19
157,-1
155,-19
146,-55
120,-98
92,-128
51,-146
9,-157
-4,-156
5,-156
-2,-154
-64,-139
-94,-127
-96,-126
-87,-131
-99,-117
-134,-78
-125,-92
-108,-112
-116,-103
-138,-74
-116,-96
-89,-129
-105,-114
-143,-45
-150,37
-121,90
-20,135
85,125
123,96
139,73
126,88
136,54
148,-27
142,-63
123,-91
47,-135
54,-131
96,-115
19,-145
-50,-147
-26,-149
63,-126
135,-67
153,-26
135,-70
123,-92
146,-31
153,23
136,72
132,78
151,42
149,37
109,97
71,137
35,149
12,154
-35,144
-28,147
-32,136
-121,82
-134,76
-80,126
-49,147
-89,113
-143,47
-149,19
-119,-69
-39,-139
-18,-152
-82,-128
-122,-91
-98,-114
-112,-73
-122,67
-111,112
-93,121
-88,113
-141,55
-148,57
-142,67
-150,40
-155,0
-136,-47
-80,-125
-76,-138
-54,-143
2,-153
58,-137
83,-126
3,-149
-25,-154
-8,-154
27,-148
87,-125
68,-137
49,-148
38,-149
-7,-156
19,-151
85,-120
96,-122
35,-146
38,-132
112,-99
110,-113
113,-110
136,-71
143,-57
124,-92
140,-45
151,5
146,-49
145,-40
134,54
96,119
95,122
131,84
147,23
149,-27
148,28
133,72
99,117
72,130
21,151
65,135
131,81
105,97
21,147
-3,153
-68,126
-128,82
-150,41
-152,43
-150,47
-150,43
-152,33
-149,33
-140,66
-131,87
-110,109
-98,115
-134,73
-149,33
-148,30
-123,91
-131,82
-140,68
-152,42
-153,43
-153,31
-147,47
-128,91
-115,107
-129,69
-132,-38
-80,-122
-49,-148
-53,-144
9,-146
81,-127
128,-80
151,-42
146,-54
136,-78
125,-87
62,-136
41,-150
18,-150
-74,-126
-139,-64
-151,-36
-153,12
-141,62
-80,124
3,150
93,109
133,-3
106,-109
82,-132
52,-148
70,-134
116,-100
131,-80
148,-28
144,-44
125,-93
123,-91
139,-68
102,-113
52,-147
33,-152
69,-135
101,-117
117,-100
51,-133
-28,-152
14,-145
64,-139
3,-148
-81,-129
-76,-136
-57,-147
-96,-119
-142,-61
-154,-17
-139,58
-133,64
-146,-22
-147,-52
-137,-73
-142,-67
-153,-28
-154,11
-152,-24
-151,-7
-142,54
-137,-7
-99,-108
-37,-147
14,-156
-16,-154
-58,-142
-49,-149
-83,-126
-133,-20
-146,53
-152,35
-152,28
-122,89
-106,115
-128,73
-144,-16
-132,-79
-137,-76
-138,-72
-142,-7
-127,84
-90,125
-64,144
-17,155
32,152
44,148
28,153
34,153
51,147
37,141
-48,140
-74,135
-33,152
10,156
6,155
-23,155
-21,156
14,154
43,150
-5,151
-16,153
31,150
95,108
143,65
150,34
132,-56
61,-133
30,-143
90,-122
84,-132
44,-148
11,-155
55,-137
117,-95
147,-42
152,14
153,32
155,25
157,15
150,30
143,-6
117,-97
117,-97
82,-127
53,-146
94,-114
134,-76
150,-21
147,-35
113,-104
58,-143
55,-140
115,-66
143,34
153,30
148,43
154,17
153,-36
150,-39
153,14
155,22
155,-15
147,-53
138,-67
107,-112
76,-138
73,-139
45,-148
47,-146
44,-145
-64,-114
-143,-2
-151,23
-124,-62
-98,-119
-115,-107
-119,-99
-145,-49
-150,13
-131,79
-136,48
-130,-55
-144,-30
-151,41
-142,55
-72,115
69,112
146,26
148,-33
142,30
112,93
-7,125
-122,74
-150,42
-142,28
-119,-74
-66,-133
-18,-153
41,-145
82,-133
91,-108
138,-10
144,46
146,0
138,-73
133,-83
145,-27
147,43
143,60
153,22
142,32
82,116
-1,145
-83,126
-110,108
-120,98
-125,82
-105,104
-52,146
-30,153
-67,126
-135,59
-145,-7
-110,-95
-88,-125
-87,-123
-25,-151
0,-158
22,-154
6,-155
-13,-148
78,-114
129,-86
134,-78
107,-109
83,-130
113,-105
122,-99
92,-122
74,-135
43,-146
18,-155
-38,-145
-76,-136
-68,-137
-116,-100
-133,-75
-131,20
-82,126
-31,148
-62,128
-130,80
-139,72
-112,99
-58,139
-17,145
39,141
-62,86
-147,12
-152,36
-149,39
-117,75
-43,145
-44,145
-86,126
-119,73
-150,-15
-134,-70
-99,-116
-40,-144
38,-143
114,-88
147,-31
120,48
43,138
-36,138
-100,119
-116,94
-149,32
-145,53
-79,113
8,147
-19,150
34,145
101,117
107,112
93,125
58,138
20,154
51,147
82,130
20,141
-46,146
4,151
80,131
97,114
46,144
39,151
52,146
111,99
149,49
148,53
153,27
134,-54
87,-127
93,-126
99,-118
132,-67
144,-56
102,-113
67,-139
102,-112
106,-113
44,-144
-39,-146
-90,-128
-96,-126
-92,-126
-91,-123
-136,-71
-149,-46
-148,5
-150,28
-151,-16
-140,-43
-130,-72
-152,-13
-155,-13
-136,-61
-122,-94
-145,-28
-147,49
-121,96
-40,130
81,122
106,113
98,118
131,84
140,67
137,59
127,-49
99,-119
123,-84
143,6
129,80
122,89
60,132
27,152
11,154
-20,156
-32,153
-25,156
-40,151
-61,138
-108,108
-103,117
-92,125
-128,79
-151,42
-155,26
-157,17
-141,52
-106,107
-132,49
-152,0
-153,30
-146,44
-106,107
-81,134
-37,151
38,145
76,132
20,151
1,156
41,144
115,86
148,2
151,24
153,22
148,-44
148,-49
155,-13
153,24
146,45
110,102
39,138
-64,128
-93,119
-76,129
-119,95
-129,88
-90,119
-7,150
68,139
116,99
140,59
96,109
20,148
-12,156
7,156
25,148
-68,112
-135,76
-145,54
-155,17
-152,22
-151,-15
-148,-55
-146,-44
-149,24
-153,7
-155,-5
-141,53
-123,86
-76,123
-119,57
-153,-7
-157,13
-156,30
-154,30
-153,34
-147,19
-131,-68
-104,-112
-103,-113
-140,-72
-135,-73
-138,-31
-145,50
-145,6
-118,-86
-71,-137
-26,-151
28,-153
44,-151
41,-152
52,-147
84,-128
85,-130
49,-149
35,-154
-12,-156
-60,-145
-79,-136
-74,-138
-104,-112
-145,-49
-154,-16
-156,10
-151,46
-127,81
-27,133
83,125
139,66
156,21
155,-16
147,-42
140,-69
124,-92
41,-134
-91,-105
-138,-68
-147,-47
-151,-35
-155,-24
-152,-20
-128,-76
-106,-110
-76,-134
-83,-130
-61,-141
-31,-139
75,-121
135,-62
151,-13
124,-76
113,-101
143,-54
136,-73
118,-99
109,-97
37,-143
3,-155
-26,-154
-2,-155
52,-144
58,-143
-25,-147
-95,-124
-130,-86
-134,-80
-110,-110
-117,-102
-133,-85
-125,-95
-107,-104
-136,-18
-140,69
-119,106
-116,107
-125,95
-124,97
-102,118
-20,129
112,81
96,99
17,150
20,156
74,133
128,90
140,70
99,112
56,146
14,145
-58,141
-68,137
-108,104
-73,129
-70,130
-96,116
-37,148
17,153
24,151
-58,126
-121,94
-133,75
-152,29
-155,-1
-144,-49
-91,-114
-21,-152
-15,-156
10,-152
56,-140
107,-107
84,-128
90,-115
142,-21
155,32
145,55
132,78
149,41
153,-8
147,-29
142,38
83,111
22,152
18,155
-21,149
-46,147
-34,150
-50,147
-23,154
-26,154
-34,151
-78,119
-114,105
-105,118
-96,124
-67,140
-87,127
-112,106
-87,126
-86,125
-124,90
-146,52
-130,80
-83,131
-50,146
-90,120
-108,115
-75,138
-15,149
64,139
66,143
53,149
58,147
84,132
88,127
50,147
49,146
113,77
146,-25
155,-18
151,-37
148,-45
156,-1
158,9
145,-45
128,-91
132,-82
146,-28
137,58
133,81
153,34
151,-21
102,-102
-2,-146
-91,-122
-138,-75
-147,-53
-98,-101
-22,-149
24,-151
80,-131
105,-117
123,-74
146,22
139,70
132,79
103,115
59,133
-38,142
-85,130
-52,139
30,151
56,143
-1,147
-68,135
-56,140
34,144
57,141
65,129
138,61
150,39
150,7
145,-54
152,-29
155,0
148,49
142,68
116,96
38,138
-45,142
-116,78
-153,11
-145,-42
-126,-94
-128,-89
-149,-40
-153,-34
-146,-45
-102,-103
-77,-135
-119,-103
-134,-84
-145,-62
-147,-58
-150,-50
-156,-15
-145,49
-99,117
-85,130
-67,135
11,154
69,133
135,63
157,14
151,-34
129,-86
137,-65
152,-29
142,-56
147,-22
149,-12
137,-74
129,-84
74,-131
45,-150
27,-155
38,-151
98,-97
148,-25
131,-72
118,-91
148,-17
128,57
33,134
-58,133
-115,103
-120,103
-92,125
-37,147
70,113
135,65
137,56
144,21
95,103
88,131
113,112
133,85
140,71
131,81
118,100
99,97
-27,125
-122,71
-138,-36
-133,-83
-122,-96
-137,-48
-118,68
-54,144
-51,145
2,151
41,152
57,143
17,148
23,154
58,147
63,143
11,152
36,142
124,75
155,18
152,32
145,43
92,108
25,151
-41,146
-84,131
-105,112
-134,57
-152,-9
-152,24
-120,93
-126,85
-151,26
-157,-4
-156,11
-151,30
-151,-21
-148,-48
-145,2
-138,64
-146,49
-119,95
-94,124
-48,146
-30,156
0,157
42,152
76,136
68,139
95,112
148,37
158,-9
155,-15
151,26
155,26
154,22
152,41
141,64
134,82
102,105
19,147
-33,149
-97,113
-139,68
-140,71
-112,109
-34,144
73,129
135,54
140,-48
74,-122
-48,-130
-129,-83
-115,-102
-113,-108
-131,-84
-116,-102
-111,-113
-92,-114
19,-132
70,-135
59,-144
64,-145
24,-151
-69,-130
-76,-127
0,-151
43,-149
86,-122
83,-123
18,-153
37,-152
43,-148
4,-153
42,-148
76,-138
58,-137
-56,-126
-134,-81
-150,-40
-152,28
-143,63
-116,103
-110,110
-124,91
-114,104
-129,38
-103,-88
-51,-146
-79,-124
-143,-51
-138,-60
-85,-123
-67,-141
-103,-117
-130,-87
-126,-75
-47,-130
-68,-129
-108,-113
-114,-102
-147,-52
-156,-12
-155,14
-150,-29
-111,-92
-34,-143
63,-122
138,-37
156,-3
152,14
140,61
150,20
156,-7
141,-57
110,-108
74,-131
114,-71
149,21
154,11
151,1
137,68
129,89
141,57
126,69
60,135
-14,148
-82,130
-91,127
-103,111
-140,47
-146,-38
-136,-76
-150,-23
-157,5
-157,-4
-146,-43
-139,-60
-151,8
-151,39
-152,-6
-139,-66
-138,-75
-142,-67
-151,-28
-150,34
-144,-9
-129,-86
-130,-88
-141,-69
-138,-66
-106,-109
-67,-135
-22,-153
-32,-152
-70,-138
-111,-110
-130,-90
-121,-100
-115,-108
-117,-107
-124,-85
-143,20
-136,81
-142,69
-149,53
-144,65
-148,52
-154,33
-143,60
-131,82
-147,44
-154,9
-135,62
-86,126
-84,130
-52,145
23,148
108,107
138,76
148,49
150,33
122,89
108,114
130,86
151,38
149,27
87,103
23,151
-40,146
-75,136
-13,144
91,116
133,80
133,75
150,29
151,0
150,-39
142,-47
45,-119
-79,-126
-76,-134
-48,-151
-69,-142
-99,-121
-93,-124
-52,-146
-7,-151
-40,-141
-26,-138
53,-142
39,-151
-16,-150
-57,-147
-44,-148
-18,-156
-29,-155
-3,-150
83,-114
117,6
65,127
35,151
-5,153
-9,152
14,152
-11,157
-17,154
-84,116
-141,58
-144,-3
-120,-88
-108,-115
-118,-105
-110,-114
-102,-117
-134,-69
-143,-10
-114,91
-126,72
-142,-30
-134,-82
-148,-51
-158,-1
-154,34
-142,67
-145,54
-148,47
-143,51
-94,116
-98,107
-124,88
-82,132
-32,152
40,149
40,143
-37,144
-76,131
-100,118
-117,90
-130,-21
-105,-113
-106,-118
-123,-97
-145,-31
-141,57
-143,44
-154,-2
-152,-32
-133,-73
-73,-123
-9,-152
-60,-134
-133,-72
-152,-26
-151,-7
-149,49
-132,86
-89,126
-8,151
28,154
12,157
-17,153
-12,154
9,150
-67,134
-82,136
-72,141
-62,146
-43,152
-12,157
-1,157
-42,146
-37,149
9,155
0,155
46,143
98,120
128,91
125,92
67,135
48,147
84,131
76,137
27,149
-40,148
-77,133
-69,137
-73,137
-57,145
-87,126
-120,100
-133,85
-83,124
-17,154
65,128
127,85
92,119
69,143
54,149
43,152
62,144
107,110
112,106
111,109
104,115
116,106
128,94
137,80
143,67
153,13
125,-77
84,-131
107,-104
144,-17
136,66
135,80
148,50
148,-18
110,-103
117,-94
150,-28
154,19
153,30
152,-9
127,-83
83,-133
58,-146
95,-104
144,-39
136,-72
142,-59
149,-48
142,-66
108,-107
111,-96
149,-32
146,-50
117,-102
88,-119
-35,-126
-126,-86
-123,-95
-133,-66
-155,6
-155,30
-120,85
-74,135
-54,145
-104,98
-150,16
-151,8
-125,81
-123,81
-146,48
-144,59
-152,32
-146,1
-120,-87
-53,-125
76,-115
139,-55
151,-34
148,-15
148,45
151,43
157,4
158,-7
152,-35
151,-19
149,34
149,-8
147,-26
128,65
94,123
117,104
144,59
155,-7
113,-82
-2,-141
-3,-152
5,-156
-44,-150
-61,-143
-40,-151
-74,-134
-130,-83
-151,-42
-144,-36
-84,-112
-1,-150
11,-154
-38,-151
-76,-135
-113,-108
-117,-101
-50,-135
56,-129
129,-69
142,24
103,105
98,120
125,94
134,83
139,71
127,86
119,91
146,10
125,43
12,130
-44,150
-35,151
-82,128
-79,134
-15,146
89,109
140,-6
144,-42
145,36
143,45
152,9
149,44
133,72
118,103
124,98
109,112
105,115
115,107
118,105
115,108
111,112
132,84
136,79
137,74
145,49
131,82
139,60
154,22
139,62
132,85
147,55
156,11
148,-45
126,-89
138,-58
139,-57
68,-128
-39,-143
-102,-120
-110,-114
-113,-110
-127,-96
-128,-94
-109,-106
-28,-140
68,-132
89,-125
86,-119
128,-81
64,-119
-33,-149
-77,-135
-69,-136
-10,-153
-11,-157
15,-147
102,-104
144,-46
134,-62
110,-107
103,-118
101,-118
80,-134
77,-136
14,-148
-66,-139
-119,-103
-97,-111
28,-117
136,-56
148,-46
132,-79
149,-36
156,-13
151,24
156,17
159,9
155,20
132,74
94,122
75,138
90,127
102,115
113,102
84,129
32,145
55,130
128,83
94,112
35,149
32,154
46,149
-8,138
-58,135
13,151
35,150
-16,132
-113,96
-120,102
-87,126
-57,147
-32,153
27,154
38,153
64,144
95,124
81,123
0,148
-62,142
-88,130
-78,135
-40,151
-37,153
-18,153
78,111
148,40
139,55
101,117
83,134
66,142
62,144
20,149
20,154
43,147
-35,137
-111,106
-134,37
-125,-73
-105,-117
-124,-91
-127,-87
-132,-74
-154,-6
-155,21
-155,-5
-155,17
-154,26
-156,10
-144,59
-137,69
-136,73
-118,106
-115,106
-105,116
-114,106
-139,73
-148,54
-154,27
-154,-9
-128,-75
-104,-115
-95,-125
-94,-127
-98,-124
-101,-121
-113,-108
-95,-119
-28,-146
49,-144
60,-144
81,-126
134,-63
154,-7
146,-45
138,-69
115,-89
43,-148
-13,-147
-113,-84
-153,-34
-154,-30
-156,-24
-157,-13
-140,-54
-127,-64
-148,11
-154,8
-127,73
-112,103
-49,132
11,155
-2,157
33,153
41,150
52,145
46,146
7,155
-21,153
-79,121
-134,71
-112,101
-43,147
15,153
94,117
130,90
124,94
83,127
48,147
16,149
-56,140
-78,136
-56,147
-15,154
-32,149
-20,155
2,157
-14,157
-7,158
-32,150
-76,136
-77,136
-43,145
8,155
-9,157
12,154
94,111
149,46
154,-1
146,-53
124,-94
34,-126
-98,-108
-125,-92
-103,-116
-126,-74
-152,-31
-157,-14
-157,6
-140,-53
-116,-97
-24,-126
71,-131
43,-148
44,-149
38,-152
72,-137
94,-123
127,-87
142,-71
146,-62
144,-30
138,58
139,72
153,21
153,-32
151,-49
145,-60
143,-60
115,-103
68,-140
89,-111
134,-75
134,-80
133,-81
138,-75
139,-75
147,-43
154,-2
117,-72
40,-146
68,-124
138,-62
150,-36
149,28
143,65
150,48
156,27
155,31
144,57
145,29
138,36
114,103
66,135
17,155
23,156
48,146
102,115
72,125
-24,147
-82,130
-113,103
-127,91
-100,120
-87,132
-90,131
-106,110
-91,120
-23,151
56,142
72,135
11,151
-62,136
-87,122
12,141
66,139
24,153
5,158
52,144
95,127
82,134
48,150
50,150
71,134
3,145
-2,156
7,155
-29,154
-23,156
18,150
93,121
131,84
151,13
141,23
88,113
78,136
82,135
86,128
137,55
148,16
136,70
151,26
156,-22
154,-18
151,26
138,62
113,107
82,123
33,150
47,149
36,153
8,154
24,149
92,118
47,133
6,152
66,140
80,136
64,144
30,150
-37,150
-57,148
-16,152
-8,153
-13,156
-11,154
-76,130
-113,107
-99,115
-37,150
17,153
93,116
102,108
46,146
21,155
54,147
78,136
94,125
47,141
-12,155
-32,150
-93,109
-142,28
-155,0
-155,30
-149,45
-102,104
-40,148
-78,123
-105,110
-73,135
-101,116
-116,104
-102,116
-51,147
-6,155
7,155
14,157
31,153
7,155
-20,156
13,153
74,138
117,106
142,72
149,50
116,89
82,122
135,50
139,53
76,122
-30,138
-78,135
-41,149
44,144
63,141
32,154
24,156
-12,155
-52,146
-87,131
-95,126
-106,116
-99,122
-124,81
-152,38
-152,45
-148,51
-150,40
-141,67
-137,77
-126,93
-126,93
-100,117
-114,100
-124,88
-36,133
20,151
-44,143
-52,145
-6,157
26,155
78,132
124,92
143,61
126,87
41,126
-36,148
14,151
49,147
45,149
96,116
144,55
149,51
144,63
151,26
127,59
117,96
143,18
134,-76
102,-115
61,-144
70,-142
62,-145
70,-140
97,-111
131,1
133,65
145,-18
112,-93
10,-145
-70,-140
-105,-118
-128,-87
-141,1
-100,107
-97,102
-147,22
-143,-52
-71,-109
37,-142
60,-143
105,-110
137,-75
149,-54
149,-54
147,-54
152,-37
151,-6
121,70
57,141
28,155
48,150
91,127
105,118
106,115
113,107
94,122
52,144
27,148
-26,150
-20,155
-14,156
-23,151
25,145
83,132
42,142
-37,148
-43,149
-26,145
-106,79
-152,-7
-156,-10
-147,-35
-94,-109
-42,-151
-18,-155
-51,-139
-118,-102
-102,-112
-70,-138
-104,-115
-104,-117
-119,-99
-81,-116
-48,-142
-120,-93
-149,-30
-144,51
-144,43
-154,-9
-149,36
-122,98
-68,135
-38,149
-44,148
31,147
61,143
38,152
51,149
91,107
146,43
151,45
154,15
131,51
77,128
47,147
79,127
67,134
31,153
11,154
29,153
70,141
81,135
85,133
70,140
30,149
-45,143
-83,133
-115,99
-147,45
-156,4
-152,-27
-152,-9
-153,-1
-136,-63
-100,-118
-69,-139
-32,-153
-25,-155
-18,-153
-19,-155
-8,-155
6,-156
-1,-157
-38,-153
-17,-154
20,-156
3,-158
-15,-158
-51,-148
-78,-138
-74,-138
-21,-152
-20,-155
-19,-156
-40,-144
-124,-79
-141,-64
-130,-88
-116,-106
-134,-83
-145,-65
-141,-71
-132,-89
-134,-66
-135,42
-142,39
-152,-20
-142,28
-96,115
-92,128
-94,128
-78,138
-54,145
-10,151
-57,139
-77,137
-62,143
-100,112
-139,69
-132,80
-82,128
5,148
75,137
44,138
-44,141
-7,150
67,141
81,133
70,138
100,116
103,114
122,98
106,115
83,131
22,147
-15,152
38,144
60,144
52,142
-28,134
-122,68
-148,-27
-149,-47
-153,-17
-131,-72
-91,-123
-68,-141
-85,-131
-24,-138
62,-139
106,-112
91,-122
70,-134
111,-106
109,-109
69,-138
62,-145
44,-152
17,-157
36,-149
102,-101
148,-21
130,60
74,131
47,150
54,149
68,141
107,108
111,109
131,75
147,-19
136,-72
146,-35
152,23
151,-16
107,-101
72,-134
109,-109
97,-120
89,-124
116,-105
68,-133
-30,-147
-80,-135
-113,-106
-84,-119
-58,-138
-121,-93
-112,-95
-60,-141
-91,-116
-141,-68
-152,-35
-151,26
-149,48
-153,11
-154,-29
-148,-51
-151,-43
-156,-2
-155,27
-149,48
-113,104
-80,136
-76,137
-82,123
-133,77
-131,86
-103,118
-119,96
-130,85
-133,88
-135,83
-112,109
-111,106
-145,45
-156,19
-156,2
-155,19
-146,53
-151,43
-141,69
-108,112
-65,141
-17,155
-9,158
14,158
35,152
38,148
99,114
146,50
156,-9
127,-79
125,-89
148,-36
153,18
152,-17
138,-76
112,-111
80,-134
26,-153
-37,-146
-96,-122
-108,-116
-134,-81
-153,-26
-156,-10
-155,19
-155,27
-136,70
-106,116
-71,134
-34,152
-72,134
-123,87
-149,19
-154,13
-127,80
-45,139
1,154
70,116
147,26
152,-35
133,-83
94,-119
42,-149
42,-145
108,-96
148,-45
155,-10
152,30
146,44
154,-12
155,1
154,2
133,53
77,127
61,144
73,137
107,114
67,130
30,149
90,123
130,91
129,89
122,98
140,67
150,42
151,-4
151,-45
145,4
116,94
94,123
108,112
118,105
113,111
116,106
125,93
100,118
112,107
106,108
95,117
131,82
138,72
153,9
135,-71
95,-125
76,-138
90,-120
137,-61
147,-54
139,-75
141,-71
140,-76
126,-94
116,-106
138,-72
146,-62
145,-62
132,-85
119,-103
108,-116
111,-113
123,-96
145,-41
156,-10
147,-51
147,-55
151,-43
126,-84
61,-138
52,-148
52,-146
-25,-144
-120,-80
-123,37
-43,138
-25,154
-6,157
-1,155
-40,144
-55,140
50,132
85,123
-16,134
-119,70
-151,-22
-153,-41
-152,-2
-147,19
-152,-25
-154,10
-154,6
-152,-22
-144,-50
-101,-87
-40,-143
-72,-139
-91,-128
-133,-73
-155,-4
-150,42
-129,81
-120,92
-144,26
-114,-70
-42,-144
-68,-133
-136,-52
-156,-10
-155,6
-151,40
-155,8
-146,-47
-126,-91
-62,-127
28,-148
79,-132
112,-105
56,-128
-77,-116
-135,-82
-148,-50
-156,-1
-150,-26
-94,-102
-19,-154
27,-149
98,-108
125,-10
96,110
106,118
121,101
142,51
138,-45
106,-113
104,-120
91,-129
98,-120
82,-132
91,-124
46,-140
-62,-131
-95,-121
-17,-137
94,-105
139,-62
129,-86
133,-76
93,-114
117,-87
145,-50
144,11
108,96
4,130
-100,112
-98,121
-91,126
-124,91
-148,35
-141,-34
-66,-116
9,-150
-28,-153
-19,-154
31,-151
79,-134
98,-125
91,-129
108,-110
129,-82
118,-101
117,-102
88,-128
84,-130
49,-141
-25,-154
-86,-120
-146,-28
-155,28
-120,76
-51,144
-29,154
45,141
95,124
75,135
95,117
126,81
82,124
83,133
88,128
114,93
153,11
149,-47
148,-55
149,-26
143,50
132,77
107,111
107,115
85,130
32,148
4,158
6,158
31,153
82,121
140,23
133,-69
122,-94
137,-62
155,-6
143,52
125,95
136,80
143,56
149,-13
146,13
110,98
61,142
74,135
121,98
120,96
134,60
150,-26
144,-8
125,83
117,103
107,114
115,105
145,27
142,-60
123,-99
130,-84
147,-54
151,-47
153,-25
142,41
106,110
98,122
135,78
123,85
71,137
53,148
37,153
17,153
-48,140
-108,109
-96,117
-33,150
-41,150
-38,152
-39,150
31,141
124,80
153,-7
133,-76
114,-105
138,-55
155,9
155,-2
149,-49
128,-82
126,-79
151,-21
146,20
126,83
132,0
117,-80
147,-9
157,19
154,-12
146,-52
147,6
115,92
89,126
89,115
-37,96
-137,-11
-152,-33
-152,-25
-132,-78
-102,-117
-92,-127
-108,-114
-105,-117
-115,-108
-81,-125
-30,-152
-20,-156
-13,-156
-66,-142
-99,-123
-45,-134
43,-146
22,-155
6,-153
81,-115
141,-61
127,-85
42,-138
-74,-126
-140,-47
-134,58
-45,127
76,129
110,111
100,111
83,127
122,98
127,93
105,111
54,137
-17,148
-51,141
-97,120
-93,126
-127,72
-155,7
-156,8
-155,-13
-155,-17
-137,-63
-124,-82
-132,-60
-89,-121
-84,-132
-68,-134
-24,-152
-12,-154
-78,-124
-142,-52
-158,-11
-147,-48
-82,-109
25,-145
89,-125
134,-52
149,29
117,95
63,138
22,156
18,157
14,157
17,155
16,155
64,141
111,105
142,40
154,-21
137,33
82,123
46,150
17,155
-9,154
-41,151
-7,155
18,154
-8,153
50,142
79,133
110,101
148,51
142,-19
104,-111
97,-125
97,-126
88,-133
84,-132
117,-89
144,5
152,39
156,1
142,4
82,109
30,154
34,153
65,142
89,131
70,139
34,153
41,153
28,147
-73,117
-132,81
-112,110
-83,134
-76,137
-41,150
-17,157
-26,155
19,147
77,134
37,148
7,156
45,150
56,149
59,148
93,123
128,86
144,6
136,-69
147,-29
146,43
128,89
109,111
110,111
120,99
79,127
30,153
-18,149
-86,128
-107,117
-119,92
-145,46
-138,69
-93,119
-56,144
-46,144
-106,106
-145,54
-146,42
-114,104
-106,119
-95,123
-39,148
-30,153
-61,135
-128,64
-134,67
-82,131
-72,141
-66,145
-29,155
15,155
55,146
14,149
-46,149
-52,150
-26,155
-36,150
-38,152
7,157
30,156
38,154
12,154
-24,154
0,157
0,157
-28,155
-13,158
20,154
21,151
37,147
68,137
122,49
139,-64
108,-109
7,-136
-111,-97
-144,-64
-131,-85
-134,-79
-115,-98
-63,-137
-4,-146
-62,-130
-63,-134
25,-147
80,-133
91,-127
34,-150
-7,-157
4,-156
26,-150
87,-122
102,-112
38,-142
68,-131
112,-110
122,-95
143,-34
152,-25
141,-69
119,-100
116,-104
121,-96
121,-89
88,-127
46,-147
-33,-149
-85,-132
-131,-81
-152,-21
-152,-26
-157,-23
-157,-17
-139,-58
-84,-123
-9,-149
42,-148
19,-155
-45,-135
-113,-104
-116,-106
-134,-76
-152,-37
-154,-38
-154,-40
-147,-51
-93,-107
-9,-151
56,-140
63,-142
33,-154
57,-144
62,-142
31,-153
41,-151
59,-141
103,-117
130,-83
151,-29
153,-30
137,-78
116,-106
82,-133
23,-146
-81,-122
-135,-75
-115,-100
-113,-103
-139,-71
-131,-86
-120,-103
-125,-96
-120,-94
-56,-136
1,-151
60,-141
38,-148
4,-157
27,-149
101,-107
143,-63
124,-90
101,-117
134,-73
153,-24
150,-27
119,-94
71,-138
60,-145
4,-148
-81,-130
-83,-132
-107,-106
-142,-23
-120,76
-127,11
-89,-111
-71,-136
-122,-97
-143,-62
-137,-72
-150,-48
-153,-1
-146,15
-127,-74
-119,-101
-121,-99
-109,-110
-73,-138
-30,-146
59,-134
40,-143
-43,-150
-70,-139
-46,-148
-40,-149
-23,-154
0,-154
10,-155
-49,-146
-64,-141
-18,-153
-22,-155
-16,-151
60,-138
66,-142
11,-154
-51,-147
-109,-99
-146,-54
-143,-64
-130,-84
-134,-72
-142,-42
-91,-113
-35,-151
3,-157
4,-156
50,-141
103,-119
116,-106
117,-103
88,-127
82,-132
45,-152
18,-158
39,-148
101,-108
142,-34
140,-49
109,-112
107,-94
128,29
135,63
148,-31
129,-89
87,-128
66,-142
99,-112
137,-73
126,-91
91,-128
88,-130
52,-147
12,-158
-36,-149
-72,-137
-112,-89
-149,-42
-140,-69
-133,-79
-85,-117
0,-150
18,-152
-63,-133
-129,-81
-118,-91
-108,-115
-128,-91
-149,-29
-157,15
-155,29
-140,63
-97,121
-97,114
-122,85
-59,136
26,153
89,129
129,88
144,40
143,-45
143,-5
144,61
145,65
136,80
138,77
151,29
146,-39
123,-97
130,-59
141,41
145,56
134,80
146,54
154,-6
146,-49
140,16
118,98
129,74
154,1
156,14
147,52
151,28
156,-25
158,-8
158,7
156,7
156,-15
152,-39
150,11
151,23
149,-32
146,19
148,49
155,25
146,53
104,106
55,145
51,148
47,150
63,144
75,136
25,151
17,155
32,153
72,141
79,136
66,143
90,128
132,80
151,38
154,35
155,5
138,-64
134,-81
130,-88
113,-113
88,-133
72,-141
86,-133
85,-134
65,-142
36,-151
56,-145
-5,-143
-107,-105
-141,-21
-115,92
-91,122
-132,74
-133,80
-138,64
-120,78
-22,144
6,152
-48,144
-101,82
-149,-15
-156,-6
-147,53
-122,95
-49,136
25,153
20,155
-23,152
-59,144
-91,117
-138,32
-125,-73
-128,-83
-143,-63
-141,-69
-152,-31
-155,-22
-158,-18
-157,-8
-140,-54
-138,-63
-156,-11
-155,22
-137,76
-121,102
-100,115
-5,143
57,142
14,154
-21,147
-99,112
-133,76
-153,23
-153,16
-128,83
-130,76
-135,-24
-107,-103
-140,-56
-150,-37
-136,-77
-141,-66
-150,-41
-109,-76
-20,-146
18,-151
91,-113
139,-70
117,-96
96,-116
116,-101
101,-119
128,-77
150,-35
154,6
155,28
150,42
120,95
72,135
64,138
122,86
135,81
136,81
150,42
155,31
155,28
132,69
115,106
94,110
19,149
-13,155
23,153
53,148
52,146
27,152
45,150
63,144
81,135
96,125
124,92
137,72
97,115
99,117
125,95
116,108
115,109
120,98
149,29
157,-21
155,-9
140,55
116,103
101,116
76,137
85,133
100,122
133,78
156,13
155,-29
148,-55
142,-68
129,-82
145,-3
153,27
154,-31
146,-45
137,33
134,81
149,50
156,28
158,10
157,-11
154,-30
145,-55
151,-26
156,-20
155,-9
151,-35
150,-44
152,-30
115,-96
80,-131
104,-116
95,-127
75,-139
72,-139
101,-104
148,-27
154,-25
140,-68
144,-63
135,-73
72,-128
6,-157
-14,-157
-24,-155
-49,-150
-40,-153
-45,-152
-45,-151
-17,-155
0,-156
54,-117
143,-34
156,-22
133,-76
108,-113
110,-111
111,-101
145,-46
134,-75
103,-118
99,-120
85,-130
72,-141
74,-140
74,-139
58,-145
0,-152
-76,-133
-129,-89
-150,-15
-148,47
-134,79
-104,118
-112,103
-142,66
-148,47
-155,16
-146,53
-143,66
-151,32
-154,-7
-151,36
-128,87
-93,126
-72,141
-74,142
-64,146
-24,152
65,133
103,113
57,144
41,153
12,154
-17,155
43,145
118,92
149,0
139,-60
124,26
113,107
130,86
151,39
147,49
142,65
153,39
158,16
150,41
116,89
30,141
-39,148
16,150
72,139
32,147
-39,149
-59,147
-72,140
-92,128
-91,127
-123,80
-144,55
-144,57
-151,-5
-144,-59
-137,-66
-135,35
-69,128
37,146
91,124
23,137
-66,135
-123,72
-155,14
-149,-27
-105,-100
-66,-137
-55,-134
32,-145
48,-148
25,-153
12,-156
-45,-146
-97,-123
-124,-87
-153,-9
-156,15
-147,-17
-134,-78
-107,-111
-60,-144
-35,-154
-50,-150
-76,-136
-73,-135
-40,-152
-42,-150
-71,-136
-100,-98
-146,-32
-135,-73
-118,-105
-133,-79
-108,-93
-35,-148
-3,-158
1,-158
47,-134
103,-5
67,128
79,129
136,69
134,78
100,115
97,117
143,55
158,7
156,-23
149,-28
149,23
140,-44
120,-100
125,-94
127,-91
116,-106
116,-108
107,-113
91,-128
110,-107
142,-30
141,54
140,72
122,93
115,101
147,50
153,11
146,13
142,24
143,-43
151,-27
152,4
154,30
158,14
159,1
144,-50
111,-111
100,-118
132,-55
140,44
118,100
111,109
100,120
128,84
154,17
152,13
124,81
62,129
-46,134
-112,104
-138,66
-151,15
-137,54
-117,104
-139,68
-152,43
-149,46
-135,81
-136,55
-146,-36
-147,-60
-152,-51
-148,-60
-152,-45
-156,-28
-156,-27
-158,-25
-152,5
-111,96
-78,138
-89,129
-102,121
-103,121
-81,127
15,147
43,147
21,155
87,118
133,80
112,106
91,129
104,118
128,90
108,100
47,144
54,148
75,139
76,138
79,135
110,108
143,29
152,-40
156,-31
156,2
155,33
148,53
124,93
97,123
81,136
36,142
-73,118
-134,81
-127,94
-126,89
-144,61
-147,59
-121,96
-70,139
-6,152
75,135
102,120
83,134
67,143
52,148
53,141
118,94
128,89
135,60
152,-22
147,-47
116,-97
116,-106
128,-90
148,-50
156,-18
155,-26
150,-14
137,67
104,115
79,132
100,120
120,102
132,89
134,84
147,45
155,-20
128,-78
37,-139
-49,-145
-81,-135
-88,-130
-124,-96
-144,-66
-154,-30
-157,6
-151,41
-143,67
-150,25
-145,-45
-131,-83
-146,-59
-153,-35
-154,19
-131,82
-113,109
-102,119
-69,138
-40,146
42,142
119,90
154,18
151,27
138,74
142,68
149,54
151,9
146,-41
134,41
126,89
142,67
138,76
128,91
119,101
133,77
147,50
151,20
146,40
141,70
138,72
151,16
145,-53
121,-98
124,-97
116,-107
72,-137
71,-138
92,-129
71,-142
26,-154
-41,-147
-114,-92
-148,-46
-144,-65
-150,-51
-145,-55
-126,-89
-136,-49
-114,78
-58,145
-59,142
-104,93
-153,24
-156,20
-120,85
-86,130
-95,124
-93,115
-137,57
-129,83
-100,122
-109,109
-75,126
27,149
52,146
68,133
105,114
48,130
-82,100
-149,18
-152,5
-152,28
-155,25
-156,13
-140,-47
-95,-116
-104,-115
-64,-130
25,-149
5,-151
-47,-147
8,-152
61,-143
111,-104
143,-61
145,12
137,76
133,81
94,119
71,141
45,148
-9,152
25,148
79,134
74,133
11,152
10,155
63,141
66,139
78,136
67,143
40,149
-39,128
-128,68
-90,104
-29,147
-82,123
-131,29
-121,-79
-96,-116
-135,-39
-133,70
-122,96
-102,113
-131,40
-144,0
-126,83
-130,90
-136,75
-146,43
-145,-27
-139,-71
-145,-58
-147,-42
-89,-104
-26,-152
-35,-144
-96,-118
-46,-135
59,-134
119,-88
152,-33
142,-56
92,-117
116,-83
153,-9
143,52
136,55
132,-58
118,-105
99,-121
49,-144
-46,-141
-108,-113
-121,-97
-99,-122
-90,-130
-87,-128
-54,-145
-80,-134
-95,-125
-99,-123
-119,-106
-110,-109
-50,-141
-23,-154
24,-140
118,-64
143,34
148,-8
134,-80
129,-89
128,-83
69,-134
32,-152
-18,-146
-115,-84
-152,-29
-138,-65
-77,-120
43,-130
129,-77
146,-51
154,-14
145,43
120,98
107,115
107,111
76,134
38,150
61,140
89,130
98,120
90,124
129,84
141,72
140,77
146,61
139,73
142,69
136,75
132,71
156,1
146,-47
107,-110
10,-141
-102,-104
-148,-51
-152,-8
-151,2
-150,4
-128,81
-128,93
-137,82
-138,70
-117,-29
-85,-125
-91,-130
-81,-135
-81,-134
-113,-110
-121,-102
-119,-105
-130,-84
-148,-4
-150,10
-143,-55
-149,-53
-139,-59
-101,-114
-117,-100
-144,-62
-145,-46
-146,15
-131,-39
-100,-117
-113,-101
-148,-60
-153,-41
-154,2
-140,-39
-145,-50
-158,-2
-159,4
-158,0
-150,-18
-96,-98
-52,-145
-101,-115
-138,-77
-137,-77
-137,-78
-145,-63
-137,-78
-138,-76
-138,-71
-92,-118
-87,-122
-130,-85
-100,-115
-73,-140
-79,-136
-49,-148
-63,-145
-102,-118
-106,-109
-37,-144
13,-155
33,-154
4,-158
1,-159
-30,-147
-108,-106
-119,-97
-145,-33
-152,37
-144,65
-148,55
-137,70
-106,115
-45,141
26,151
34,155
47,151
62,143
81,133
64,144
71,138
8,140
-40,150
-19,154
-81,123
-116,102
-69,135
-58,146
-21,155
20,157
12,156
13,154
75,134
81,134
57,145
96,113
148,34
128,-62
100,-117
106,-113
47,-145
-8,-156
9,-156
43,-149
97,-116
135,-68
128,-75
120,0
83,119
100,121
123,100
142,59
152,38
156,21
152,-33
152,-40
148,-51
144,-36
155,13
157,8
158,-2
158,-2
153,-33
125,-91
101,-122
100,-123
87,-131
119,-96
137,-77
119,-99
30,-135
-78,-130
-110,-110
-49,-135
31,-149
18,-154
-47,-141
-39,-140
34,-148
79,-129
127,-55
154,-19
135,-68
116,-98
140,-70
150,-35
135,52
93,119
62,141
50,141
-43,133
-129,67
-150,-7
-128,-80
-127,-92
-147,-54
-154,-28
-156,-10
-141,39
-91,120
-112,98
-142,67
-145,59
-155,25
-147,45
-113,106
-101,122
-93,128
-56,146
-35,153
-87,113
-138,67
-112,96
-70,141
-65,143
-58,147
-66,143
-70,140
-19,155
6,157
-21,153
-13,155
-32,147
-19,150
25,155
23,155
88,118
142,65
145,-3
116,-97
126,-84
153,-19
156,12
130,67
121,99
134,84
136,82
116,96
13,130
-97,112
-135,69
-154,10
-154,26
-152,41
-159,13
-150,41
-132,86
-91,113
-43,133
-122,70
-149,53
-146,63
-145,64
-145,62
-136,78
-130,87
-99,109
-12,150
-40,125
-133,48
-105,92
-43,149
-8,153
13,153
-32,150
-41,151
-80,117
-145,40
-156,24
-153,25
-147,1
-149,-48
-133,-63
-89,-123
-81,-135
-83,-133
-21,-137
86,-120
124,-90
138,-66
135,-71
140,-69
125,-96
113,-110
115,-108
100,-118
104,-83
148,9
156,8
154,-10
149,8
102,93
21,150
24,155
41,152
32,153
1,151
-24,150
-37,145
-79,136
-86,133
-71,135
-8,155
9,157
64,131
137,58
143,42
79,119
51,148
92,125
109,111
66,139
75,136
112,112
125,97
95,116
42,148
0,154
-24,156
-18,157
-1,156
35,153
43,151
93,121
115,103
93,126
69,134
19,153
57,137
131,75
131,78
116,102
145,49
156,3
134,-65
112,-109
108,-115
71,-136
97,-97
142,-51
139,-70
148,-50
152,-16
147,41
112,102
94,126
94,122
37,142
-28,148
-95,114
-80,117
9,152
18,157
1,159
-11,158
13,152
104,96
154,23
150,15
129,79
106,116
111,108
142,22
150,-48
144,-62
142,-67
152,-41
136,-67
106,-114
114,-109
123,-99
136,-77
150,-33
150,-38
145,-60
146,-61
148,-55
153,-35
156,-24
155,-34
152,-36
122,-90
116,-101
139,-74
136,-79
101,-110
20,-148
59,-129
136,-55
151,-19
135,-65
145,-15
126,76
96,125
86,131
7,119
-121,69
-138,75
-126,95
-112,110
-120,100
-128,93
-121,100
-55,132
53,139
115,99
88,123
84,133
125,88
152,30
151,40
152,43
151,-16
141,-27
146,44
150,47
137,74
146,37
150,-40
125,-92
128,-92
145,-56
147,1
98,98
41,150
49,148
52,146
41,148
16,156
12,157
3,159
17,158
10,157
-10,155
53,132
132,80
143,68
129,88
98,121
69,138
107,113
132,86
141,68
104,97
-8,138
-69,138
-102,112
-138,75
-107,100
-26,150
-29,154
-40,154
-28,156
2,154
-15,141
-100,113
-119,104
-130,73
-154,11
-154,30
-148,52
-115,93
-2,137
80,133
33,140
-17,155
34,144
124,61
156,-7
148,-49
129,-92
129,-83
144,5
147,52
140,57
132,80
152,38
155,25
127,-55
68,-138
79,-137
111,-107
143,-38
153,-27
149,8
151,42
140,65
100,111
7,140
-22,149
5,157
-15,155
-78,130
-116,106
-141,49
-154,-16
-156,-24
-154,21
-141,9
-124,-82
-136,-67
-146,-43
-120,-93
-142,-52
-158,9
-157,18
-151,46
-145,61
-142,52
-151,21
-135,74
-131,69
-139,-29
-143,-62
-154,-17
-148,46
-149,51
-144,63
-150,24
-153,-31
-155,-37
-156,-28
-146,-54
-133,-83
-130,-88
-143,-68
-150,-52
-153,-39
-155,-24
-142,34
-97,117
-41,150
-6,158
32,149
88,126
100,107
144,13
155,5
145,52
94,109
19,147
-49,143
-106,113
-131,87
-136,81
-139,49
-133,-53
-129,-89
-147,-44
-137,-57
-124,-95
-129,-91
-135,-81
-151,-33
-153,-28
-139,-70
-123,-96
-144,-62
-156,-33
-148,-52
-123,-85
-57,-136
-69,-131
-108,-110
-127,-80
-151,-20
-145,-51
-151,-41
-146,-56
-131,-86
-113,-112
-118,-109
-131,-89
-149,-47
-153,-19
-138,-67
-112,-108
-96,-125
-105,-116
-131,-88
-145,-65
-150,-54
-152,-48
-154,-37
-148,-50
-152,-40
-157,2
-143,63
-144,59
-152,43
-151,45
-128,85
-43,133
52,146
84,133
99,118
137,72
151,47
151,47
149,50
153,24
149,34
123,70
102,112
131,84
137,77
115,99
56,141
30,155
51,150
39,153
-6,151
-76,130
-101,119
-109,112
-86,131
-50,148
39,138
128,69
143,-30
144,3
128,83
96,119
127,76
157,21
150,-12
106,-100
107,-108
118,-103
100,-123
81,-133
55,-146
102,-89
140,27
113,103
35,138
-62,133
-124,74
-149,51
-135,82
-98,120
-15,140
85,126
73,134
92,110
136,-12
140,-65
113,-104
41,-143
-52,-144
-108,-113
-75,-116
18,-148
66,-140
96,-124
104,-118
95,-125
71,-142
76,-140
59,-145
72,-130
128,-39
148,-5
132,-78
119,-103
134,-84
141,-71
117,-99
73,-139
90,-123
133,-81
142,-56
141,22
127,88
141,64
147,56
149,42
143,-44
96,-119
58,-148
41,-153
48,-145
100,-115
69,-127
18,-151
45,-147
26,-155
-11,-154
6,-149
66,-141
55,-148
24,-154
57,-132
120,-23
126,85
115,107
124,95
140,68
119,98
126,90
144,61
121,95
124,96
108,111
92,127
63,142
76,123
141,16
138,-63
148,-20
153,-28
151,-29
136,47
103,114
107,108
143,61
148,42
135,75
117,103
87,125
33,151
-9,156
31,146
94,124
110,111
133,73
139,58
103,113
116,102
147,56
153,39
157,-7
153,-22
147,39
111,102
78,134
117,100
147,30
154,-32
150,-52
139,-77
127,-93
96,-119
100,-118
74,-138
82,-128
123,-95
142,-51
156,-1
157,8
152,30
135,78
99,117
57,146
42,153
36,153
75,136
59,131
-22,151
-35,154
-9,145
98,103
126,95
135,75
149,-9
116,-95
87,-126
124,-79
154,-22
157,-27
153,-25
154,20
157,19
150,42
114,90
106,106
142,68
133,80
102,118
67,140
26,154
11,154
75,130
124,94
67,120
-41,140
-18,142
57,145
70,141
110,110
116,99
59,139
1,150
11,147
50,142
15,156
-2,158
-44,148
-99,120
-125,95
-143,65
-151,38
-152,-19
-137,-76
-106,-113
-68,-142
-36,-153
-47,-150
-87,-129
-67,-136
-26,-155
-43,-150
-45,-146
9,-155
4,-153
-92,-92
-145,-43
-141,-65
-150,-31
-144,40
-131,87
-132,77
-149,0
-152,-44
-152,-29
-127,-81
-128,-85
-144,-53
-107,-103
-46,-148
-15,-156
11,-157
33,-155
0,-155
-30,-150
-24,-150
-56,-140
-130,-79
-155,-17
-156,0
-137,61
-98,121
-117,94
-148,21
-123,-69
-50,-139
-29,-155
-53,-150
-73,-142
-65,-145
-71,-138
-127,-80
-152,-11
-153,-15
-148,-43
-139,-72
-149,-50
-153,9
-150,51
-138,77
-137,67
-154,7
-141,-48
-118,-104
-109,-116
-98,-124
-116,-103
-146,-56
-155,-2
-150,43
-134,73
-143,-1
-120,-89
-128,-64
-136,55
-102,120
-100,122
-98,122
-105,110
-117,101
-135,52
-153,-24
-126,-80
-37,-129
85,-119
130,-84
151,-30
156,7
151,41
154,36
140,64
103,114
95,123
109,108
50,142
-3,157
0,159
17,158
3,155
-28,152
-67,136
-28,141
65,140
75,136
76,128
133,45
143,-56
127,-95
134,-81
151,-35
157,-10
149,16
138,66
111,99
80,136
89,130
118,101
128,90
146,41
156,3
125,59
16,131
-47,146
23,150
77,138
82,134
111,106
126,95
123,99
126,96
106,115
53,139
-10,155
-7,159
-3,158
35,153
91,123
141,50
155,26
144,-25
114,-106
122,-96
135,-80
98,-115
19,-146
52,-135
105,-115
129,-75
154,-16
156,18
157,6
157,-15
158,-16
157,-15
156,12
139,-38
84,-123
102,-107
111,-106
111,-103
146,-42
152,11
139,66
131,89
128,93
137,78
120,97
85,128
62,145
96,120
140,73
152,44
158,3
141,-53
99,-118
59,-143
96,-107
149,-31
159,-9
157,-14
149,-42
119,-101
90,-128
120,-73
154,-6
151,-37
133,-86
133,-86
105,-115
88,-130
119,-94
127,-89
91,-128
68,-137
103,-114
81,-129
47,-149
-2,-156
12,-153
22,-156
5,-155
66,-136
75,-136
96,-118
116,-107
93,-128
61,-142
23,-153
69,-137
90,-131
54,-147
6,-157
-21,-157
-15,-157
-23,-156
-37,-153
19,-148
72,-138
94,-123
125,-92
145,-57
133,-78
119,-101
139,-72
149,-48
153,-38
152,-13
155,14
157,-12
138,-63
65,-130
-42,-143
-112,-99
-135,16
-100,116
-91,128
-84,128
-24,152
12,158
-1,151
-90,97
-149,7
-137,-58
-71,-124
-47,-149
-56,-149
-41,-152
-33,-153
-12,-156
34,-149
76,-136
79,-135
96,-110
130,6
109,106
122,99
148,57
141,70
142,74
151,49
153,2
146,36
133,78
88,111
52,146
69,142
49,150
25,156
60,143
98,125
87,131
66,144
63,142
-15,140
-102,113
-138,77
-128,87
-64,138
-26,154
43,141
102,116
72,135
40,150
-15,151
17,147
80,134
91,130
114,107
142,54
107,77
39,145
93,111
149,40
144,43
98,111
67,142
49,151
0,150
-88,115
-140,51
-119,82
-101,113
-97,109
-18,150
-16,155
-5,157
26,151
108,93
149,45
146,54
101,100
17,147
-23,152
-72,134
-111,112
-132,88
-144,48
-147,-17
-151,10
-155,-2
-140,-48
-111,-109
-85,-130
-93,-117
-120,-98
-124,-95
-125,-77
-11,-123
61,-136
-11,-149
-12,-153
42,-150
70,-138
122,-67
154,-8
151,1
136,63
108,111
94,126
88,129
110,112
131,89
133,84
115,107
120,101
92,122
62,147
41,149
-22,152
-33,153
-73,130
-124,94
-106,114
-111,101
-143,66
-144,65
-151,39
-147,35
-119,96
-133,69
-154,31
-154,36
-148,52
-124,95
-94,127
-84,130
-123,94
-141,70
-123,92
-50,143
1,159
-15,155
-76,133
-120,102
-126,96
-122,100
-83,132
-57,148
-13,154
53,146
117,95
149,10
131,-79
103,-117
75,-137
91,-129
100,-123
81,-136
46,-152
11,-158
-6,-158
5,-156
71,-127
133,-37
145,51
146,56
155,8
151,-35
127,-86
75,-132
95,-116
138,-59
151,15
155,38
154,14
112,-79
-5,-140
-57,-146
-40,-152
-9,-154
-33,-153
-41,-148
36,-141
65,-142
-10,-140
-96,-120
-79,-134
-53,-147
-80,-131
-33,-142
56,-135
125,-86
140,-67
111,-108
87,-131
79,-136
79,-134
53,-143
90,-123
97,-126
71,-137
4,-153
-10,-157
-8,-158
11,-156
-32,-150
-79,-137
-91,-129
-63,-139
-10,-156
-20,-157
3,-156
20,-156
17,-157
29,-155
-4,-158
-26,-157
-8,-155
26,-154
-16,-153
-29,-154
-67,-133
-135,-55
-125,62
-44,143
-16,157
-28,156
-36,154
-26,156
-8,156
-58,136
-128,63
-151,11
-138,-52
-140,-66
-152,6
-154,30
-152,37
-128,85
-118,104
-111,107
-91,119
-133,63
-141,-31
-140,-60
-124,-78
-115,-105
-139,-73
-141,-66
-153,-22
-150,-30
-123,-89
-52,-132
63,-123
121,-84
151,-23
144,-47
110,-109
121,-100
112,-101
30,-144
8,-156
11,-152
80,-100
146,-49
125,-89
112,-105
136,-79
123,-98
110,-112
123,-94
101,-112
6,-139
-29,-151
-18,-157
-30,-155
-22,-152
15,-158
20,-158
5,-158
4,-156
-26,-151
5,-140
102,-108
81,-122
-20,-147
-29,-148
14,-155
5,-157
26,-154
68,-137
124,-73
150,19
152,33
149,16
119,87
94,126
83,133
112,107
142,71
139,70
83,113
-9,148
-56,148
-71,142
-71,139
-16,152
59,138
96,119
104,116
119,104
93,122
40,147
42,151
61,146
102,118
131,91
145,59
148,47
134,81
136,81
146,48
136,56
125,94
120,90
49,138
-18,154
-31,156
-17,159
-33,155
-52,148
-69,139
-105,116
-109,116
-77,130
-13,153
44,149
111,99
150,48
141,70
140,71
155,9
158,-26
156,-9
154,32
143,60
120,100
132,82
144,25
128,-80
113,-101
143,-31
137,-47
63,-131
-4,-156
-8,-158
-28,-155
-60,-146
-25,-141
88,-112
132,-87
121,-98
119,-91
138,-72
101,-118
68,-143
95,-121
106,-115
105,-110
122,-95
90,-125
120,-68
144,31
145,-11
129,-89
74,-133
-26,-148
-83,-135
-47,-141
-39,-139
-103,-117
-103,-120
-72,-136
-50,-147
-68,-141
-15,-150
58,-135
125,-83
148,-30
149,36
137,77
139,77
129,90
134,79
149,2
153,-44
154,-35
149,-47
146,-45
155,-18
132,-72
74,-135
21,-155
-34,-150
-74,-137
-116,-99
-150,-41
-143,-49
-124,-94
-114,-109
-106,-117
-103,-119
-120,-84
-132,40
-127,90
-149,37
-152,-25
-135,-75
-119,-104
-137,-73
-139,-63
-97,-117
-45,-147
4,-155
19,-157
30,-154
34,-154
-1,-158
-31,-154
-32,-153
-79,-125
-141,-27
-151,19
-151,-30
-150,8
-131,77
-141,64
-122,88
-80,135
-55,148
-46,149
-84,124
-117,104
-95,119
-73,136
-101,118
-73,136
-32,152
37,149
71,142
53,141
-50,124
-107,112
-104,116
-135,48
-114,-72
-54,-141
-86,-126
-135,-76
-155,-24
-157,5
-155,15
-158,3
-156,11
-117,79
-28,141
72,132
127,78
152,33
134,72
65,127
-34,144
-72,138
-32,152
-32,153
5,154
61,146
84,133
114,108
139,67
149,-22
137,-80
128,-93
105,-115
92,-123
31,-144
-53,-146
-84,-133
-90,-124
-119,-97
-96,-122
-74,-139
-46,-152
-41,-152
-15,-153
-22,-149
-98,-120
-100,-117
-27,-142
61,-139
62,-140
-28,-147
-95,-126
-126,-97
-133,-82
-118,-97
-142,-60
-155,-35
-156,-27
-155,-18
-150,19
-142,-41
-146,-57
-149,-51
-146,-59
-149,-35
-143,45
-120,100
-127,83
-153,22
-159,1
-156,-11
-136,-69
-109,-111
-129,-77
-149,8
-144,28
-149,-38
-153,-12
-146,49
-149,20
-150,13
-136,76
-133,82
-147,33
-127,74
-97,120
-121,94
-143,21
-154,-34
-159,-15
-150,-28
-126,-88
-109,-116
-72,-134
-19,-154
11,-156
42,-153
24,-150
-52,-143
-94,-126
-93,-125
-98,-115
-139,-13
-141,66
-133,80
-108,114
-98,124
-82,135
-59,147
-34,154
-47,136
-128,68
-155,14
-151,-27
-118,-93
-91,-129
-117,-104
-147,-53
-149,-41
-154,12
-153,32
-145,13
-124,-78
-135,-50
-130,67
-68,134
27,150
89,130
105,118
115,108
126,96
141,55
154,-9
147,23
107,102
38,137
-46,146
-15,153
63,140
114,108
141,40
139,-59
130,-89
127,-92
134,-79
136,-59
154,-3
155,-28
148,-56
125,-94
119,-94
138,-65
84,-117
-19,-148
-40,-152
-20,-154
-12,-154
-35,-155
-45,-153
-28,-153
45,-137
121,-94
132,-84
142,-38
155,0
140,37
112,104
135,62
153,-23
128,-78
57,-139
30,-154
21,-154
61,-141
76,-136
25,-152
26,-155
60,-144
101,-117
117,-105
107,-114
117,-103
124,-94
110,-109
50,-142
0,-158
-17,-152
-61,-143
-46,-149
-52,-150
-83,-134
-106,-117
-83,-128
-34,-150
-56,-139
-129,-65
-155,9
-154,32
-154,33
-151,30
-105,104
-60,145
-49,149
-73,137
-120,85
-149,48
-150,29
-153,-27
-151,-33
-156,17
-159,11
-159,7
-158,17
-149,48
-132,86
-130,88
-81,129
-40,152
-21,156
-15,158
-6,156
58,141
108,116
119,103
125,96
145,57
158,4
157,9
151,47
145,64
134,82
121,97
142,66
153,43
157,15
159,-2
159,-4
157,-26
146,-53
125,-94
137,-71
151,-24
140,-57
83,-124
30,-155
18,-158
40,-149
80,-134
76,-133
104,-114
88,-131
57,-147
56,-145
81,-125
128,-87
111,-105
40,-148
-29,-154
-39,-153
-52,-148
-92,-128
-124,-94
-129,-89
-121,-101
-138,-62
-147,-44
-147,-51
-151,-37
-131,-83
-113,-111
-120,-100
-150,-37
-158,7
-158,5
-157,3
-151,-31
-131,-83
-128,-91
-150,-31
-153,37
-147,41
-149,-27
-157,-27
-156,-5
-128,-65
-103,-115
-131,-85
-150,-30
-137,60
-104,116
-103,115
-138,66
-151,48
-136,75
-102,119
-96,124
-117,104
-122,98
-144,46
-156,-5
-158,-12
-155,-23
-151,-46
-156,-27
-158,10
-154,7
-140,-58
-115,-105
-66,-138
-34,-153
-16,-158
-22,-156
-85,-127
-131,-87
-149,-22
-145,52
-149,46
-143,60
-125,87
-143,59
-121,95
-95,122
-131,54
-151,21
-145,-5
-150,-35
-156,-12
-154,9
-151,-32
-147,4
-128,83
-125,93
-138,64
-148,-7
-124,-85
-136,-61
-157,-4
-155,-23
-154,-36
-142,-56
-101,-114
-58,-141
28,-140
99,-116
136,-77
134,-73
50,-130
-51,-145
-114,-100
-142,-47
-122,-89
-113,-109
-87,-130
-20,-142
90,-103
147,-22
148,17
131,-64
113,-80
106,57
91,123
132,81
146,59
149,33
133,-64
112,-104
139,-31
129,66
71,131
46,150
78,135
116,107
103,114
55,146
71,138
112,107
63,130
-10,154
-49,147
-70,141
-64,143
-79,135
-74,137
-71,138
-27,154
27,153
71,139
44,149
29,156
72,136
111,109
89,128
67,142
35,152
64,139
88,130
98,119
115,106
140,60
155,27
154,-9
138,-73
78,-121
-26,-148
-83,-133
-116,-106
-133,-86
-123,-91
-50,-133
9,-154
69,-134
108,-114
116,-93
151,-31
157,-23
134,-73
118,-100
68,-131
34,-153
15,-156
-14,-154
51,-135
131,-55
152,-14
109,-96
77,-136
104,-107
125,5
109,106
104,117
132,79
153,16
133,33
54,130
0,156
8,156
32,148
-41,137
-85,131
-116,91
-152,26
-157,-10
-156,-21
-136,-65
-71,-129
-16,-154
40,-150
83,-132
109,-114
76,-131
0,-153
-11,-154
-37,-152
-61,-142
-112,-107
-145,-56
-158,-4
-155,8
-150,36
-149,15
-119,-74
-54,-138
32,-143
52,-146
58,-143
70,-139
1,-151
-10,-150
60,-135
18,-146
-50,-149
-58,-143
-28,-151
-9,-150
28,-153
6,-153
63,-136
99,-119
133,-70
153,-28
135,-66
117,-108
98,-122
52,-145
8,-156
-16,-155
16,-146
94,-112
144,-46
157,-18
146,-40
96,-116
65,-144
34,-150
-29,-150
-1,-152
37,-151
-28,-146
-79,-137
-72,-137
-5,-141
98,-104
110,-109
43,-147
-39,-145
-121,-91
-154,-28
-155,-15
-154,-35
-156,2
-150,41
-151,1
-151,22
-140,70
-116,103
-104,121
-89,131
-96,120
-112,110
-110,113
-126,79
-140,-24
-146,-62
-155,-24
-154,29
-148,52
-125,96
-127,91
-142,69
-137,79
-128,87
-144,44
-156,22
-139,63
-105,118
-83,134
-115,89
-150,2
-157,-21
-146,37
-131,71
-148,-7
-150,4
-136,74
-94,120
-45,151
-1,148
100,108
146,55
149,46
147,57
144,61
110,83
17,144
7,157
44,151
75,138
119,84
145,47
116,100
117,102
134,79
93,118
76,136
104,109
143,14
150,-49
132,-83
119,-98
141,-69
141,-66
124,-91
142,-49
146,-43
124,-88
141,-23
149,35
152,-12
151,3
138,67
105,113
96,125
74,135
50,149
34,151
6,154
69,133
132,67
154,24
159,12
160,-5
146,-48
106,-113
88,-130
116,-99
145,-17
151,40
139,71
147,50
155,-3
130,-80
105,-116
122,-97
85,-123
31,-153
35,-153
43,-151
20,-154
-47,-134
-112,-107
-125,-91
-76,-127
-49,-148
-48,-142
-7,-153
-59,-141
-112,-110
-121,-104
-123,-99
-142,-48
-152,33
-110,93
-47,145
-96,104
-144,55
-132,80
-136,61
-149,-18
-138,-71
-147,-58
-154,-31
-156,-13
-151,17
-135,73
-143,15
-113,-87
-62,-141
-101,-111
-143,-64
-144,-66
-143,-63
-115,-101
-102,-115
-136,-77
-145,-60
-128,-85
-114,-108
-139,-68
-156,-19
-157,22
-157,20
-158,22
-156,24
-158,12
-155,31
-153,23
-147,-43
-124,-93
-139,-61
-156,-4
-122,71
-65,141
-41,151
26,144
116,98
144,36
128,-69
98,-121
87,-130
96,-124
82,-131
79,-136
84,-132
113,-109
108,-115
120,-95
139,-68
133,-78
142,-66
104,-109
57,-144
74,-139
69,-141
30,-154
11,-157
-35,-153
-93,-123
-117,-103
-115,-109
-123,-99
-137,-77
-141,-70
-150,-45
-153,-10
-135,73
-123,96
-134,83
-124,100
-123,99
-93,119
-50,149
-29,155
-49,141
-117,91
-147,21
-143,-52
-151,-40
-154,17
-134,78
-103,116
-36,144
44,149
79,135
63,140
47,150
78,135
131,68
148,-36
145,-60
153,-31
156,-27
141,-63
97,-121
55,-142
-39,-139
-116,-101
-141,-59
-117,-97
-83,-132
-80,-135
-65,-138
-32,-155
-52,-149
-78,-130
-9,-143
29,-156
31,-155
9,-150
-78,-131
-130,-81
-150,7
-137,77
-134,85
-129,88
-145,35
-151,-32
-154,-33
-139,-55
-74,-125
-34,-155
-27,-156
-78,-117
-146,-12
-151,-2
-112,-90
-87,-132
-62,-142
-20,-154
-52,-141
-95,-123
-44,-142
51,-132
126,-84
128,-91
126,-97
120,-105
114,-111
116,-109
116,-105
65,-139
-2,-151
-2,-131
115,-55
150,31
147,45
152,-19
133,-81
104,-118
99,-121
114,-107
128,-84
137,6
87,113
48,149
50,147
-2,154
-15,158
44,144
124,88
152,41
151,19
115,85
48,144
4,156
-45,147
-96,121
-96,124
-63,144
-31,152
29,152
-7,143
-105,95
-143,55
-131,87
-134,65
-148,-8
-148,33
-147,52
-154,23
-146,-14
-132,-79
-138,-64
-112,-98
-112,-108
-138,-79
-147,-60
-145,-63
-147,-55
-112,-86
-51,-144
-58,-146
-16,-151
47,-147
90,-127
123,-99
106,-114
78,-136
82,-135
32,-152
-16,-157
-79,-126
-124,-96
-114,-110
-114,-111
-135,-80
-139,-65
-127,-90
-145,-47
-143,43
-119,100
-118,91
-149,44
-137,72
-95,123
-75,137
-61,141
-85,132
-55,146
-14,153
44,146
5,148
10,149
61,141
-4,140
-90,125
-107,116
-123,91
-142,8
-130,-75
-69,-131
-2,-141
103,-52
128,67
75,130
63,145
84,135
105,117
86,124
38,150
-13,153
-58,143
-73,140
-56,147
-38,153
-25,157
-17,156
-56,145
-101,115
-118,93
-145,28
-156,23
-155,30
-157,13
-156,16
-149,55
-137,77
-100,120
-57,145
-11,156
2,158
21,156
64,141
114,103
127,93
137,73
140,68
125,97
111,111
68,137
21,156
14,158
-24,145
-113,73
-149,43
-146,-1
-133,-71
-101,-117
-122,-95
-142,-71
-149,-55
-149,-54
-149,-48
-151,-6
-137,67
-136,78
-142,68
-120,97
-122,91
-69,129
-46,150
-43,152
-21,158
-23,156
-69,136
-108,115
-121,102
-134,82
-143,54
-154,3
-145,43
-79,125
14,151
84,131
117,99
152,28
154,-28
146,-58
129,-89
140,-56
148,18
117,92
71,137
53,149
46,152
47,152
59,147
87,126
94,118
10,141
-94,95
-143,-16
-146,-51
-144,31
-138,78
-134,85
-106,114
-84,129
-43,143
0,157
47,143
105,106
145,12
153,-15
158,-7
152,-40
151,-36
145,28
97,110
109,90
154,19
149,42
116,98
56,142
36,155
74,131
127,90
96,116
15,148
-20,155
5,157
1,156
-50,145
-90,129
-85,133
-94,126
-81,129
-37,149
-80,128
-115,110
-99,124
-49,149
-15,157
-37,152
-51,148
-35,145
-109,79
-130,66
-100,118
-92,128
-37,144
50,144
51,146
82,133
70,134
9,153
-39,136
-118,25
-141,-61
-147,-5
-140,52
-147,-20
-148,-56
-150,-23
-132,72
-114,112
-102,121
-79,135
-53,144
28,149
43,133
-64,127
-112,109
-117,105
-89,131
-65,144
-22,157
-9,155
-34,152
32,141
107,103
60,135
62,140
129,81
156,33
157,4
152,-5
134,-70
120,-103
105,-117
96,-115
138,-60
137,-79
109,-113
33,-148
-24,-156
-17,-157
-18,-158
-41,-151
-95,-125
-112,-104
-56,-139
-13,-157
1,-159
13,-158
11,-157
35,-151
38,-152
58,-136
107,-110
108,-95
144,-23
118,-77
21,-144
-10,-155
40,-147
72,-140
42,-152
23,-153
21,-154
-14,-156
-15,-157
4,-158
32,-152
-2,-151
-90,-124
-132,-84
-152,-36
-154,-29
-153,-29
-140,-60
-117,-104
-76,-131
22,-140
100,-119
101,-119
40,-149
35,-153
56,-150
26,-155
-46,-148
-85,-134
-114,-106
-135,-79
-152,-41
-157,4
-156,31
-152,40
-121,93
-79,137
-34,151
35,151
40,149
17,153
81,128
124,97
118,102
127,93
138,76
154,20
148,-46
103,-112
33,-151
0,-159
30,-151
60,-144
13,-152
23,-150
72,-139
69,-143
86,-127
127,-87
149,-23
150,28
117,91
129,79
157,14
158,-8
158,-12
156,0
154,-24
154,-31
153,-29
134,-80
97,-115
-7,-146
-76,-131
-135,-60
-155,4
-128,81
-66,132
48,137
105,114
98,122
86,124
62,131
123,79
104,104
103,113
86,123
108,106
41,124
-78,118
-140,51
-152,-2
-120,-74
10,-113
120,-84
132,-79
142,-62
127,-88
133,-20
148,43
156,25
140,59
108,108
88,128
103,116
92,114
9,145
9,153
34,151
70,132
117,105
110,113
82,132
55,147
42,151
81,130
130,81
137,53
74,122
65,137
115,106
114,111
107,116
118,98
147,56
148,-9
135,-79
144,-61
148,-49
110,-102
89,-125
30,-148
44,-136
120,-95
139,-76
145,-60
145,-64
134,-85
145,-54
153,-35
153,-37
154,-7
157,17
154,-13
127,-81
122,-100
128,-92
124,-98
119,-104
87,-129
42,-152
37,-151
75,-138
78,-138
106,-110
142,-65
149,-57
144,-63
149,-49
146,-53
150,-40
123,-91
19,-131
-115,-77
-152,-36
-158,-12
-159,-1
-157,-11
-157,12
-153,34
-140,61
-144,26
-98,-71
53,-105
144,-29
151,-16
123,-90
107,-112
114,-107
94,-125
70,-139
70,-138
84,-113
144,-25
155,-18
144,22
124,89
146,49
158,-1
157,-5
157,0
148,-39
134,-37
118,77
123,95
147,44
146,58
143,71
132,85
137,74
153,40
155,21
115,67
20,141
60,131
131,78
135,79
134,84
145,44
151,-31
126,-91
64,-139
36,-150
93,-117
130,-89
137,-82
120,-97
9,-127
-108,-106
-107,-109
-65,-139
-61,-137
-102,-112
-64,-139
-40,-152
-85,-126
-125,-86
-57,-118
42,-147
34,-150
-35,-151
9,-143
104,-95
147,-32
142,-59
149,-38
139,21
82,118
53,148
27,153
30,155
9,150
-45,150
-65,142
-99,120
-116,102
-143,57
-149,-1
-147,-45
-133,37
-83,127
-87,127
-50,142
-19,153
-79,127
-49,135
37,146
7,148
47,137
113,106
110,108
141,53
154,-10
145,-62
138,-78
132,-88
106,-115
104,-108
131,-85
113,-109
126,-87
145,-53
96,-109
39,-152
19,-157
12,-157
9,-152
51,-142
2,-144
-112,-86
-152,-3
-157,16
-156,17
-123,83
-36,142
69,123
134,76
133,87
114,99
52,141
-2,153
-60,143
-68,143
-59,144
-96,121
-117,100
-131,84
-99,120
-88,126
-126,89
-141,63
-124,85
-35,141
-23,142
-116,75
-149,-20
-150,-41
-156,16
-154,6
-125,-70
-47,-139
-6,-154
59,-128
91,-121
80,-133
118,-94
150,-37
149,26
136,75
91,123
53,149
39,148
-53,119
-136,65
-156,9
-148,-40
-124,-92
-103,-116
-132,-74
-151,-45
-150,-52
-139,-73
-118,-104
-93,-126
-109,-101
-152,-23
-156,8
-135,-47
-88,-123
-107,-89
-146,23
-130,86
-126,92
-108,112
-111,73
-141,-14
-153,19
-157,21
-156,22
-133,-28
-63,-125
-88,-123
-134,-83
-151,-44
-157,-12
-155,4
-154,32
-135,65
-91,122
-121,78
-148,-19
-150,-23
-148,45
-141,60
-153,17
-157,-6
-158,-9
-151,-40
-123,-92
-66,-131
29,-145
96,-119
122,-101
119,-106
119,-105
108,-112
23,-143
-48,-147
-40,-150
-23,-136
96,-97
139,-75
108,-106
19,-148
-48,-150
-64,-144
-114,-93
-148,-50
-130,-80
-143,-51
-152,-12
-151,42
-150,55
-141,71
-110,110
-47,147
3,158
57,143
104,118
96,126
68,141
68,139
96,123
82,133
107,115
138,63
148,-27
96,-112
-2,-150
-66,-143
-87,-131
-72,-138
-53,-148
-85,-127
-133,-82
-135,-76
-120,-102
-118,-103
-98,-122
-96,-127
-106,-119
-95,-127
-87,-128
-23,-148
15,-158
21,-157
-24,-151
-46,-145
21,-150
33,-147
-67,-128
-126,-85
-148,6
-148,50
-125,84
-101,117
-123,91
-97,119
-58,145
-37,154
-36,152
17,152
-9,150
-72,137
-102,114
-79,130
-62,138
-120,92
-141,70
-114,106
-98,121
-135,49
-152,-28
-156,-21
-155,-19
-149,-52
-144,-63
-126,-93
-128,-88
-150,-12
-146,47
-145,-12
-145,-55
-157,-13
-158,24
-149,52
-140,74
-146,59
-151,50
-154,25
-152,-26
-136,-75
-100,-115
-96,-124
-133,-81
-154,-19
-150,37
-107,109
-92,122
-135,63
-154,25
-132,75
-101,119
-111,108
-78,129
-77,132
-112,108
-132,87
-129,87
-70,127
15,153
5,153
-27,155
17,152
2,145
-23,149
61,137
95,127
106,118
93,121
61,144
86,131
127,86
93,97
-12,145
8,153
66,139
129,79
147,59
142,58
151,-18
152,-37
143,-62
111,-109
93,-126
97,-125
98,-119
135,-48
155,-10
149,-38
151,10
154,36
129,60
51,134
30,153
71,138
80,127
-10,142
-47,150
-15,158
13,158
23,156
11,158
40,147
107,109
134,83
123,87
44,133
-35,143
-97,120
-65,137
19,149
105,110
139,75
140,74
128,91
107,115
65,137
83,125
141,50
140,47
119,102
130,86
153,27
151,31
138,73
138,77
126,90
123,99
141,72
138,78
128,96
137,82
141,67
152,40
155,36
156,17
144,46
149,35
158,-12
144,-47
49,-124
-52,-145
-36,-152
-49,-143
-123,-61
-147,43
-120,95
-75,137
-49,149
-48,134
-119,25
-140,-28
-121,78
-112,97
-126,-22
-98,-117
-77,-137
-45,-147
23,-147
59,-141
110,-89
143,-8
128,77
143,61
144,44
120,95
137,68
152,42
148,47
99,102
-15,136
-85,117
-138,30
-129,40
-84,119
-100,117
-104,114
-48,134
47,146
23,144
-87,105
-138,25
-116,-82
-35,-138
64,-120
131,-8
102,105
67,142
62,142
15,152
-31,150
-36,147
-77,129
-104,118
-116,108
-135,75
-152,43
-149,49
-100,102
5,147
4,142
-97,106
-140,67
-143,62
-155,18
-154,-28
-153,-45
-153,-3
-151,16
-147,-41
-90,-109
-13,-150
60,-137
104,-117
84,-132
35,-150
-37,-147
5,-138
106,-88
152,0
153,37
139,72
137,80
109,103
15,141
-64,133
-129,49
-149,-23
-115,-95
-93,-127
-103,-111
-142,-14
-155,26
-155,32
-138,75
-133,82
-149,39
-154,6
-157,-12
-154,-4
-145,33
-139,-32
-150,-19
-154,34
-151,39
-153,-7
-124,-79
-93,-124
-116,-98
-124,-90
-91,-123
-21,-136
83,-122
91,-129
42,-150
-5,-155
13,-153
16,-156
34,-153
66,-134
130,-51
152,27
157,22
149,39
105,103
56,143
-16,140
-89,127
-61,136
25,153
43,148
-38,135
-67,141
-10,155
34,149
106,107
135,83
125,96
93,117
54,141
102,118
135,66
142,-41
107,-111
121,-87
124,-84
66,-141
48,-151
59,-137
124,-78
137,-77
116,-105
47,-131
-46,-148
-64,-144
-26,-151
-6,-152
-59,-142
-13,-148
26,-155
2,-158
-35,-154
-19,-155
10,-156
-37,-150
-63,-143
-16,-149
63,-135
89,-131
73,-141
45,-152
11,-157
7,-152
-72,-115
-143,-60
-156,-4
-152,-10
-139,-69
-121,-99
-115,-109
-138,-66
-152,14
-145,51
-147,-20
-132,-85
-113,-113
-95,-126
-100,-114
-144,-38
-156,-2
-147,-16
-127,-84
-128,-93
-114,-105
-109,-114
-131,-80
-154,-5
-152,40
-151,30
-156,9
-155,-13
-155,-20
-135,-65
-67,-129
-7,-157
-2,-158
-43,-147
-114,-104
-140,-76
-147,-59
-138,-68
-104,-112
-123,-77
-153,-9
-151,30
-139,73
-116,107
-104,119
-65,139
-4,157
24,157
54,144
64,132
-18,149
-64,144
-34,146
60,140
104,119
120,95
147,6
147,-59
130,-87
116,-101
103,-108
22,-149
4,-150
31,-147
-46,-144
-101,-119
-85,-127
-61,-145
-102,-115
-136,-77
-104,-106
-18,-144
73,-119
137,-55
148,19
155,14
152,-16
143,-53
148,-41
143,-63
135,-71
149,-45
148,-57
145,-47
139,35
115,100
72,130
9,154
-56,139
-106,114
-125,92
-144,28
-142,-53
-96,-106
15,-135
110,-93
146,-56
136,-80
127,-97
100,-122
87,-129
113,-106
71,-132
2,-153
40,-145
84,-132
66,-144
69,-143
94,-124
121,-101
108,-115
68,-142
59,-142
115,-93
141,-64
121,-98
62,-139
4,-156
-56,-138
-105,-118
-113,-105
-146,-22
-157,25
-151,36
-145,-31
-143,-64
-111,-92
-78,-130
-57,-140
-69,-135
-110,-110
-80,-132
-57,-147
-5,-150
68,-138
81,-136
90,-123
133,-72
131,16
67,125
15,155
-44,145
-82,130
7,134
90,128
81,136
50,141
-36,143
-107,104
-143,25
-151,-37
-141,-67
-127,-93
-100,-118
-119,-93
-153,-12
-154,-16
-157,-19
-154,-19
-126,-79
-114,-109
-130,-84
-154,-24
-155,14
-150,5
-136,-66
-143,-53
-155,22
-153,37
-149,50
-137,76
-109,112
-102,112
-141,39
-150,-34
-138,-76
-139,-77
-138,-79
-138,-73
-115,-99
-138,-57
-156,14
-145,65
-111,112
-75,138
-48,150
3,150
96,116
140,72
145,53
113,99
80,130
122,79
150,38
116,91
46,144
-16,147
-105,93
-150,7
-157,-12
-156,-7
-149,9
-118,-72
-130,-55
-140,57
-111,111
-105,114
-130,86
-92,113
-14,153
36,143
123,79
118,87
61,139
45,153
66,144
97,123
130,87
135,80
114,106
99,122
107,113
77,129
-5,145
-39,150
27,152
35,150
-25,151
-50,150
-49,148
13,151
72,137
28,142
-6,150
86,116
133,79
154,24
157,-10
144,-58
146,-58
128,-70
63,-133
69,-140
69,-134
123,-51
112,70
47,145
52,147
92,127
90,129
62,142
29,153
26,153
4,156
-12,157
-29,156
-22,152
51,140
59,145
90,116
139,47
131,76
141,71
149,43
130,76
105,117
123,89
146,56
131,82
97,118
17,145
-40,149
0,155
19,157
49,144
120,94
125,91
117,105
146,50
158,0
141,44
87,119
57,145
40,139
-63,129
-119,101
-129,91
-103,107
-6,148
34,148
-36,142
-43,148
-28,151
-21,146
54,141
34,150
42,152
84,130
65,136
-12,151
6,147
91,123
88,125
65,140
83,126
26,147
52,142
113,107
123,96
95,113
48,148
38,155
24,158
42,149
85,126
26,145
-47,146
-56,145
-58,144
-92,129
-86,132
-22,151
57,144
115,98
138,73
139,67
153,-3
153,-29
156,-14
130,-68
88,-129
92,-129
79,-137
37,-153
-30,-153
-86,-127
-126,-28
-99,107
-80,136
-104,116
-94,124
-35,148
30,148
5,154
26,154
9,149
-87,100
-130,76
-87,129
-76,132
-131,70
-153,42
-143,65
-119,103
-97,122
-42,145
-1,152
-66,134
-114,105
-137,71
-153,18
-157,-14
-152,-44
-148,-56
-111,-99
-48,-143
36,-140
98,-120
107,-111
128,-90
136,-70
155,-20
146,-49
111,-110
109,-112
134,-81
140,-73
146,-28
125,70
131,51
143,-55
146,-59
154,-8
153,31
158,2
158,-15
154,-6
138,-53
123,-97
134,-83
144,-64
138,-77
109,-107
134,-62
154,-36
147,-54
126,-79
142,-14
157,5
157,-1
157,1
141,-60
86,-125
48,-149
44,-150
82,-123
136,-70
141,-68
97,-115
46,-151
43,-151
86,-124
119,-104
94,-121
33,-153
21,-157
16,-156
56,-134
128,-80
151,-40
156,3
152,-8
124,-86
53,-141
-17,-151
-90,-124
-90,-129
-69,-140
-18,-149
-35,-151
-87,-127
-107,-104
-36,-136
81,-110
141,-65
152,-42
153,-30
154,10
139,66
124,95
146,34
148,-47
138,-72
147,-9
140,61
124,96
137,63
148,-31
139,-75
138,-77
138,-71
149,-48
120,-92
77,-138
52,-148
-25,-147
-84,-132
-23,-142
55,-145
41,-151
35,-154
22,-156
-51,-146
-104,-117
-135,-76
-124,-90
-126,-91
-87,-121
-86,-127
-129,-88
-150,-48
-150,-8
-80,96
32,148
79,131
20,142
1,153
37,150
-28,142
-100,118
-89,128
-52,149
-71,135
-66,125
40,141
19,145
-87,108
-147,48
-147,56
-123,92
-125,92
-137,80
-147,46
-148,44
-154,16
-153,24
-144,44
-152,-19
-155,-25
-150,-26
-142,40
-130,88
-144,47
-151,-25
-149,-44
-148,22
-133,77
-117,97
-102,117
-131,74
-153,6
-137,-60
-82,-126
-62,-145
-62,-144
-93,-125
-100,-123
-123,-88
-154,-10
-158,21
-157,18
-137,67
-135,64
-153,-12
-146,-56
-111,-102
-48,-146
-26,-156
-35,-154
-31,-153
-18,-156
-7,-155
7,-152
-65,-135
-93,-127
-98,-124
-123,-94
-146,-6
-143,66
-120,100
-116,91
-150,4
-153,-37
-155,-11
-153,29
-155,16
-158,11
-151,42
-111,100
-113,99
-139,68
-116,99
-71,141
-29,156
-11,154
68,114
149,33
147,35
100,107
66,137
15,152
44,148
107,97
149,-1
153,-15
132,56
132,76
151,11
130,57
116,106
137,55
145,-44
145,-61
153,-30
150,-30
129,50
98,121
69,140
29,154
36,154
78,134
132,77
140,60
96,115
32,144
-40,147
-4,150
69,139
81,133
93,123
136,77
142,66
146,18
152,1
149,-18
142,-2
145,44
144,-36
142,-65
146,-61
132,-83
105,-118
119,-87
149,-41
122,-92
110,-110
122,-95
142,-27
156,15
157,11
149,37
109,101
44,146
43,151
64,144
45,149
62,141
95,124
130,81
152,31
155,-13
151,-34
148,-41
130,-76
59,-138
9,-158
10,-157
51,-142
67,-138
21,-154
31,-153
68,-140
89,-132
100,-124
97,-126
116,-104
144,-57
153,-35
152,-16
144,51
120,98
107,114
134,79
127,86
96,122
126,85
153,40
154,9
128,-74
43,-135
-71,-132
-123,-100
-142,-70
-148,-57
-150,-44
-157,-7
-142,51
-108,103
-126,12
-95,-101
-14,-149
-2,-156
6,-155
-35,-152
-34,-150
35,-148
51,-149
63,-137
102,-112
85,-127
117,-92
148,-32
131,-75
69,-135
8,-157
-19,-155
-85,-127
-132,-88
-133,-84
-85,-122
-86,-115
-146,-50
-156,-8
-151,5
-148,-42
-145,-56
-139,-76
-136,-78
-113,-109
-85,-129
-23,-150
27,-153
82,-131
112,-111
131,-86
103,-113
49,-151
-9,-151
-65,-140
-9,-145
66,-137
50,-147
17,-157
32,-155
75,-133
116,-101
105,-116
127,-82
122,-77
45,-139
74,-127
117,-104
93,-126
65,-143
57,-146
84,-127
86,-127
20,-153
-4,-155
37,-149
19,-156
22,-157
18,-157
-21,-153
-94,-117
-116,-106
-114,-108
-99,-119
-33,-142
73,-125
127,-91
115,-98
58,-142
38,-152
60,-144
79,-138
60,-145
46,-149
34,-146
96,-115
81,-127
2,-155
-21,-156
5,-156
52,-145
43,-147
-10,-157
-7,-157
16,-156
24,-155
48,-133
122,-83
112,-108
106,-119
110,-115
128,-80
153,-16
145,-42
115,-105
114,-109
117,-100
122,-90
75,-131
-25,-141
-80,-135
-58,-143
-67,-136
-121,-99
-142,-71
-153,-22
-150,-24
-114,-97
-56,-140
25,-146
31,-149
22,-150
91,-120
116,-108
118,-107
128,-93
135,-83
146,-61
132,-83
101,-119
100,-111
134,-81
135,-84
99,-116
9,-148
-71,-138
-102,-119
-69,-134
-41,-144
-101,-118
-124,-100
-140,-73
-152,-22
-147,-25
-142,-65
-151,-43
-156,-20
-152,30
-147,37
-154,-9
-157,0
-148,34
-135,67
-146,-7
-129,-84
-89,-126
-40,-151
7,-156
48,-150
39,-151
7,-153
78,-111
144,-15
151,24
132,-57
97,-122
97,-125
92,-126
62,-140
86,-129
42,-143
24,-140
99,-114
134,-77
144,-7
136,66
148,11
144,-61
121,-91
69,-140
63,-145
94,-108
138,-47
82,-110
34,-151
32,-150
39,-146
91,-126
109,-115
101,-121
119,-100
139,-73
125,-89
130,-82
139,-75
143,-63
143,-66
135,-76
82,-129
33,-155
-14,-153
-52,-147
-2,-147
75,-134
104,-113
140,-62
149,-51
137,-78
100,-118
56,-149
71,-134
113,-107
114,-109
135,-52
151,29
153,41
157,16
151,42
144,64
149,45
157,1
158,-8
158,5
158,14
156,-23
142,-66
135,-79
121,-100
139,-61
151,-20
125,-83
65,-137
-29,-149
-91,-128
-127,-92
-138,-68
-149,-28
-147,-46
-154,9
-150,21
-135,-61
-118,-96
-68,-135
-33,-153
29,-144
96,-122
77,-138
41,-154
17,-156
-60,-135
-111,-111
-117,-101
-70,-136
-46,-150
-57,-146
-55,-149
-75,-139
-94,-127
-99,-124
-97,-124
-107,-114
-80,-134
-77,-138
-113,-104
-151,-27
-149,33
-81,116
26,146
116,87
153,35
136,66
69,129
-3,152
38,143
115,100
134,66
75,122
30,153
-18,151
15,148
95,123
131,83
155,27
157,-12
150,-31
131,52
116,105
122,96
77,126
44,152
58,147
96,126
127,95
146,63
154,29
151,41
153,23
134,53
79,128
55,149
57,145
114,94
153,24
156,19
145,46
110,106
65,141
31,152
-15,155
22,149
96,122
100,121
102,118
113,106
83,130
67,142
94,128
99,123
73,137
38,152
1,156
-14,156
31,149
103,115
120,96
46,133
4,156
61,140
93,128
81,137
54,147
37,155
25,155
9,158
54,145
103,118
130,88
102,108
90,127
133,81
154,26
142,-52
109,-113
92,-129
116,-95
129,-82
108,-112
132,-71
153,-34
153,-18
150,39
146,58
152,6
116,-88
89,-121
3,-140
-29,-153
-17,-157
-27,-153
-78,-134
-129,-69
-125,51
-84,124
-127,74
-148,41
-153,-12
-157,-20
-156,-24
-157,3
-144,59
-125,90
-121,89
-145,51
-148,-6
-144,-52
-129,-84
-145,-62
-153,-45
-155,-1
-150,47
-152,13
-137,-60
-74,-126
-6,-155
-12,-154
32,-145
70,-140
8,-151
-48,-151
-43,-151
-4,-156
59,-140
107,-113
139,-54
157,-24
150,-46
115,-99
107,-107
137,-70
118,-100
120,-102
131,-84
148,-46
156,-16
154,10
149,42
153,21
149,46
154,18
154,-7
109,-87
30,-150
-13,-155
-47,-148
-96,-117
-134,-81
-132,-78
-148,-23
-153,-22
-146,-55
-129,-69
-60,-135
5,-154
77,-127
133,-77
144,-56
152,-5
151,30
150,-27
126,-91
122,-68
151,19
154,5
118,-84
105,-112
121,-103
104,-118
127,-81
143,-64
136,-80
136,-68
148,-42
93,-109
5,-155
-48,-144
-126,-76
-148,-39
-113,-99
-98,-121
-117,-99
-80,-122
-33,-151
14,-151
19,-153
-60,-140
-82,-129
-49,-148
-80,-133
-120,-99
-114,-107
-95,-117
-70,-138
-84,-127
-126,-39
-132,75
-115,109
-97,122
-27,148
48,147
22,152
-32,154
-44,152
-72,125
-137,63
-133,68
-50,136
12,156
10,157
18,156
46,149
88,128
112,108
139,76
125,87
64,138
28,155
40,150
-18,141
-103,111
-105,116
-83,134
-89,127
-91,126
-100,115
-69,133
-85,121
-127,90
-111,112
-96,127
-98,125
-97,124
-77,134
7,144
41,142
-42,143
-35,148
-14,153
-52,149
-18,155
12,159
-2,157
-41,150
-86,118
-141,34
-142,-51
-136,-80
-147,-33
-120,77
-35,147
-1,159
3,154
88,120
130,92
135,85
134,86
122,98
73,125
-50,112
-139,59
-150,47
-138,74
-117,107
-111,113
-74,133
3,155
53,146
67,135
-24,138
-111,105
-118,105
-106,117
-107,111
-133,81
-142,57
-155,20
-143,52
-75,121
-66,124
-98,109
-68,139
-59,142
29,146
95,125
101,119
126,86
143,64
102,104
-17,119
-133,37
-157,4
-148,45
-145,-1
-134,-78
-101,-114
-28,-145
8,-156
25,-148
103,-100
145,-57
146,-21
107,79
6,145
-1,156
45,152
