0,0
0,0
-1,1
0,0
-1,1
-1,1
-1,0
1,0
1,0
0,0
0,0
1,0
0,-1
-1,-1
-1,0
1,0
0,0
-1,-1
0,0
0,0
1,0
0,0
0,0
0,-1
0,0
1,1
1,0
0,1
0,2
0,2
0,2
-1,0
-1,1
0,2
1,1
0,0
-1,1
0,0
1,-1
0,-1
0,-1
0,0
0,0
0,0
-1,-1
1,0
0,1
0,0
1,0
0,0
0,1
0,0
0,0
0,1
0,1
0,0
0,1
-1,0
-1,-1
0,-1
1,0
1,0
1,0
0,-1
-1,-2
-1,-1
-1,0
0,0
-1,1
0,1
-1,0
0,0
0,0
-1,-1
0,0
1,0
0,0
1,0
0,1
0,1
0,2
1,1
1,0
0,-1
0,-1
0,-1
0,0
0,0
-1,0
-1,1
-1,0
0,0
0,0
1,0
1,0
1,0
0,-1
1,-1
1,0
1,0
0,-1
0,-1
0,-1
-1,-1
-1,0
-1,1
-1,1
0,1
-1,1
0,-1
0,-1
0,-2
0,0
0,1
0,1
0,0
0,-1
-1,0
-1,0
0,-1
0,-1
1,0
0,0
-1,0
-1,0
-1,0
0,0
0,0
0,1
0,0
0,-1
1,-1
1,0
0,1
0,0
0,0
1,0
0,0
0,0
0,0
0,0
-1,1
0,1
0,0
0,0
0,0
-1,-1
-1,-1
0,0
1,-1
0,0
0,-1
1,0
1,0
0,-1
0,0
1,0
0,0
0,0
0,0
-1,0
0,1
-1,0
-1,1
1,1
0,0
0,0
-2,0
-1,0
0,-1
0,0
0,0
1,0
1,0
1,0
1,0
0,1
0,0
0,0
-1,0
0,0
0,1
0,1
0,1
-1,0
0,0
0,-1
0,-1
-1,0
0,1
1,0
0,0
0,0
0,0
-1,0
-1,0
0,1
0,0
1,-1
0,0
0,0
0,0
1,0
0,0
0,-1
1,-1
1,-1
0,0
0,0
0,0
0,-1
0,-1
1,0
0,0
0,0
0,0
1,1
1,1
0,0
0,-1
0,0
0,0
-1,0
0,0
1,0
0,0
0,1
-1,1
-1,0
-2,0
-1,0
0,0
-1,-1
0,-1
1,0
1,1
1,0
1,-1
1,-1
0,-1
0,-1
1,0
0,0
-1,0
-1,1
-1,0
0,-1
1,-1
0,-1
0,-1
0,1
1,1
1,0
0,0
0,0
1,-1
1,0
0,1
1,1
1,0
0,0
1,1
0,0
0,0
0,1
-1,0
1,0
1,0
0,-1
0,0
0,0
0,0
0,0
-1,1
-1,0
-1,0
-1,1
0,0
0,-1
-1,-1
0,-1
0,0
1,0
0,0
0,-1
-1,1
-1,1
-1,1
0,0
0,-1
-1,0
0,0
0,0
1,0
1,1
0,0
1,0
2,0
1,-1
1,0
1,0
1,0
0,0
0,0
0,0
1,1
1,0
0,0
-1,1
0,0
0,-1
0,0
0,0
-1,-1
0,-1
0,-1
-1,0
0,1
-1,1
-1,0
-1,0
0,0
0,0
1,1
1,0
0,-1
0,1
1,2
1,0
0,0
0,0
0,-1
0,-1
0,0
1,0
1,0
0,1
0,1
0,0
0,-1
0,0
0,1
1,0
1,0
0,-1
-1,0
0,0
0,0
0,0
0,-1
0,-1
0,0
0,0
-1,1
-1,1
0,0
0,1
0,1
0,2
0,1
-1,0
0,0
0,0
-1,0
1,0
0,0
-1,0
-2,0
-1,-1
0,0
0,1
0,0
0,0
0,0
0,0
0,-1
0,-1
-1,-1
0,-1
0,-1
1,-1
1,-1
0,-2
-2,0
-1,0
0,0
-1,1
-1,1
-1,0
-1,0
0,0
0,0
1,1
0,0
1,0
0,0
-1,0
0,0
0,0
1,0
1,1
1,0
-1,1
-1,0
-1,1
-1,0
0,-2
1,-2
1,0
1,0
1,0
0,0
0,0
0,0
2,0
1,1
0,1
-1,2
-1,0
-1,1
0,0
0,0
-1,-1
-1,-1
0,0
0,0
-1,0
-1,0
0,0
1,0
2,0
2,0
1,0
0,0
1,-1
0,0
-1,0
-1,0
-1,1
0,0
1,0
0,0
0,0
0,0
-1,-1
0,-1
0,0
-1,1
0,1
0,0
0,1
1,0
1,0
1,0
0,0
-1,0
0,0
0,0
0,1
1,0
1,0
0,1
0,1
0,1
0,-1
0,-1
1,-1
0,0
-1,0
-1,0
0,0
0,0
1,0
1,1
1,0
1,0
1,0
0,0
0,0
0,0
-1,-1
0,-2
0,-1
0,0
0,0
1,0
1,-1
0,-1
-1,-2
1,0
1,0
-1,0
-1,0
-2,0
-1,0
0,1
0,1
-1,1
-1,1
-1,0
0,0
0,0
0,1
0,2
1,2
0,1
1,0
0,-1
0,-1
0,-1
0,0
0,1
0,1
-1,0
-1,-1
0,0
0,0
0,0
1,0
0,0
0,-1
0,-1
-1,0
-1,0
0,0
-1,0
-1,0
0,0
0,0
0,0
0,0
0,0
1,0
1,0
0,-1
0,0
-1,0
-1,0
0,1
-1,0
0,0
1,1
-1,0
-1,0
0,0
1,1
1,0
0,-1
0,-1
1,-1
1,0
0,0
0,0
1,-1
0,0
0,0
0,0
0,0
0,1
1,0
1,1
2,0
1,-1
0,0
1,1
1,0
0,-1
1,0
0,0
0,0
0,0
0,0
0,0
-1,1
0,0
0,0
0,-1
0,0
0,1
-1,-1
1,0
1,1
1,0
0,-1
0,0
0,0
0,-1
0,-1
0,0
1,1
1,2
0,0
0,0
1,0
1,-1
0,0
1,0
-1,1
-1,1
0,0
0,0
0,0
0,-1
0,-1
0,-1
0,0
0,1
1,-1
1,0
0,-1
1,-1
0,0
0,-1
0,-1
0,0
0,1
-1,1
0,1
-1,1
-1,0
0,1
-1,0
-1,1
-1,0
-1,0
-1,0
-1,0
-1,0
0,0
1,0
0,0
0,1
-1,1
-1,0
-1,0
-1,0
0,0
0,0
0,-1
0,0
1,0
1,0
1,1
0,0
0,0
0,0
1,0
0,0
0,0
1,0
0,0
0,0
0,0
0,0
0,0
1,0
1,0
0,1
0,0
-1,1
0,0
1,0
1,0
1,0
1,-1
0,-1
1,0
0,-1
0,0
1,0
0,1
0,1
0,0
0,0
0,-1
0,0
0,0
-1,0
0,0
1,0
0,0
-1,-1
0,-1
0,-1
0,0
0,0
1,0
1,0
0,0
1,1
1,1
1,1
0,0
0,-1
1,0
0,1
-1,1
0,-1
0,-1
0,0
-1,0
0,0
0,0
0,1
0,0
-1,-1
0,-1
0,1
0,1
0,-1
0,-1
-1,-1
0,0
0,0
0,0
0,1
0,0
1,-2
0,0
0,1
0,0
1,0
0,0
0,1
0,1
1,0
2,-1
1,-1
1,0
-1,0
0,0
0,1
1,1
1,1
1,0
0,0
0,0
1,1
0,0
0,0
-1,0
-1,0
0,1
0,0
0,0
0,0
0,0
0,0
0,1
0,1
1,0
0,-1
0,-1
-1,0
-1,0
-1,0
0,0
0,0
0,-1
0,0
0,0
0,1
0,0
0,-1
1,0
2,-1
1,-1
-1,0
-2,0
0,0
0,0
0,0
0,0
0,0
-1,0
0,0
0,1
1,0
1,0
0,1
0,1
0,1
0,1
0,0
0,-1
0,-1
0,-1
1,-1
0,-1
-1,1
0,1
1,0
0,1
0,1
0,1
1,1
1,0
-1,0
-1,0
1,0
0,0
0,0
0,0
0,0
-1,1
0,0
0,0
1,0
1,0
0,0
0,1
-2,0
-1,0
0,-1
-1,-1
-2,-1
0,0
0,0
1,-1
0,-1
0,1
-1,1
0,1
0,1
0,0
0,0
0,-1
0,-1
0,0
1,0
1,0
2,0
2,0
1,0
2,1
3,1
4,0
4,1
4,2
5,2
7,0
8,1
11,1
14,-1
17,1
20,2
20,3
21,3
23,6
25,9
22,13
19,18
18,20
17,22
15,24
14,24
14,24
13,26
13,27
11,27
9,27
8,28
11,27
14,28
14,28
16,26
19,23
24,20
26,18
28,14
30,9
30,10
29,14
31,12
32,6
31,6
30,9
31,11
32,12
31,13
31,16
32,15
30,17
31,18
33,14
34,10
35,6
35,12
35,14
33,14
32,19
31,21
28,24
30,24
33,19
31,23
31,24
31,24
31,22
35,16
37,13
39,10
40,6
40,1
41,4
42,4
42,-2
42,-1
42,0
43,5
44,2
43,0
43,2
43,1
44,-1
44,8
42,16
41,17
41,17
40,20
39,24
41,21
43,19
43,19
39,26
38,30
40,28
42,25
43,24
46,21
47,16
47,17
47,18
48,18
48,19
46,22
42,30
44,30
47,25
44,29
41,35
39,38
34,41
32,43
31,45
35,44
39,40
45,32
46,31
49,29
55,20
57,8
59,-1
58,-3
59,-6
59,-9
59,-9
60,-2
61,-2
60,-8
61,-8
62,-6
61,-11
61,-14
60,-14
62,-7
63,-2
64,7
65,0
64,-9
65,-3
66,-1
65,-12
64,-20
64,-20
65,-21
62,-26
63,-27
61,-33
57,-38
54,-43
52,-45
62,-26
69,-16
69,-16
72,-11
71,-11
72,-12
73,-11
74,-8
75,-4
75,1
76,-1
76,6
77,3
77,-4
78,-10
78,-10
77,-18
75,-25
73,-32
74,-30
77,-24
78,-19
80,-16
80,-21
80,-24
80,-26
80,-23
82,-17
84,-1
84,19
79,32
78,38
80,34
79,37
77,43
84,30
88,20
91,9
92,0
90,-12
90,-14
91,-11
88,-25
85,-36
87,-34
90,-28
94,-11
94,12
93,22
95,11
96,1
95,14
91,35
82,54
81,58
89,46
94,32
95,33
96,33
99,23
100,22
102,19
101,24
101,23
105,-5
101,-29
96,-45
88,-61
85,-65
82,-70
85,-67
87,-66
81,-74
84,-73
96,-55
99,-52
97,-56
97,-57
94,-67
86,-76
82,-79
80,-83
87,-75
99,-56
112,-26
118,-11
119,-3
119,6
120,3
120,-4
120,4
121,5
121,3
121,0
122,-9
120,-28
118,-37
119,-36
122,-24
125,-12
126,-7
127,5
127,2
128,-2
129,-3
130,6
131,5
131,-7
131,-6
132,-8
131,-15
132,-15
132,-23
131,-27
132,-29
131,-33
129,-42
123,-58
120,-67
125,-56
124,-58
114,-78
109,-86
96,-100
78,-115
50,-130
35,-135
46,-133
53,-131
49,-133
31,-140
11,-142
-11,-143
-26,-141
-49,-135
-40,-139
-39,-140
-31,-142
-18,-146
-30,-144
-40,-142
-38,-142
-42,-140
-48,-138
-35,-143
-12,-146
5,-149
-13,-149
-50,-141
-86,-124
-112,-103
-125,-85
-122,-89
-116,-99
-109,-108
-117,-99
-120,-97
-117,-102
-124,-93
-136,-75
-139,-71
-132,-85
-116,-104
-106,-115
-109,-113
-96,-123
-76,-137
-56,-146
-52,-147
-59,-146
-43,-150
-14,-158
-13,-159
-6,-159
6,-159
2,-159
-14,-158
-38,-155
-80,-139
-116,-109
-138,-80
-147,-68
-150,-60
-154,-50
-157,-37
-160,-30
-162,-19
-162,-19
-159,-32
-154,-49
-143,-76
-137,-89
-143,-78
-158,-39
-164,-2
-164,9
-164,9
-164,2
-158,-34
-151,-63
-152,-64
-158,-48
-155,-53
-150,-71
-154,-61
-159,-50
-163,-31
-164,8
-161,39
-162,27
-165,-9
-165,-19
-162,-30
-160,-44
-160,-47
-153,-63
-143,-85
-143,-83
-131,-98
-106,-125
-104,-130
-115,-121
-110,-125
-113,-122
-119,-116
-110,-124
-107,-127
-94,-136
-96,-135
-117,-118
-118,-117
-124,-109
-137,-95
-126,-109
-127,-107
-138,-93
-129,-105
-109,-125
-105,-129
-120,-115
-136,-94
-122,-109
-106,-128
-108,-127
-100,-132
-98,-134
-109,-125
-110,-123
-113,-120
-139,-88
-135,-94
-113,-119
-108,-124
-127,-105
-130,-103
-123,-109
-126,-106
-138,-89
-139,-87
-115,-117
-91,-138
-69,-149
-53,-155
-28,-162
-34,-160
-76,-145
-86,-140
-86,-140
-94,-133
-72,-145
-62,-152
-75,-146
-67,-150
-64,-150
-67,-148
-38,-157
-45,-157
-74,-146
-91,-134
-64,-148
-42,-158
-37,-159
-45,-156
-66,-148
-52,-154
-36,-159
-20,-160
-7,-161
7,-160
20,-161
-1,-163
-36,-158
-58,-152
-50,-155
-37,-159
-32,-160
-24,-159
-4,-162
8,-161
15,-160
10,-162
-15,-162
-38,-159
-40,-157
-32,-158
-16,-162
-32,-159
-69,-146
-94,-132
-89,-133
-68,-143
-67,-146
-77,-142
-74,-143
-77,-142
-98,-127
-115,-113
-92,-128
-78,-139
-100,-125
-113,-116
-115,-113
-114,-113
-126,-99
-132,-92
-126,-99
-118,-107
-104,-118
-90,-132
-103,-121
-121,-104
-131,-90
-142,-74
-143,-73
-146,-66
-148,-58
-142,-71
-124,-99
-98,-124
-77,-140
-81,-137
-82,-137
-87,-133
-100,-123
-95,-126
-67,-143
-51,-150
-36,-154
-29,-155
-1,-156
37,-154
31,-156
33,-155
31,-156
21,-158
-4,-158
-26,-157
-29,-156
-24,-158
-22,-158
-17,-157
-34,-154
-56,-149
-56,-149
-61,-146
-75,-140
-93,-127
-118,-106
-138,-78
-149,-56
-154,-42
-153,-33
-145,-61
-142,-70
-143,-70
-152,-45
-150,-47
-137,-78
-136,-82
-145,-59
-156,-27
-154,-37
-151,-47
-156,-25
-158,0
-156,18
-154,32
-153,39
-145,64
-135,84
-136,82
-144,64
-151,46
-150,52
-147,60
-150,47
-154,31
-157,8
-158,8
-158,7
-157,-15
-156,-29
-157,-22
-157,-13
-158,-10
-157,-3
-157,13
-158,20
-157,19
-157,22
-151,48
-142,70
-144,66
-141,72
-143,65
-153,38
-157,27
-156,31
-157,25
-157,24
-157,18
-158,-2
-158,4
-158,4
-158,13
-147,57
-129,92
-107,117
-79,138
-63,146
-81,132
-101,122
-78,138
-66,143
-72,141
-81,135
-94,127
-110,113
-111,114
-110,115
-94,128
-77,139
-74,140
-80,137
-76,140
-90,128
-106,117
-107,117
-121,102
-117,106
-109,114
-115,109
-122,102
-117,107
-100,124
-97,125
-102,119
-120,101
-133,86
-136,79
-132,87
-118,106
-94,127
-61,146
-51,150
-65,144
-57,147
-31,155
-8,158
10,158
12,158
17,158
23,157
14,158
-5,158
-25,157
-32,155
-7,157
39,153
41,153
41,153
59,147
47,150
31,154
54,148
62,146
59,147
82,135
91,131
107,118
116,109
123,99
144,64
156,32
158,23
159,2
153,-37
152,-44
154,-37
152,-45
152,-44
155,-14
157,12
158,13
158,15
158,16
157,14
157,15
158,11
158,17
157,27
156,33
155,35
150,49
147,57
152,46
153,42
150,52
143,65
139,77
145,67
152,49
159,18
160,0
158,9
158,5
158,-3
157,-27
150,-53
142,-71
138,-78
142,-70
149,-57
152,-48
147,-61
141,-74
137,-81
136,-81
127,-94
114,-111
116,-107
111,-114
106,-118
92,-128
78,-137
92,-128
96,-126
94,-127
74,-141
64,-146
49,-151
33,-156
17,-158
7,-159
24,-157
21,-157
11,-158
39,-151
70,-141
81,-136
94,-127
100,-125
98,-126
101,-123
95,-127
103,-120
104,-119
78,-138
66,-144
60,-147
53,-150
51,-151
66,-145
70,-142
63,-145
50,-150
36,-154
9,-159
5,-159
9,-158
24,-156
16,-158
-10,-158
-36,-155
-53,-150
-56,-148
-49,-150
-56,-149
-62,-147
-63,-145
-79,-136
-104,-118
-110,-114
-100,-124
-104,-120
-106,-116
-120,-102
-130,-89
-139,-73
-148,-58
-145,-62
-137,-79
-125,-97
-125,-98
-132,-89
-140,-75
-141,-71
-141,-73
-139,-75
-134,-82
-145,-61
-138,-71
-134,-81
-138,-77
-129,-91
-119,-104
-113,-111
-112,-112
-111,-113
-109,-115
-105,-120
-112,-114
-111,-111
-104,-117
-114,-109
-114,-110
-109,-114
-109,-114
-121,-103
-108,-112
-74,-137
-52,-150
-47,-151
-60,-147
-68,-144
-91,-130
-113,-110
-129,-93
-118,-105
-100,-123
-93,-129
-96,-127
-115,-109
-124,-98
-143,-69
-138,-76
-123,-100
-136,-81
-149,-56
-151,-50
-146,-61
-142,-73
-143,-70
-141,-71
-143,-69
-143,-70
-148,-54
-153,-40
-148,-54
-152,-41
-157,0
-154,38
-147,63
-142,73
-139,79
-139,76
-141,70
-140,73
-146,60
-152,41
-157,15
-157,15
-154,35
-146,60
-135,83
-139,76
-145,65
-148,56
-144,65
-131,86
-142,64
-148,58
-147,56
-153,26
-155,-17
-155,-35
-155,-31
-157,-16
-158,2
-157,16
-157,8
-156,24
-154,40
-150,48
-154,28
-152,38
-137,76
-124,100
-120,105
-123,98
-141,65
-151,40
-146,59
-149,45
-155,-9
-153,-38
-149,-55
-152,-44
-156,-24
-155,-28
-145,-61
-127,-91
-108,-113
-90,-128
-73,-138
-76,-138
-73,-140
-68,-142
-60,-145
-45,-151
-21,-155
9,-157
8,-158
15,-156
34,-154
22,-156
5,-158
1,-158
13,-157
13,-157
-20,-157
-35,-154
-54,-148
-69,-142
-75,-139
-87,-132
-98,-124
-117,-107
-133,-87
-140,-75
-134,-85
-127,-96
-117,-107
-111,-112
-100,-122
-115,-105
-135,-78
-125,-94
-129,-91
-139,-75
-133,-85
-119,-102
-96,-124
-72,-140
-65,-145
-68,-142
-53,-147
-39,-152
-55,-147
-83,-135
-99,-124
-105,-119
-90,-129
-76,-138
-62,-144
-36,-151
2,-155
37,-152
68,-140
84,-134
80,-136
72,-141
70,-142
50,-150
9,-157
-8,-158
1,-159
0,-160
-5,-158
-10,-157
8,-157
28,-155
-1,-156
-13,-154
13,-156
13,-157
17,-157
-2,-158
-2,-157
3,-158
-19,-156
-44,-151
-43,-150
-20,-154
10,-155
21,-157
19,-158
17,-158
24,-156
42,-150
58,-146
59,-146
61,-144
75,-137
85,-133
103,-118
117,-105
115,-106
108,-114
110,-113
108,-115
97,-125
80,-136
85,-132
101,-121
89,-130
75,-138
66,-143
41,-152
17,-158
3,-158
11,-156
42,-150
53,-149
41,-153
14,-158
-8,-159
-18,-157
7,-154
26,-155
26,-156
33,-156
55,-149
77,-137
107,-115
117,-109
115,-108
99,-121
95,-123
117,-106
113,-112
105,-118
112,-111
116,-108
118,-107
121,-103
125,-96
130,-89
140,-71
145,-60
148,-53
146,-58
137,-78
124,-99
119,-106
111,-114
104,-120
106,-118
116,-106
118,-105
88,-131
75,-139
99,-121
98,-123
82,-134
78,-137
77,-138
64,-144
67,-142
62,-146
41,-153
20,-156
-3,-157
19,-155
30,-156
21,-157
10,-157
9,-157
-3,-157
5,-157
9,-157
-13,-158
-22,-157
-17,-157
-19,-157
-37,-153
-46,-150
-19,-154
11,-156
11,-158
4,-157
18,-155
33,-154
45,-151
30,-154
28,-154
36,-152
40,-153
29,-156
21,-156
31,-153
50,-148
41,-151
17,-157
36,-153
55,-147
75,-139
89,-130
97,-125
95,-127
93,-128
100,-123
97,-125
111,-109
132,-86
131,-87
116,-106
88,-130
63,-144
64,-143
84,-130
92,-127
94,-126
89,-131
83,-134
67,-143
58,-145
86,-127
91,-128
79,-137
71,-140
69,-141
89,-129
91,-128
78,-137
85,-131
111,-108
130,-86
139,-74
144,-62
148,-53
145,-62
141,-71
139,-74
131,-87
118,-105
122,-100
131,-89
133,-83
131,-89
124,-97
117,-106
91,-128
67,-143
44,-151
21,-156
23,-154
51,-146
57,-146
51,-148
43,-151
44,-152
50,-150
54,-148
68,-142
76,-139
69,-142
60,-147
55,-147
54,-148
48,-150
23,-155
32,-152
40,-153
29,-154
26,-155
35,-152
54,-147
58,-147
43,-150
16,-156
10,-158
8,-157
-27,-152
-57,-146
-68,-142
-93,-127
-105,-117
-115,-105
-132,-86
-140,-74
-143,-67
-136,-77
-113,-107
-94,-125
-98,-122
-99,-122
-99,-123
-103,-120
-112,-111
-120,-101
-127,-93
-132,-87
-119,-102
-114,-107
-108,-112
-109,-112
-132,-85
-144,-64
-149,-52
-151,-45
-153,-35
-156,-21
-152,-39
-152,-42
-155,-28
-148,-47
-145,-61
-148,-55
-150,-49
-149,-51
-142,-65
-138,-73
-138,-74
-140,-72
-138,-76
-139,-72
-127,-90
-107,-113
-71,-137
-52,-148
-66,-143
-67,-141
-42,-149
-18,-156
-27,-155
-49,-150
-35,-152
-10,-155
7,-156
-15,-157
-21,-155
-15,-156
-4,-157
-25,-154
-59,-146
-62,-145
-68,-143
-73,-140
-73,-140
-72,-139
-70,-140
-80,-135
-82,-134
-69,-142
-69,-142
-90,-129
-123,-94
-144,-60
-154,-32
-157,-18
-156,-26
-153,-40
-154,-34
-151,-41
-143,-65
-130,-86
-104,-115
-83,-133
-61,-144
-75,-137
-103,-118
-107,-114
-92,-128
-83,-134
-81,-136
-72,-139
-37,-152
-33,-154
-35,-152
-6,-155
17,-155
31,-153
37,-152
48,-149
37,-152
8,-157
3,-157
10,-157
44,-149
70,-140
73,-140
68,-142
41,-150
18,-157
3,-158
-4,-157
15,-156
34,-153
58,-145
88,-129
103,-121
107,-113
133,-77
147,-58
142,-70
141,-69
147,-57
149,-53
145,-58
142,-66
146,-57
144,-61
142,-67
145,-60
141,-68
139,-72
144,-62
142,-66
139,-72
143,-64
148,-50
149,-48
140,-72
133,-85
118,-103
116,-105
103,-118
93,-126
95,-125
78,-137
54,-147
50,-148
68,-140
94,-125
103,-118
85,-131
83,-133
97,-122
121,-97
138,-74
140,-72
124,-96
114,-107
119,-98
129,-88
122,-98
135,-79
141,-69
131,-86
126,-93
136,-81
138,-76
140,-74
136,-80
135,-81
128,-91
102,-118
77,-137
80,-133
108,-109
124,-94
119,-100
102,-120
105,-116
115,-106
106,-117
93,-127
88,-130
66,-142
75,-138
87,-132
76,-137
83,-132
98,-123
97,-124
95,-125
100,-121
118,-101
136,-79
134,-82
128,-91
123,-99
127,-93
129,-89
117,-104
101,-120
88,-130
91,-126
112,-107
113,-108
104,-119
86,-132
95,-124
108,-114
104,-117
92,-126
103,-115
126,-92
136,-78
141,-70
142,-69
146,-58
150,-44
150,-47
146,-57
148,-52
146,-58
134,-83
121,-100
121,-100
124,-96
129,-89
134,-83
139,-78
131,-88
109,-112
78,-135
84,-132
93,-127
95,-126
86,-132
69,-141
66,-144
67,-142
69,-140
98,-119
118,-104
125,-96
128,-92
118,-104
106,-117
104,-119
105,-117
108,-115
112,-110
111,-110
114,-106
129,-86
136,-77
129,-89
131,-86
121,-99
122,-98
123,-97
120,-101
116,-106
121,-101
116,-106
108,-115
116,-105
127,-92
135,-78
138,-73
138,-73
141,-67
145,-60
146,-58
147,-54
152,-35
155,-21
154,-30
154,-25
157,-6
155,-19
150,-48
140,-72
131,-86
106,-113
80,-134
61,-144
66,-141
64,-142
40,-151
9,-155
-23,-155
-53,-147
-72,-139
-65,-144
-69,-142
-72,-139
-92,-127
-105,-118
-109,-111
-99,-120
-97,-124
-79,-132
-47,-148
-9,-153
32,-152
64,-144
67,-143
44,-151
36,-153
26,-156
14,-156
24,-153
32,-154
19,-156
22,-155
46,-149
57,-146
54,-147
34,-152
16,-156
3,-157
23,-153
63,-142
89,-129
102,-119
104,-118
88,-130
77,-136
98,-120
119,-100
141,-61
153,-27
156,2
156,0
148,-47
134,-82
119,-101
103,-119
113,-109
125,-95
123,-98
119,-103
130,-87
142,-68
151,-44
155,-32
156,-20
156,-3
156,10
157,11
156,14
156,-9
154,-26
153,-26
155,7
154,29
146,52
140,70
139,74
139,76
145,61
133,79
108,113
92,126
77,136
71,140
63,144
57,146
44,150
41,151
46,150
63,144
93,125
101,118
72,138
70,140
96,124
106,115
104,117
121,98
142,67
146,59
145,60
147,54
148,53
151,42
154,30
157,19
157,15
151,40
149,49
153,32
156,7
154,16
151,41
155,24
155,-17
149,-52
146,-60
145,-63
145,-62
137,-76
133,-83
121,-99
96,-124
69,-141
45,-151
36,-153
40,-152
35,-153
12,-157
-12,-156
-47,-150
-85,-131
-99,-122
-86,-131
-78,-135
-94,-125
-112,-109
-113,-108
-101,-118
-89,-127
-74,-137
-61,-145
-56,-147
-55,-147
-67,-141
-86,-133
-75,-138
-78,-137
-76,-139
-77,-138
-100,-121
-120,-100
-136,-75
-122,-94
-101,-120
-101,-121
-97,-124
-90,-129
-106,-116
-106,-115
-104,-118
-106,-115
-98,-121
-98,-121
-71,-138
-56,-147
-77,-137
-93,-126
-89,-128
-106,-115
-106,-115
-96,-124
-100,-121
-117,-105
-127,-93
-127,-93
-129,-92
-133,-85
-128,-92
-125,-96
-116,-105
-97,-123
-78,-136
-107,-111
-138,-73
-142,-67
-136,-77
-131,-87
-132,-86
-140,-72
-149,-51
-147,-51
-145,-56
-127,-89
-118,-105
-124,-97
-136,-79
-142,-68
-141,-69
-145,-60
-151,-48
-154,-37
-156,-24
-150,-42
-147,-55
-154,-30
-154,-31
-151,-44
-155,-21
-155,-20
-155,-28
-157,-1
-155,22
-154,-9
-154,-29
-152,-38
-146,-56
-147,-56
-149,-49
-148,-52
-144,-60
-131,-84
-119,-102
-103,-116
-95,-125
-100,-122
-91,-127
-63,-142
-41,-151
-31,-154
-37,-153
-27,-154
3,-156
36,-151
51,-148
42,-151
31,-155
40,-153
36,-153
23,-157
21,-157
7,-158
4,-158
16,-156
27,-155
13,-156
6,-157
-4,-157
-12,-157
-15,-157
-27,-155
-26,-154
-14,-156
3,-155
21,-155
15,-157
-7,-158
-29,-154
-51,-148
-81,-135
-99,-123
-93,-126
-96,-125
-101,-120
-108,-113
-125,-96
-118,-103
-112,-110
-109,-112
-95,-124
-88,-129
-91,-126
-114,-107
-113,-109
-103,-119
-96,-124
-89,-129
-90,-129
-92,-127
-57,-143
-34,-153
-51,-149
-55,-148
-64,-143
-84,-132
-100,-120
-123,-98
-140,-71
-153,-37
-156,-19
-156,-19
-154,-27
-155,-29
-157,-20
-157,-17
-156,-13
-149,-44
-147,-56
-147,-56
-146,-58
-147,-53
-148,-52
-141,-65
-134,-81
-136,-79
-122,-97
-106,-115
-104,-118
-98,-122
-112,-109
-132,-84
-143,-65
-146,-59
-151,-40
-157,-20
-154,-28
-154,-29
-154,8
-148,49
-151,35
-155,4
-156,-12
-155,-16
-145,-50
-125,-91
-102,-117
-95,-125
-87,-130
-53,-147
-17,-153
7,-155
30,-153
48,-149
60,-144
65,-143
56,-147
46,-151
66,-141
99,-119
126,-88
145,-57
151,-47
148,-55
151,-45
152,-45
151,-44
154,-31
154,-12
155,9
157,1
158,-7
157,-7
157,-3
157,-8
157,-17
154,-28
151,-38
151,-37
156,-8
158,7
157,11
153,-28
147,-55
151,-41
153,-35
153,-31
154,-29
155,-19
155,-12
154,-25
151,-42
153,-29
156,-18
154,-33
150,-48
148,-51
143,-63
148,-48
155,-19
152,18
133,74
113,108
106,116
122,97
133,82
126,94
125,97
136,79
147,57
155,26
157,8
156,20
154,35
149,49
147,55
152,42
155,24
157,-4
154,-25
141,-64
135,-77
147,-46
155,-14
157,0
156,-14
150,-45
144,-62
134,-82
127,-92
124,-97
105,-117
81,-134
35,-152
-7,-155
-43,-150
-54,-147
-29,-153
-21,-155
-2,-156
0,-156
-20,-156
-23,-156
-38,-152
-54,-147
-44,-150
-36,-152
-46,-150
-74,-140
-78,-137
-87,-130
-114,-106
-138,-74
-148,-53
-147,-54
-145,-60
-147,-53
-148,-51
-154,-22
-157,-10
-157,-1
-155,24
-156,23
-151,41
-134,77
-121,99
-132,84
-140,74
-138,77
-136,80
-129,90
-114,107
-80,135
-59,145
-88,125
-119,100
-132,83
-142,63
-150,45
-151,40
-148,53
-145,59
-147,55
-133,82
-134,76
-147,55
-148,51
-145,61
-133,84
-129,90
-120,101
-105,116
-83,131
-76,136
-113,104
-138,72
-140,72
-131,87
-121,100
-106,117
-90,130
-93,126
-112,109
-121,98
-138,73
-146,57
-151,36
-157,8
-158,8
-156,22
-154,28
-151,43
-145,62
-144,63
-150,43
-151,42
-137,76
-117,105
-105,118
-103,119
-106,114
-81,133
-56,147
-57,146
-68,141
-84,133
-92,127
-104,119
-104,118
-85,131
-66,143
-61,145
-36,152
-17,156
-35,153
-40,152
-39,153
-40,152
-13,156
-9,157
-38,151
-61,144
-72,140
-77,137
-76,138
-59,146
-33,154
-33,153
-53,147
-78,134
-80,134
-43,149
-6,157
-2,158
1,159
-3,157
-19,155
-13,156
-4,157
25,154
50,149
55,149
56,149
71,140
103,116
114,106
90,127
69,141
74,138
94,126
106,117
102,120
81,134
60,143
22,154
3,157
17,156
51,148
61,145
73,138
106,116
109,111
81,133
60,144
12,152
-30,154
-38,152
-16,156
11,157
43,151
61,145
61,144
72,140
71,140
47,150
40,153
44,152
67,142
80,135
82,134
83,133
94,124
121,99
130,89
123,98
121,100
136,78
153,33
159,8
157,-10
151,-43
138,-76
126,-96
123,-98
135,-80
131,-88
117,-106
113,-111
111,-112
108,-116
117,-103
126,-95
125,-98
132,-87
138,-75
140,-71
140,-70
138,-75
130,-87
130,-88
135,-79
141,-71
129,-91
118,-104
119,-104
116,-108
100,-121
62,-141
38,-152
38,-152
45,-150
45,-151
35,-153
46,-150
47,-151
33,-155
42,-151
59,-147
72,-140
72,-140
64,-143
71,-140
60,-146
58,-146
60,-146
60,-146
60,-145
76,-137
71,-140
62,-146
72,-141
64,-143
54,-147
65,-143
62,-145
67,-141
75,-137
76,-138
64,-144
46,-152
32,-155
43,-152
56,-148
45,-150
42,-151
29,-154
25,-156
49,-149
55,-149
48,-151
45,-151
37,-153
51,-148
50,-149
35,-154
41,-151
39,-151
18,-156
-4,-158
-14,-158
-4,-158
-6,-158
-14,-158
-19,-156
-13,-157
3,-156
-2,-158
-20,-157
-5,-157
3,-157
3,-157
3,-157
-2,-157
3,-157
-6,-156
-16,-157
-29,-155
-50,-150
-68,-143
-79,-136
-72,-141
-69,-142
-59,-145
-70,-140
-81,-135
-80,-135
-76,-137
-73,-138
-89,-129
-94,-126
-111,-109
-130,-85
-138,-71
-151,-42
-153,-38
-153,-38
-155,-30
-145,-53
-122,-94
-119,-103
-123,-99
-123,-99
-118,-105
-109,-113
-115,-108
-127,-92
-133,-81
-125,-94
-123,-99
-143,-65
-145,-58
-139,-72
-141,-69
-148,-54
-155,-28
-155,-27
-156,-22
-158,-6
-157,-6
-156,-16
-157,-2
-156,23
-156,31
-150,48
-137,79
-119,102
-102,119
-79,135
-44,151
-38,153
-45,151
-41,152
-43,151
-25,155
-17,157
8,156
30,154
13,156
12,157
30,155
50,148
75,137
68,141
59,146
39,151
22,156
43,150
59,146
65,144
58,145
48,149
59,145
70,141
78,136
96,124
106,118
111,111
103,118
105,118
120,102
129,91
136,77
151,44
156,21
153,37
154,34
154,29
152,36
155,26
157,20
158,15
157,-9
156,-11
157,-5
155,-22
151,-44
147,-56
140,-71
131,-88
129,-89
121,-98
119,-102
132,-84
137,-77
139,-71
148,-49
150,-47
144,-63
130,-90
109,-112
100,-119
97,-124
78,-137
73,-139
69,-141
71,-140
49,-150
39,-152
55,-147
75,-138
85,-131
72,-139
80,-134
97,-123
114,-104
131,-85
131,-87
132,-85
140,-72
141,-71
139,-71
148,-42
154,-30
150,-49
145,-65
147,-53
154,-26
152,-40
138,-75
103,-115
65,-144
44,-151
25,-156
36,-152
60,-144
77,-136
72,-139
67,-142
83,-131
116,-101
136,-80
142,-71
135,-79
120,-102
109,-114
83,-134
79,-135
99,-121
119,-102
136,-78
142,-69
141,-67
149,-48
145,-60
132,-86
124,-97
108,-114
91,-127
71,-140
76,-137
79,-135
71,-140
68,-142
66,-143
79,-136
93,-127
111,-112
121,-99
140,-68
154,-25
158,0
158,3
158,2
157,-15
151,-40
148,-50
153,-27
154,-33
153,-34
155,-10
156,15
157,14
158,2
155,-27
152,-32
156,-3
157,12
157,14
156,-18
154,-39
152,-46
146,-60
145,-56
152,-13
153,27
155,26
153,33
153,32
156,20
158,3
157,-15
155,-21
156,-19
155,0
156,18
157,16
157,5
154,-26
155,-19
158,-4
157,8
156,18
157,18
154,28
153,35
155,28
157,17
156,23
153,37
153,39
156,26
157,17
157,14
155,22
157,12
156,-22
150,-48
148,-54
138,-76
133,-85
125,-96
121,-102
117,-105
118,-103
127,-91
127,-94
132,-86
127,-92
110,-114
105,-117
94,-126
74,-140
62,-145
47,-150
51,-149
63,-144
79,-137
76,-138
60,-145
41,-152
35,-152
23,-155
25,-154
52,-148
44,-150
-1,-155
-49,-149
-61,-145
-55,-146
-75,-137
-79,-136
-59,-145
-43,-151
-38,-153
-62,-145
-54,-147
-51,-149
-65,-144
-87,-130
-101,-121
-121,-97
-147,-54
-152,-38
-148,-51
-143,-64
-133,-79
-130,-88
-134,-82
-115,-101
-80,-132
-48,-148
-44,-151
-49,-150
-38,-153
-29,-155
-33,-154
-44,-151
-54,-149
-42,-151
-24,-155
5,-156
19,-156
29,-154
32,-155
52,-145
96,-121
123,-97
136,-80
145,-61
153,-35
156,-5
157,-15
151,-48
139,-72
135,-82
140,-76
138,-78
133,-86
129,-91
113,-108
113,-107
131,-85
135,-80
136,-81
140,-75
143,-66
138,-76
133,-84
132,-85
143,-62
154,-34
156,-19
157,6
156,18
157,6
159,-6
158,6
157,21
156,20
146,49
138,74
143,63
153,35
158,4
156,14
156,30
153,38
147,57
147,57
143,62
141,67
147,57
150,49
155,21
157,-14
154,-34
151,-44
151,-43
155,-20
157,-7
156,-11
155,-14
154,-28
152,-43
150,-47
153,-37
152,-43
140,-71
122,-101
123,-98
121,-100
114,-109
108,-112
83,-132
73,-139
65,-143
27,-153
-19,-156
-45,-151
-52,-149
-40,-152
-26,-153
18,-152
52,-148
64,-144
68,-142
80,-135
77,-136
48,-150
39,-153
37,-153
10,-156
-20,-156
-35,-153
-73,-137
-113,-107
-118,-105
-125,-95
-145,-60
-155,-21
-157,13
-154,29
-147,53
-151,43
-155,22
-158,4
-158,-2
-158,-1
-157,8
-154,-6
-151,-41
-150,-44
-154,-35
-153,-41
-151,-45
-151,-41
-153,-36
-152,-37
-156,-17
-154,-24
-152,-38
-154,-31
-156,-27
-155,-23
-157,1
-156,-1
-156,-4
-157,12
-156,26
-155,20
-152,33
-143,65
-121,100
-96,124
-107,116
-110,113
-104,118
-92,128
-91,127
-118,102
-131,88
-116,108
-87,131
-75,138
-88,130
-77,138
-54,148
-56,147
-63,144
-69,141
-86,131
-89,129
-73,139
-53,147
-58,145
-52,149
-55,148
-41,152
-15,157
-16,157
-20,157
-17,157
0,158
29,156
29,154
32,154
29,155
27,156
42,153
69,141
100,122
119,103
135,82
141,67
139,71
147,54
156,25
156,19
153,35
148,56
144,63
141,70
137,79
131,88
114,108
90,128
71,140
66,143
70,142
65,143
40,151
26,155
40,153
59,146
79,135
90,128
71,140
73,139
99,122
123,98
124,97
131,89
140,74
145,62
154,31
156,20
154,29
154,33
153,37
146,56
144,63
144,62
142,68
150,48
155,26
150,44
136,78
129,91
129,91
118,102
134,83
140,73
140,71
147,55
150,47
155,25
155,-9
151,-43
150,-46
153,-36
155,-12
156,18
154,32
157,24
158,-5
156,-23
157,-19
155,-25
154,-10
154,23
149,47
143,64
144,64
150,52
155,34
158,18
155,28
156,23
156,10
154,23
147,50
148,54
153,40
155,29
158,18
157,18
156,19
157,-7
156,-14
156,0
154,25
155,28
157,8
157,11
157,4
157,-2
157,8
156,17
157,5
157,-8
156,-8
156,-12
156,-23
149,-51
145,-63
143,-69
138,-77
134,-83
135,-81
131,-88
120,-102
126,-94
140,-72
145,-61
145,-60
144,-63
138,-76
138,-76
139,-73
140,-71
136,-80
133,-85
126,-95
121,-103
115,-109
107,-117
105,-118
96,-126
68,-142
32,-154
-8,-157
-24,-156
-32,-155
-44,-151
-55,-147
-51,-147
-23,-154
6,-156
46,-149
70,-141
79,-137
77,-138
61,-145
48,-149
49,-150
59,-147
50,-150
34,-153
35,-152
34,-154
49,-149
63,-145
59,-146
58,-146
49,-150
40,-152
28,-154
10,-157
17,-157
1,-157
-9,-157
-10,-157
-19,-157
-46,-152
-56,-148
-55,-147
-88,-128
-114,-108
-102,-119
-85,-133
-78,-137
-84,-132
-92,-128
-90,-129
-79,-136
-89,-129
-91,-129
-94,-128
-107,-115
-116,-106
-132,-84
-148,-55
-150,-47
-155,-34
-157,-22
-155,-20
-155,-20
-157,-4
-155,27
-147,54
-151,32
-157,-6
-159,-2
-159,6
-157,19
-157,20
-158,-1
-157,7
-154,34
-154,31
-155,15
-155,-16
-157,-19
-157,-25
-156,-23
-154,-30
-151,-44
-144,-61
-132,-84
-120,-99
-94,-119
-50,-147
-41,-153
-38,-154
-20,-157
-32,-154
-58,-146
-78,-136
-93,-126
-89,-128
-83,-133
-77,-138
-94,-126
-108,-115
-113,-109
-125,-95
-146,-55
-155,-31
-152,-42
-142,-66
-129,-92
-117,-106
-126,-94
-138,-77
-137,-77
-131,-87
-122,-97
-121,-100
-136,-80
-149,-52
-153,-34
-153,-42
-153,-40
-155,-33
-157,2
-150,43
-152,34
-155,-8
-147,-51
-144,-64
-145,-60
-132,-85
-135,-80
-128,-86
-96,-121
-79,-135
-80,-135
-85,-132
-95,-124
-89,-130
-77,-137
-61,-146
-45,-151
-48,-150
-35,-153
-24,-156
7,-156
38,-152
43,-152
24,-157
18,-156
42,-151
64,-141
97,-122
105,-117
98,-123
93,-126
73,-140
63,-145
72,-140
77,-138
79,-136
91,-129
99,-122
122,-96
133,-82
139,-71
142,-69
139,-73
146,-55
150,-48
151,-45
154,-37
157,-24
156,-21
152,-41
145,-61
140,-69
118,-102
86,-132
68,-143
48,-149
11,-156
-23,-156
-34,-153
-32,-154
-36,-153
-34,-153
-17,-156
-12,-157
-9,-158
-28,-156
-32,-154
-19,-156
-28,-155
-36,-153
-33,-154
-14,-154
24,-154
30,-156
16,-158
2,-157
15,-155
27,-155
46,-149
55,-148
38,-152
37,-153
41,-152
38,-152
52,-149
50,-149
29,-154
3,-156
4,-156
31,-153
56,-147
53,-148
64,-141
85,-132
83,-134
75,-137
95,-126
107,-116
119,-102
132,-84
145,-60
151,-46
151,-44
145,-61
141,-71
145,-59
146,-59
144,-66
143,-69
147,-58
150,-50
147,-57
150,-47
149,-51
149,-45
156,-23
158,-12
157,-20
156,-11
158,3
157,0
157,-12
155,-31
153,-27
156,3
158,4
155,21
149,50
150,49
155,34
153,40
151,43
152,44
153,42
154,36
156,24
156,5
159,-4
157,-22
151,-47
140,-75
130,-91
139,-69
150,-48
145,-64
142,-71
136,-80
118,-105
114,-110
116,-107
118,-105
114,-110
107,-118
93,-127
84,-132
111,-111
123,-99
139,-72
144,-66
125,-97
118,-106
126,-95
128,-93
132,-86
146,-57
154,-36
157,-25
158,-15
156,-20
157,-4
158,-11
157,-16
157,-12
156,-8
156,3
157,-6
157,-14
157,-5
157,15
156,18
156,24
157,8
157,-13
156,3
155,25
156,-6
156,-24
157,3
157,14
158,0
157,2
158,-8
156,-25
153,-39
149,-50
149,-49
149,-51
133,-84
121,-101
111,-112
78,-134
64,-143
67,-142
36,-152
50,-146
86,-129
111,-110
108,-114
94,-127
68,-143
57,-146
73,-140
69,-143
65,-144
77,-138
100,-122
115,-108
128,-94
129,-92
133,-84
142,-68
143,-64
148,-53
146,-58
141,-69
146,-60
143,-66
144,-64
145,-62
149,-50
155,-35
148,-54
135,-83
131,-89
119,-103
99,-122
94,-125
97,-123
94,-126
107,-112
124,-96
135,-78
144,-64
147,-58
151,-48
148,-55
134,-82
117,-106
96,-125
90,-129
91,-128
107,-115
108,-116
89,-130
84,-133
88,-129
100,-119
113,-109
125,-94
134,-84
133,-84
134,-80
146,-57
148,-54
143,-68
146,-60
148,-56
152,-34
157,4
156,22
157,14
158,10
157,20
155,30
155,25
156,-5
148,-50
142,-71
141,-73
133,-85
134,-84
133,-84
125,-96
119,-105
118,-105
122,-98
144,-53
156,-22
157,-15
157,-20
153,-39
154,-37
152,-42
149,-53
135,-82
129,-91
139,-73
129,-88
107,-115
108,-114
110,-112
86,-130
49,-149
26,-157
19,-157
17,-155
44,-150
41,-152
45,-151
24,-156
36,-152
57,-147
70,-142
65,-144
30,-152
12,-156
16,-157
27,-154
51,-148
61,-145
52,-150
49,-150
72,-138
93,-127
99,-124
105,-117
102,-119
96,-125
99,-123
101,-122
93,-128
74,-139
62,-145
74,-138
95,-127
98,-125
92,-128
82,-134
100,-121
112,-110
90,-130
75,-140
93,-127
102,-119
106,-117
102,-121
90,-129
66,-143
64,-144
74,-139
80,-135
48,-150
25,-157
11,-158
2,-157
-17,-157
-22,-156
-16,-155
13,-156
30,-155
52,-148
75,-137
83,-134
83,-134
71,-140
87,-129
87,-132
60,-145
19,-156
2,-157
4,-157
13,-156
1,-156
25,-153
63,-144
71,-142
47,-151
26,-156
29,-157
26,-156
43,-152
72,-140
92,-127
115,-105
135,-80
136,-80
138,-72
152,-40
154,-34
153,-40
146,-59
147,-57
150,-51
152,-39
156,-14
156,-23
155,-29
156,-12
157,5
157,14
156,20
151,46
148,55
149,50
149,48
151,41
154,33
152,41
149,54
149,53
149,53
147,55
154,26
150,41
137,78
137,79
148,57
154,39
157,19
157,-9
154,-37
155,-21
154,21
156,21
157,12
157,13
158,10
157,17
157,7
157,8
156,21
152,30
138,70
137,78
132,86
125,97
128,93
123,97
100,120
91,128
74,138
72,140
71,141
94,122
133,81
146,62
145,65
143,67
143,68
152,41
158,10
157,-6
156,-2
154,21
152,40
157,19
157,5
157,3
156,17
145,52
136,80
141,71
144,65
135,78
111,110
97,125
109,113
134,84
135,80
124,96
133,84
142,70
147,60
141,66
127,93
130,90
131,86
114,107
112,112
102,118
73,137
77,137
85,132
64,143
51,149
72,141
75,136
74,137
83,134
62,144
50,149
63,144
83,135
81,135
73,141
89,131
87,130
68,143
82,134
101,121
104,119
104,120
92,128
83,133
74,139
74,139
58,145
50,151
58,147
70,141
82,135
102,120
106,118
104,119
109,115
118,106
122,99
126,93
145,61
151,45
149,50
142,63
144,59
147,55
139,74
129,91
132,87
141,71
141,71
147,59
146,59
132,83
111,110
106,118
121,102
135,81
131,87
118,104
94,125
86,133
83,134
64,144
44,151
41,153
50,150
50,150
56,148
49,150
40,154
59,146
83,134
82,135
72,138
58,147
59,147
49,149
54,147
59,146
40,151
24,155
22,156
36,153
34,154
26,156
44,151
74,139
74,138
64,145
73,141
85,135
76,139
77,138
93,128
102,121
99,122
92,128
101,122
105,118
95,126
104,118
130,90
134,85
128,92
129,91
137,80
130,88
116,106
111,112
108,113
74,135
43,151
34,154
31,155
39,152
65,143
94,128
102,121
101,119
69,138
26,152
-7,158
6,157
37,154
62,146
56,145
41,152
64,145
88,131
104,119
77,133
47,149
57,146
48,150
54,149
47,151
34,154
23,156
20,156
31,154
36,153
8,156
-21,154
-40,151
-41,152
-41,152
-26,155
-18,158
-4,158
34,154
27,156
3,158
-23,155
-51,149
-65,145
-71,141
-86,131
-74,139
-56,147
-65,142
-89,129
-115,108
-114,111
-97,125
-69,142
-61,146
-64,146
-63,146
-76,139
-93,128
-99,122
-96,124
-75,140
-69,143
-76,137
-88,130
-110,111
-117,105
-109,114
-117,107
-117,106
-127,89
-139,76
-136,82
-132,88
-123,100
-106,116
-79,135
-59,146
-73,139
-94,124
-106,115
-112,110
-115,109
-110,112
-115,105
-126,93
-130,89
-127,93
-122,100
-129,94
-125,97
-116,107
-117,107
-107,116
-106,115
-104,117
-111,108
-133,81
-145,65
-144,65
-138,76
-133,84
-122,102
-113,112
-117,104
-129,90
-123,99
-106,117
-94,128
-89,132
-109,114
-134,82
-148,54
-152,40
-154,34
-156,10
-158,-13
-155,-30
-154,-34
-157,-20
-153,-32
-155,-24
-156,-4
-155,25
-153,43
-149,52
-142,69
-140,72
-139,74
-143,66
-148,55
-139,74
-109,114
-95,127
-86,132
-61,146
-57,148
-69,143
-54,148
-46,151
-39,154
-24,157
-24,157
-38,154
-46,152
-47,151
-46,151
-38,153
-26,156
-11,158
2,159
9,159
6,159
3,158
-3,156
-28,155
-33,155
-32,155
-36,153
-37,154
-31,156
-19,157
-18,158
-33,155
-20,157
-11,156
-4,157
25,157
38,154
30,155
32,155
51,149
60,145
90,128
107,115
105,119
87,131
73,140
82,136
95,128
87,130
86,131
114,108
113,108
97,124
115,107
113,107
76,134
58,147
74,140
94,128
101,122
103,120
86,130
55,147
19,154
-11,157
-11,158
15,157
29,156
32,155
23,156
37,152
34,152
12,157
-4,158
-14,158
-22,157
-26,157
-7,158
16,156
30,155
33,155
22,155
1,157
-11,156
7,158
17,157
6,157
-15,157
-13,158
0,158
20,157
19,156
-2,157
-19,156
-32,154
-44,151
-53,149
-54,149
-51,150
-59,147
-61,146
-64,144
-56,148
-60,146
-73,140
-83,134
-94,127
-92,128
-79,137
-61,146
-61,146
-66,144
-61,146
-59,147
-77,136
-99,122
-85,132
-71,140
-85,131
-87,131
-75,139
-55,148
-37,153
-21,157
9,158
40,153
54,148
66,144
65,144
47,150
52,150
72,141
84,133
86,132
96,125
106,118
90,127
66,142
71,139
102,117
114,107
100,121
85,134
74,140
58,147
73,140
83,136
86,134
86,132
67,142
66,143
76,139
58,145
31,154
38,153
51,150
54,149
46,151
38,152
32,154
28,154
3,157
-4,158
8,157
-6,156
-30,155
-8,157
14,157
0,157
-28,154
-40,153
-22,157
-1,158
30,154
53,149
45,149
20,153
-2,158
14,158
29,155
41,152
47,151
52,149
38,151
-10,156
-44,150
-82,131
-108,115
-103,120
-89,131
-60,145
-30,155
-17,157
-31,154
-35,154
-1,157
-5,156
-20,158
-11,158
20,155
24,155
0,157
-29,156
-26,156
-25,156
-32,155
-46,149
-41,152
-30,154
-77,132
-113,109
-113,110
-113,109
-126,93
-138,76
-147,53
-154,25
-157,4
-156,-11
-155,-29
-156,-19
-156,-20
-154,-33
-156,-25
-156,-21
-156,-10
-157,7
-156,22
-156,18
-159,-8
-156,-21
-151,-40
-155,-19
-156,-1
-155,-19
-152,-44
-154,-35
-156,-24
-156,-13
-157,0
-154,32
-153,40
-151,50
-139,75
-114,106
-88,129
-55,147
-31,154
-17,157
-20,157
-33,156
-21,158
-12,159
-16,158
-6,159
8,158
40,152
56,147
56,148
57,149
60,147
72,142
88,132
98,124
106,116
115,108
126,98
133,87
131,89
127,94
119,103
105,116
80,135
71,142
98,125
120,103
136,83
136,84
139,78
148,57
154,38
154,38
154,38
157,14
156,15
158,12
158,0
157,-25
156,-25
157,-2
158,-2
153,-35
153,-34
157,-12
155,17
156,20
156,13
153,28
144,56
129,90
129,92
133,85
137,77
144,66
150,54
156,30
158,22
156,31
154,37
140,66
129,89
134,83
136,79
121,99
106,117
102,121
105,118
98,122
83,134
75,138
71,140
75,139
92,129
112,112
123,101
128,94
136,80
143,68
152,43
155,32
157,18
158,-8
157,-13
158,-12
155,-25
153,-36
151,-44
149,-54
151,-45
152,-42
146,-57
152,-27
157,18
157,24
158,2
159,-7
158,-16
157,-13
157,12
157,26
157,16
157,-10
158,-9
158,-3
155,22
151,45
155,28
157,3
156,-19
158,-4
158,4
158,5
159,9
159,0
158,-6
157,-10
156,-16
152,-34
156,-8
158,9
157,18
156,25
158,17
156,24
157,25
157,18
152,38
139,74
131,89
135,81
125,95
118,105
113,110
120,103
137,78
147,59
136,78
113,110
115,109
133,85
145,64
154,38
158,16
158,-4
157,-16
158,-10
154,20
149,49
151,46
145,61
142,71
131,84
112,111
92,127
67,143
64,144
83,133
96,127
100,123
96,125
79,133
37,150
13,158
25,157
40,153
58,148
54,148
27,154
23,156
39,152
58,147
62,146
68,144
66,143
66,143
87,133
100,123
93,127
98,123
109,113
114,109
119,104
126,95
138,76
150,49
157,15
159,-3
158,-10
154,-29
147,-53
143,-68
142,-70
146,-59
149,-52
152,-44
144,-64
118,-104
93,-127
66,-143
50,-150
50,-150
51,-149
28,-155
9,-158
26,-155
38,-154
52,-147
82,-134
91,-128
96,-125
102,-121
96,-127
99,-123
109,-115
103,-119
82,-136
95,-124
121,-101
124,-100
124,-99
133,-84
147,-53
155,-21
157,-6
157,1
156,24
155,28
151,46
155,19
154,-28
146,-60
138,-77
125,-96
117,-107
119,-103
121,-100
131,-85
146,-58
154,-33
158,-10
157,-12
152,-39
148,-56
147,-56
144,-61
147,-58
148,-55
154,-34
155,-15
156,16
158,15
158,9
157,3
156,-18
156,-23
154,-37
156,-33
155,-29
151,-44
136,-77
106,-115
86,-133
82,-133
106,-116
98,-123
84,-134
58,-148
39,-154
45,-151
62,-144
86,-131
88,-131
88,-131
101,-121
97,-125
83,-134
102,-115
131,-83
141,-69
145,-56
155,-20
153,-34
148,-54
152,-45
151,-45
156,-28
158,-21
156,-27
154,-36
155,-26
158,-13
157,-23
156,-25
158,-15
158,-13
158,-6
158,4
158,12
158,3
154,19
150,46
155,15
155,4
149,43
140,71
141,72
140,72
139,73
135,79
120,100
105,118
98,124
99,122
107,115
114,107
106,115
115,109
116,108
106,117
95,125
72,140
62,146
56,149
69,143
87,132
103,120
112,112
125,97
134,81
138,74
136,80
139,75
146,58
154,35
153,37
153,42
147,56
144,64
151,48
149,54
143,67
140,71
141,70
149,54
156,27
158,-1
157,1
154,27
146,56
134,84
132,88
145,61
148,51
140,70
138,78
147,61
144,64
142,69
149,52
153,40
154,36
148,53
148,58
156,22
158,5
156,21
153,39
151,46
152,43
156,27
159,2
154,21
147,53
148,54
152,41
149,50
148,53
151,44
156,26
158,1
156,-21
152,-41
151,-45
149,-53
150,-51
143,-69
140,-74
147,-55
148,-52
149,-49
153,-29
156,12
152,40
147,58
147,56
150,53
146,62
144,67
142,68
132,87
121,101
109,114
120,104
132,89
127,93
120,102
125,96
132,87
137,79
149,56
147,56
139,76
137,80
133,86
131,89
136,81
137,77
144,67
150,55
152,44
152,39
155,28
159,2
158,-14
157,-22
156,-31
154,-36
152,-44
146,-61
127,-93
122,-100
129,-92
132,-89
122,-101
101,-122
87,-132
60,-145
44,-151
43,-152
38,-154
26,-157
21,-157
21,-157
10,-158
-8,-158
-30,-155
-25,-155
-38,-153
-66,-144
-72,-142
-84,-134
-88,-130
-79,-138
-86,-134
-92,-129
-110,-110
-127,-94
-123,-98
-115,-107
-125,-96
-135,-83
-144,-66
-150,-51
-156,-23
-157,20
-155,33
-157,19
-158,13
-158,5
-158,0
-157,-14
-158,-14
-157,-9
-153,-27
-147,-55
-142,-68
-139,-74
-142,-68
-146,-62
-151,-48
-156,-18
-158,0
-157,-9
-155,-22
-153,-34
-154,-38
-152,-46
-150,-52
-149,-53
-145,-59
-146,-61
-148,-56
-153,-35
-156,-18
-158,-7
-159,3
-157,16
-157,5
-158,4
-158,11
-157,-7
-156,-27
-156,-25
-157,-19
-151,-43
-148,-55
-151,-45
-153,-38
-151,-45
-152,-43
-157,-21
-158,-19
-153,-40
-150,-54
-149,-55
-147,-55
-132,-82
-128,-92
-143,-68
-144,-64
-140,-74
-138,-78
-142,-70
-148,-58
-150,-51
-150,-49
-154,-34
-157,-18
-157,-17
-158,-11
-157,2
-152,40
-143,68
-128,92
-112,112
-98,124
-80,137
-82,134
-84,133
-69,142
-68,143
-79,136
-85,132
-102,121
-102,121
-86,133
-78,138
-60,145
-21,156
-15,156
-35,153
-54,148
-54,149
-66,143
-83,134
-90,130
-82,134
-68,141
-75,138
-70,142
-55,147
-36,153
-11,159
2,159
20,157
46,151
69,142
46,148
27,156
39,154
40,153
18,156
-8,157
-26,155
-38,153
-55,148
-71,141
-81,135
-96,124
-90,128
-59,145
-44,152
-56,147
-63,142
-79,135
-86,132
-76,137
-66,143
-84,132
-100,123
-101,123
-112,111
-100,122
-65,144
-36,154
-31,154
-12,157
4,158
-3,158
-36,151
-71,139
-93,128
-104,120
-100,123
-106,117
-110,115
-103,121
-110,112
-114,109
-112,111
-124,94
-141,66
-148,56
-146,60
-149,52
-144,62
-133,85
-121,101
-114,108
-102,120
-91,130
-57,147
-40,153
-40,153
-39,154
-17,157
-7,156
-40,151
-72,139
-80,135
-40,151
-6,157
13,157
16,157
29,154
43,150
27,155
31,157
42,153
22,153
-29,152
-49,150
-59,147
-65,144
-63,145
-56,148
-54,149
-49,151
-34,155
-42,152
-67,143
-58,147
-42,151
-17,156
-10,158
-32,153
-42,152
-20,156
5,157
-4,155
-47,148
-53,150
-41,153
-13,156
1,158
8,157
33,154
51,150
54,148
65,143
51,148
67,143
89,131
103,120
121,101
119,101
85,128
69,142
68,142
39,151
6,156
-1,157
18,156
46,150
49,149
53,149
43,151
51,149
77,136
72,139
57,148
55,148
43,152
63,144
80,138
75,140
54,147
24,155
-7,156
-33,155
-39,153
-17,157
9,158
36,154
41,154
47,152
34,153
24,156
35,154
51,149
57,145
31,153
17,157
37,153
54,148
59,145
48,150
47,150
68,141
67,142
47,150
14,155
1,157
10,157
22,156
3,157
15,156
45,152
61,147
73,142
71,142
45,151
24,157
19,158
17,158
5,158
-1,158
8,157
23,158
33,156
30,155
32,154
45,152
56,148
44,151
7,157
-5,159
11,158
22,155
5,157
4,158
9,157
13,158
34,155
62,146
85,135
101,123
95,126
90,130
107,118
110,115
116,108
125,96
124,96
118,104
129,89
146,61
149,52
149,51
153,40
156,25
153,36
145,60
135,79
131,87
147,54
152,46
146,61
134,83
123,100
123,99
121,99
109,112
99,123
94,128
88,132
90,130
94,127
95,127
100,122
89,129
73,139
75,140
77,138
52,148
27,156
27,155
35,153
44,151
70,140
102,120
121,102
122,101
132,85
149,51
153,36
151,42
149,51
154,34
151,44
151,46
157,8
154,-27
155,-10
159,1
157,-19
156,-22
156,2
157,24
159,18
159,-1
157,-13
154,-32
150,-49
151,-51
145,-64
145,-64
145,-65
147,-57
141,-71
134,-84
124,-99
127,-93
136,-77
133,-83
124,-96
98,-122
76,-139
72,-141
72,-140
54,-148
27,-157
10,-158
13,-157
25,-156
32,-155
47,-149
71,-141
80,-136
73,-140
60,-146
67,-142
85,-132
99,-123
88,-131
69,-143
84,-132
106,-117
100,-122
69,-141
41,-154
35,-154
38,-154
13,-157
1,-157
-11,-156
-44,-152
-56,-148
-66,-145
-57,-149
-61,-146
-65,-143
-47,-151
-36,-154
-15,-155
26,-152
60,-145
69,-142
80,-135
100,-119
111,-111
108,-116
108,-115
116,-105
124,-95
135,-75
150,-51
142,-70
136,-81
129,-91
127,-94
130,-89
133,-84
136,-81
139,-75
148,-47
156,-15
155,-24
148,-51
149,-49
151,-47
147,-59
144,-67
142,-72
127,-94
109,-114
114,-109
115,-107
122,-102
113,-112
98,-124
85,-133
64,-144
33,-155
35,-153
73,-137
93,-126
88,-130
109,-114
114,-110
119,-103
128,-91
128,-92
136,-78
150,-38
156,-1
157,6
155,23
150,46
144,64
143,68
146,61
144,67
128,92
98,121
70,141
69,142
60,145
42,153
47,151
44,153
39,154
51,150
48,149
33,154
35,154
46,150
26,156
33,154
76,136
100,122
101,122
94,127
87,133
90,130
70,141
64,146
82,135
89,128
56,145
30,155
15,157
13,157
30,154
6,156
-10,158
-4,159
11,160
4,157
-31,154
-36,153
1,158
4,158
-21,157
-15,159
-8,159
4,159
-10,158
-19,157
-9,158
8,159
1,158
-19,156
-50,148
-57,148
-45,153
-41,154
-14,158
-1,159
-32,152
-74,137
-92,128
-89,131
-80,136
-54,147
-62,143
-76,138
-62,146
-54,150
-53,150
-51,151
-53,151
-61,147
-59,145
-78,135
-97,124
-106,117
-109,116
-109,115
-108,117
-106,118
-113,110
-121,100
-127,92
-141,64
-152,41
-153,36
-148,53
-137,79
-126,97
-122,102
-116,108
-98,124
-80,138
-81,137
-74,140
-70,142
-84,133
-79,135
-74,138
-52,148
-20,157
-2,159
-15,157
-30,156
-36,155
-31,155
-35,155
-54,149
-60,146
-49,150
-37,154
-39,153
-40,152
-61,144
-85,133
-97,126
-100,123
-103,121
-90,130
-53,149
-54,149
-47,151
-24,156
-3,158
4,158
4,159
11,158
14,157
-8,155
-38,152
-53,148
-79,135
-92,128
-70,140
-66,144
-66,145
-59,148
-40,152
-34,152
-78,134
-94,126
-89,129
-95,125
-90,130
-63,144
-49,150
-67,143
-92,127
-121,97
-136,77
-128,92
-134,81
-145,65
-147,60
-152,35
-156,19
-155,27
-156,19
-155,-17
-149,-49
-144,-63
-141,-71
-145,-63
-152,-40
-149,-47
-143,-66
-143,-66
-132,-82
-102,-117
-87,-132
-88,-133
-88,-132
-91,-128
-109,-115
-110,-113
-101,-121
-93,-128
-88,-132
-99,-123
-104,-118
-107,-116
-107,-116
-95,-125
-86,-134
-71,-141
-60,-147
-66,-146
-79,-139
-73,-141
-61,-147
-43,-151
-42,-152
-61,-146
-56,-148
-39,-154
-39,-154
-58,-148
-75,-139
-77,-138
-78,-138
-93,-128
-112,-113
-126,-96
-137,-78
-139,-77
-147,-61
-152,-45
-156,-25
-157,-20
-156,-21
-157,-15
-157,-2
-157,8
-157,16
-156,30
-149,48
-143,66
-143,68
-121,98
-104,119
-118,103
-128,92
-124,99
-122,100
-123,100
-106,116
-61,143
-36,154
-54,147
-54,148
4,155
34,153
23,156
29,155
9,157
2,159
-18,155
-54,147
-85,134
-92,129
-109,113
-123,100
-118,106
-119,104
-113,108
-123,91
-145,61
-147,59
-152,36
-155,-5
-146,-54
-142,-70
-138,-77
-127,-94
-129,-92
-127,-95
-115,-108
-92,-128
-62,-143
-46,-151
-20,-154
-13,-156
-44,-152
-47,-152
-59,-147
-68,-142
-51,-148
-55,-148
-69,-141
-50,-147
-1,-153
44,-150
69,-143
67,-143
65,-144
51,-150
38,-153
42,-152
45,-152
37,-155
50,-150
49,-151
47,-152
35,-155
30,-156
43,-151
37,-152
-1,-159
-23,-157
-24,-155
4,-156
9,-159
13,-159
15,-158
22,-156
42,-151
70,-138
99,-123
96,-128
102,-121
122,-100
127,-93
123,-99
125,-95
135,-82
135,-82
139,-73
147,-58
139,-75
112,-109
95,-125
69,-140
29,-155
3,-158
-31,-154
-51,-149
-56,-148
-44,-152
-19,-155
3,-157
1,-158
5,-158
-3,-159
-31,-155
-57,-147
-60,-146
-47,-150
-34,-154
-45,-152
-51,-150
-42,-154
-37,-154
-40,-153
-65,-144
-91,-130
-105,-118
-112,-110
-115,-107
-110,-114
-104,-120
-107,-117
-128,-91
-148,-53
-154,-28
-156,19
-151,51
-147,60
-147,61
-143,67
-137,78
-118,104
-123,94
-143,67
-140,75
-137,79
-119,104
-110,114
-116,106
-130,90
-134,85
-131,87
-141,61
-155,24
-157,13
-153,-20
-150,-48
-156,-28
-159,-3
-157,20
-152,47
-148,55
-152,21
-155,-25
-156,-28
-156,-27
-156,-29
-157,-25
-158,2
-157,17
-158,0
-159,4
-157,-13
-154,-36
-153,-41
-148,-51
-138,-75
-133,-85
-148,-51
-155,-27
-156,-27
-158,-13
-154,-26
-148,-54
-153,-44
-156,-32
-156,-22
-157,-22
-157,-27
-153,-37
-145,-64
-142,-71
-142,-66
-136,-80
-132,-86
-110,-111
-103,-119
-125,-96
-133,-85
-122,-99
-105,-118
-96,-125
-80,-133
-56,-147
-79,-137
-105,-119
-127,-94
-135,-83
-136,-81
-149,-53
-150,-50
-149,-50
-146,-59
-141,-72
-132,-86
-136,-82
-138,-77
-140,-75
-145,-63
-148,-52
-156,-14
-155,34
-152,47
-153,40
-151,50
-133,84
-118,105
-109,115
-92,128
-83,134
-81,136
-89,131
-85,133
-79,137
-75,139
-68,142
-67,143
-52,149
-36,154
-29,156
-31,155
-51,149
-67,143
-74,140
-58,147
-48,151
-45,151
-47,152
-45,152
-22,157
-5,159
-1,158
17,158
38,154
58,148
64,145
74,141
79,138
79,137
82,136
81,136
58,145
41,152
37,154
44,152
65,144
89,129
104,117
98,123
86,132
90,131
97,125
83,134
64,143
41,152
33,154
24,155
20,157
48,151
55,149
73,141
81,135
84,134
107,116
134,83
142,70
148,56
156,30
158,16
159,12
159,6
159,-3
157,-8
155,1
152,39
145,60
136,79
123,98
123,100
139,75
141,70
132,84
133,84
130,88
125,94
143,63
150,52
147,56
151,42
150,43
148,53
152,44
156,19
156,10
151,44
150,50
150,48
144,66
132,84
109,111
109,114
120,101
127,92
120,102
108,116
119,106
133,89
141,71
139,71
121,96
107,114
100,121
87,131
72,139
51,149
72,141
82,136
83,135
80,135
56,146
39,153
29,155
35,154
28,154
33,153
43,152
52,150
61,147
63,145
78,136
86,132
79,136
77,138
86,132
68,142
65,144
85,132
85,133
92,130
80,135
62,145
61,145
68,142
47,150
17,158
-5,158
-39,153
-61,144
-83,133
-85,133
-63,144
-53,147
-88,128
-110,114
-109,115
-122,100
-134,84
-129,93
-125,97
-112,111
-99,122
-98,123
-84,134
-75,139
-38,153
-22,155
-48,150
-50,150
-29,156
-8,158
-6,157
-27,156
-40,153
-35,155
-34,155
-31,156
-10,158
30,155
31,155
14,157
10,159
-1,159
2,159
-1,159
-30,154
-63,144
-87,128
-111,112
-112,112
-96,123
-76,138
-83,135
-87,131
-93,126
-84,133
-72,140
-77,137
-104,119
-114,110
-121,99
-129,88
-126,96
-118,107
-113,110
-122,101
-127,93
-133,82
-142,67
-141,72
-148,48
-155,19
-158,0
-158,-13
-158,-15
-159,8
-154,38
-152,45
-151,46
-146,62
-149,49
-153,40
-153,43
-155,33
-155,23
-157,-3
-158,-10
-157,-5
-157,-5
-157,-9
-158,-10
-156,-22
-156,-17
-155,28
-153,40
-155,23
-157,8
-156,7
-157,12
-152,40
-148,55
-148,54
-145,62
-147,57
-146,58
-145,63
-142,71
-133,87
-128,94
-121,103
-115,110
-105,118
-107,115
-122,99
-111,111
-90,131
-90,132
-88,131
-64,144
-56,148
-49,151
-27,156
-14,158
-3,158
32,156
54,149
50,150
32,154
14,158
23,157
43,152
57,148
51,149
17,154
-12,157
20,156
57,147
71,141
64,144
56,146
53,148
60,146
81,135
92,127
71,141
58,148
47,150
43,152
55,148
41,150
11,157
6,157
16,156
16,156
11,157
20,157
31,155
29,156
24,157
32,155
43,153
43,153
39,154
33,155
10,158
-14,157
-36,154
-43,152
-60,147
-58,148
-53,150
-56,148
-53,149
-69,141
-81,135
-74,139
-67,143
-74,139
-73,139
-39,151
0,157
-3,157
-24,156
-11,157
7,157
16,158
18,157
20,157
18,157
2,157
-9,157
9,158
29,155
54,148
75,140
99,122
120,102
137,77
154,37
156,23
153,36
149,51
142,66
144,64
146,59
133,80
113,109
112,112
98,123
93,128
103,121
113,112
117,106
134,84
146,63
148,54
145,60
152,45
140,66
120,99
116,107
124,98
137,77
149,51
150,49
142,66
127,92
125,96
138,76
145,62
153,38
151,45
153,42
158,16
158,3
156,19
151,44
149,54
145,61
128,87
95,122
62,143
33,154
33,155
51,150
53,149
33,155
16,158
27,155
59,146
51,149
58,146
74,139
88,132
74,139
75,140
91,128
109,114
109,114
92,127
69,142
69,142
78,138
77,138
78,137
89,131
96,127
106,119
110,115
110,113
107,114
115,107
130,89
116,106
98,123
90,130
90,130
73,140
43,151
18,156
6,157
17,157
4,159
4,159
14,158
3,158
-21,157
-32,155
-33,155
-37,154
-40,153
-43,152
-53,149
-47,151
-39,155
-20,158
0,158
-1,158
2,158
18,157
31,155
21,155
3,158
37,153
66,143
72,140
79,136
117,102
144,65
150,52
156,31
158,9
157,5
155,22
157,23
155,30
140,66
108,109
90,129
84,133
73,140
76,139
78,137
58,146
48,152
46,151
70,140
46,147
19,156
32,155
29,155
30,154
58,146
54,148
61,145
52,147
17,154
-24,154
-30,154
-44,150
-41,152
-23,157
-31,156
-38,154
-50,150
-54,149
-61,146
-79,135
-102,122
-104,120
-111,111
-128,89
-141,70
-142,71
-141,73
-133,86
-133,83
-140,69
-141,70
-137,79
-138,79
-141,72
-143,68
-135,84
-131,91
-136,81
-136,80
-139,75
-136,81
-125,97
-117,106
-102,121
-100,124
-103,121
-106,118
-112,111
-128,86
-142,65
-141,72
-132,85
-134,81
-143,66
-140,74
-140,74
-134,84
-117,106
-104,119
-111,110
-137,70
-153,40
-152,49
-150,56
-149,57
-150,52
-151,44
-151,47
-150,50
-151,49
-150,54
-143,71
-130,91
-120,103
-129,90
-131,90
-124,99
-117,107
-107,116
-93,128
-93,128
-99,124
-93,128
-77,140
-62,145
-59,147
-47,152
-31,156
-34,153
-50,148
-11,155
39,152
64,143
96,126
101,122
99,122
106,118
114,110
101,120
67,142
34,153
0,156
-14,156
-26,156
-9,159
8,158
-12,157
-20,157
-29,155
-47,149
-72,137
-102,119
-96,126
-92,129
-93,128
-89,131
-64,143
-21,156
7,158
12,158
0,156
-22,156
-27,154
-51,148
-75,138
-85,133
-82,135
-99,121
-119,103
-124,96
-140,59
-154,0
-154,-33
-155,-33
-156,-6
-151,43
-136,80
-135,83
-133,86
-128,94
-133,85
-135,82
-130,89
-126,94
-134,77
-151,39
-155,31
-151,47
-144,65
-142,71
-149,51
-153,40
-146,59
-135,80
-145,48
-154,-8
-158,-19
-156,-30
-151,-47
-151,-49
-155,-32
-156,-24
-153,-33
-151,-45
-154,-34
-151,-42
-156,-21
-157,6
-154,34
-151,45
-151,47
-153,43
-156,17
-159,-2
-158,-6
-151,-42
-152,-44
-152,-42
-147,-55
-152,-41
-156,-26
-159,-12
-158,-14
-157,-22
-154,-27
-149,-51
-145,-65
-146,-62
-147,-61
-140,-73
-138,-77
-141,-73
-143,-67
-140,-71
-146,-57
-145,-61
-144,-65
-145,-64
-151,-47
-153,-39
-156,-17
-157,10
-157,-6
-156,-27
-156,-30
-157,-18
-156,-21
-151,-44
-145,-61
-145,-64
-147,-59
-143,-66
-132,-87
-129,-91
-122,-97
-105,-116
-113,-109
-126,-96
-131,-88
-144,-65
-143,-69
-140,-79
-142,-74
-145,-65
-142,-69
-136,-79
-122,-99
-129,-91
-139,-75
-126,-93
-123,-100
-131,-89
-134,-84
-131,-88
-138,-77
-137,-77
-132,-88
-127,-97
-126,-98
-113,-111
-101,-122
-112,-109
-140,-73
-148,-56
-152,-43
-155,-35
-155,-33
-158,-15
-159,3
-158,12
-156,31
-156,26
-158,12
-157,14
-158,12
-156,27
-151,49
-137,76
-121,100
-112,112
-94,128
-88,132
-104,119
-102,120
-74,139
-72,140
-92,128
-113,109
-131,88
-140,75
-144,67
-145,58
-152,41
-150,50
-148,54
-142,67
-147,56
-153,36
-157,23
-154,35
-148,56
-148,52
-153,41
-151,50
-153,38
-157,9
-158,-8
-158,-14
-158,14
-153,38
-150,52
-149,55
-149,56
-143,69
-133,85
-137,79
-140,76
-140,74
-139,77
-131,90
-127,94
-128,93
-120,103
-117,107
-120,100
-117,107
-99,125
-98,124
-101,121
-93,127
-92,128
-84,134
-71,144
-59,148
-48,151
-47,151
-40,152
-29,157
-31,156
-43,152
-25,155
-15,155
-30,153
-39,153
-25,157
2,159
13,159
28,156
54,148
63,145
69,143
79,137
92,128
96,125
81,136
79,137
96,124
107,116
107,117
110,113
126,97
131,91
134,85
138,77
145,60
154,27
157,-7
154,-36
150,-51
149,-55
136,-80
139,-73
151,-38
157,-10
156,-21
154,-38
151,-48
143,-68
142,-70
144,-68
142,-71
125,-97
97,-124
58,-147
37,-154
47,-152
34,-155
9,-158
-10,-157
-25,-156
-23,-157
-26,-157
-44,-152
-51,-147
-11,-156
-8,-158
-46,-150
-64,-144
-64,-145
-66,-144
-61,-145
-66,-144
-80,-136
-76,-136
-56,-146
-33,-153
-20,-156
-14,-157
-17,-157
-25,-156
-33,-156
-57,-148
-88,-131
-101,-121
-87,-131
-75,-138
-74,-139
-103,-120
-109,-114
-119,-104
-129,-93
-116,-108
-114,-110
-105,-116
-100,-123
-94,-126
-67,-140
-29,-154
-16,-158
-17,-158
-11,-158
11,-158
19,-157
18,-157
31,-156
34,-155
54,-149
56,-148
46,-152
55,-148
74,-139
56,-144
13,-157
4,-158
24,-155
51,-149
52,-150
56,-149
47,-152
27,-157
25,-157
52,-147
71,-141
72,-141
82,-134
93,-127
95,-127
95,-127
91,-129
101,-121
91,-128
73,-140
84,-134
93,-127
77,-137
61,-144
35,-154
24,-157
33,-155
38,-154
39,-151
70,-141
70,-143
54,-149
55,-148
41,-152
47,-151
37,-154
8,-157
15,-155
61,-143
96,-124
100,-122
91,-130
102,-120
110,-114
121,-104
125,-99
115,-108
105,-117
113,-109
122,-100
130,-91
127,-96
116,-109
102,-122
75,-139
54,-149
35,-155
35,-156
37,-154
27,-155
14,-157
-2,-157
-16,-157
-44,-151
-52,-149
-58,-147
-78,-137
-100,-123
-102,-119
-92,-127
-101,-121
-96,-126
-104,-119
-95,-126
-77,-138
-66,-143
-76,-137
-102,-121
-113,-111
-102,-118
-76,-137
-72,-139
-42,-149
-31,-155
-42,-152
-45,-152
-60,-147
-68,-144
-81,-136
-89,-130
-93,-126
-123,-98
-125,-97
-114,-109
-117,-108
-132,-88
-140,-73
-148,-52
-158,-18
-158,-5
-155,-23
-153,-39
-154,-39
-156,-29
-157,1
-157,15
-157,12
-156,2
-158,-8
-158,-8
-157,-11
-158,-15
-158,2
-157,27
-154,36
-152,44
-151,49
-154,31
-156,16
-157,8
-157,-12
-157,-22
-153,-36
-154,-34
-156,-23
-156,12
-150,48
-150,47
-153,39
-152,46
-144,66
-141,74
-134,84
-127,92
-125,95
-136,79
-144,67
-146,63
-140,74
-127,94
-131,87
-134,83
-131,90
-114,110
-116,106
-134,84
-134,85
-133,87
-135,82
-136,79
-144,66
-145,65
-145,64
-147,57
-153,38
-156,25
-156,23
-157,19
-158,8
-158,1
-158,-4
-159,-12
-157,-15
-152,-37
-143,-66
-136,-80
-143,-67
-154,-35
-157,5
-156,33
-156,27
-155,36
-145,62
-128,92
-107,118
-92,129
-107,117
-116,108
-124,96
-136,80
-132,87
-115,109
-111,113
-110,111
-86,131
-81,136
-73,140
-72,142
-88,128
-113,110
-108,117
-110,114
-119,102
-136,77
-147,60
-142,70
-123,98
-109,114
-119,102
-139,73
-149,49
-152,46
-145,63
-146,60
-149,53
-150,46
-154,31
-157,21
-157,4
-157,-19
-157,-17
-156,-25
-149,-53
-144,-66
-145,-64
-138,-74
-123,-98
-118,-107
-121,-102
-119,-106
-126,-97
-133,-84
-124,-99
-127,-95
-140,-73
-153,-40
-158,-3
-156,29
-152,47
-150,50
-146,63
-140,74
-143,68
-144,64
-144,65
-136,81
-143,65
-150,50
-145,64
-145,63
-150,48
-155,20
-158,6
-157,19
-154,36
-153,40
-149,53
-150,48
-156,20
-157,22
-156,29
-155,28
-157,16
-158,1
-159,-3
-159,5
-158,7
-157,12
-157,16
-157,20
-156,28
-153,44
-148,55
-145,65
-148,55
-151,47
-152,45
-156,24
-158,1
-155,17
-141,68
-120,102
-102,121
-88,132
-87,132
-96,125
-113,110
-113,109
-90,129
-82,132
-113,108
-118,105
-102,121
-91,129
-79,138
-54,149
-11,158
21,157
46,150
57,146
23,155
4,159
-6,159
-4,159
-12,158
-18,157
-23,156
-29,156
-25,157
-38,152
-73,138
-68,141
-36,154
-4,158
28,154
55,148
58,147
75,139
99,122
95,124
63,143
39,153
27,156
36,154
69,143
90,130
112,113
122,100
122,100
123,97
110,111
105,117
113,110
111,110
97,125
110,115
117,108
106,115
80,134
63,144
41,151
49,150
40,152
13,156
-11,157
-18,157
-24,157
-39,152
-45,152
-16,158
9,158
-2,158
1,158
17,157
30,155
60,146
95,126
127,93
140,74
151,47
152,42
144,63
142,72
140,75
138,78
138,77
124,96
123,99
138,78
143,66
148,53
150,51
153,45
152,44
150,51
146,63
143,68
131,85
115,106
124,95
140,73
141,71
135,80
135,84
141,76
149,55
149,46
139,73
129,92
132,89
136,81
144,66
145,63
144,67
148,59
148,58
143,69
132,85
108,113
95,127
98,124
99,122
90,130
102,120
127,94
138,79
131,89
127,95
127,95
137,81
141,74
140,76
139,77
136,81
129,92
117,107
105,118
94,125
82,135
93,128
105,119
120,103
139,75
140,73
136,82
139,78
141,72
144,66
137,78
137,80
145,65
145,64
134,83
122,100
117,107
115,109
123,102
123,100
124,97
134,81
147,57
139,73
132,88
131,88
133,87
150,49
159,10
155,-29
144,-66
144,-65
144,-68
128,-97
113,-114
98,-124
96,-125
116,-107
125,-98
136,-79
145,-63
148,-52
155,-3
154,36
153,41
151,43
147,55
141,70
139,75
130,88
126,95
129,93
121,101
108,117
90,129
67,143
76,138
74,138
55,149
22,154
-14,157
-21,156
-40,151
-77,136
-91,130
-75,139
-68,141
-94,125
-110,113
-127,93
-132,87
-122,100
-116,108
-110,115
-102,122
-110,113
-129,89
-140,73
-138,75
-144,58
-153,40
-152,47
-152,39
-157,20
-156,31
-148,56
-150,43
-156,23
-156,22
-157,8
-158,7
-155,32
-150,53
-135,80
-136,72
-154,25
-158,10
-156,26
-152,45
-148,55
-143,65
-134,83
-129,92
-141,67
-153,34
-157,14
-156,24
-156,24
-157,17
-159,11
-156,-6
-152,-41
-153,-43
-152,-45
-145,-60
-136,-81
-137,-78
-135,-81
-131,-88
-137,-80
-149,-55
-153,-40
-147,-55
-145,-63
-143,-66
-132,-86
-121,-101
-116,-107
-112,-112
-116,-107
-123,-99
-125,-96
-118,-104
-106,-117
-106,-117
-105,-120
-117,-108
-133,-84
-142,-67
-133,-82
-133,-85
-145,-63
-152,-43
-159,-11
-159,6
-159,7
-159,19
-156,29
-154,39
-149,56
-147,63
-142,72
-120,102
-109,115
-115,109
-114,111
-101,122
-100,122
-95,125
-107,113
-129,90
-132,87
-129,90
-129,89
-131,86
-125,97
-108,115
-80,135
-69,142
-60,146
-36,155
-18,158
-20,157
-3,157
25,156
21,157
4,157
-29,154
-21,157
7,158
13,156
-4,156
-24,156
-26,157
-33,155
-29,155
-45,149
-83,131
-113,108
-129,92
-125,96
-128,88
-144,63
-152,37
-157,14
-157,23
-156,19
-156,-11
-150,-39
-143,-64
-137,-76
-121,-100
-123,-97
-119,-101
-109,-113
-113,-111
-122,-101
-104,-116
-84,-133
-86,-133
-83,-135
-92,-127
-117,-106
-115,-107
-88,-130
-81,-137
-85,-134
-75,-139
-73,-140
-74,-141
-79,-138
-76,-139
-62,-146
-56,-149
-54,-150
-70,-141
-82,-134
-50,-147
-18,-157
-19,-158
-42,-152
-75,-139
-77,-138
-67,-142
-68,-142
-82,-137
-99,-124
-106,-116
-105,-119
-109,-116
-115,-109
-96,-123
-93,-127
-107,-117
-120,-105
-122,-100
-125,-97
-127,-96
-133,-87
-131,-87
-107,-114
-86,-130
-77,-137
-79,-137
-80,-136
-82,-136
-89,-131
-95,-125
-114,-108
-128,-94
-132,-87
-125,-96
-124,-98
-122,-102
-128,-96
-126,-96
-119,-103
-112,-110
-96,-125
-91,-129
-87,-131
-87,-131
-85,-134
-98,-125
-120,-103
-131,-89
-122,-99
-102,-118
-84,-133
-100,-123
-117,-106
-129,-91
-134,-85
-137,-76
-121,-98
-114,-111
-124,-98
-138,-76
-129,-89
-111,-113
-97,-124
-102,-119
-125,-95
-134,-84
-126,-97
-128,-93
-127,-94
-131,-88
-129,-90
-134,-83
-139,-73
-130,-89
-122,-101
-109,-112
-82,-134
-73,-140
-99,-123
-122,-99
-124,-98
-128,-93
-113,-109
-104,-120
-128,-90
-149,-54
-147,-58
-147,-56
-154,-37
-157,-18
-157,9
-157,16
-157,13
-154,29
-154,21
-157,-18
-155,-30
-156,-16
-156,-29
-156,-34
-154,-34
-147,-56
-142,-70
-133,-82
-111,-110
-99,-122
-109,-114
-128,-92
-141,-73
-151,-52
-151,-52
-153,-40
-157,-13
-151,-36
-140,-72
-134,-84
-125,-97
-112,-111
-110,-113
-108,-114
-102,-121
-107,-117
-102,-120
-107,-116
-99,-122
-85,-133
-93,-128
-105,-119
-125,-97
-144,-67
-153,-41
-155,-27
-154,-29
-158,-15
-157,-2
-157,-7
-154,-33
-147,-58
-141,-72
-143,-68
-151,-48
-152,-45
-148,-54
-151,-47
-149,-51
-147,-58
-148,-56
-143,-68
-124,-96
-101,-121
-87,-132
-73,-139
-51,-149
-45,-152
-43,-152
-40,-153
-47,-152
-62,-145
-62,-146
-36,-152
-20,-157
-49,-150
-67,-142
-77,-138
-86,-133
-108,-115
-136,-82
-150,-53
-150,-49
-155,-29
-156,-19
-155,-26
-158,-7
-159,2
-156,24
-154,38
-155,30
-155,32
-147,60
-140,75
-143,65
-147,56
-137,79
-128,93
-127,93
-120,105
-127,95
-141,64
-154,29
-157,13
-158,-2
-156,-19
-156,-18
-158,12
-157,17
-157,13
-155,30
-153,35
-156,18
-157,15
-150,46
-142,72
-135,83
-121,101
-111,113
-115,109
-125,97
-137,78
-142,70
-138,78
-131,88
-125,96
-135,82
-147,59
-152,42
-155,32
-157,27
-155,28
-157,11
-157,4
-158,-7
-158,-10
-157,22
-153,39
-152,46
-147,59
-138,77
-131,89
-133,86
-139,74
-143,67
-145,64
-147,59
-145,62
-151,50
-154,39
-155,22
-157,17
-157,18
-158,10
-158,2
-157,-9
-155,-25
-158,-20
-155,-27
-155,-26
-157,-18
-158,-4
-151,40
-132,84
-102,119
-94,127
-94,127
-98,124
-107,116
-96,125
-65,143
-52,148
-79,136
-99,122
-126,91
-138,78
-133,85
-127,96
-125,100
-125,98
-121,102
-128,89
-144,57
-153,36
-156,16
-158,12
-154,32
-143,66
-132,89
-123,99
-124,97
-127,95
-130,93
-124,99
-132,83
-146,61
-143,68
-144,66
-145,66
-124,94
-85,130
-83,133
-94,127
-106,116
-128,90
-129,92
-123,98
-134,83
-135,83
-141,70
-150,50
-151,46
-152,42
-154,27
-157,4
-156,15
-153,38
-155,17
-158,-6
-157,-17
-154,-33
-152,-41
-154,-37
-154,-38
-154,-41
-157,-25
-157,-25
-157,-22
-157,13
-154,37
-155,28
-154,39
-144,66
-139,75
-141,72
-144,69
-132,87
-110,113
-109,114
-128,91
-138,77
-139,74
-147,52
-155,24
-159,7
-156,24
-153,34
-153,36
-154,25
-157,11
-157,19
-153,34
-156,4
-158,-14
-157,1
-154,31
-154,8
-155,-23
-156,-25
-158,-12
-157,-13
-151,-36
-148,-54
-152,-48
-155,-37
-152,-43
-144,-65
-133,-82
-115,-106
-111,-112
-119,-103
-112,-111
-109,-113
-130,-88
-144,-65
-148,-54
-155,-35
-156,-29
-158,-21
-152,-40
-151,-40
-157,-12
-154,-26
-140,-67
-141,-69
-153,-34
-158,0
-156,25
-155,33
-155,25
-157,6
-158,-2
-158,5
-154,-30
-141,-68
-131,-88
-124,-97
-116,-107
-123,-100
-123,-99
-103,-117
-86,-131
-67,-141
-42,-150
-23,-157
-28,-156
-21,-156
-8,-158
-11,-158
-2,-157
6,-158
11,-158
10,-157
34,-152
51,-150
37,-154
38,-153
36,-154
33,-154
39,-153
31,-156
26,-157
57,-144
93,-126
97,-124
114,-109
126,-96
131,-87
128,-93
107,-116
74,-140
41,-152
35,-154
51,-148
67,-144
71,-142
69,-143
62,-146
70,-142
83,-134
96,-126
109,-116
128,-95
140,-76
149,-51
153,-38
151,-45
154,-40
148,-57
144,-63
150,-48
152,-49
143,-71
133,-88
119,-105
108,-117
101,-123
84,-134
63,-144
36,-154
3,-157
-48,-150
-65,-143
-63,-144
-93,-128
-104,-121
-92,-130
-85,-133
-62,-144
-42,-152
-13,-155
0,-157
-28,-155
-43,-153
-43,-153
-51,-150
-56,-149
-67,-145
-71,-142
-66,-143
-36,-151
-12,-157
-15,-156
-3,-158
-11,-158
-39,-153
-55,-148
-56,-147
-58,-146
-71,-141
-76,-138
-86,-132
-90,-130
-94,-126
-98,-125
-93,-129
-89,-131
-91,-128
-77,-137
-61,-146
-58,-147
-44,-151
-33,-155
-24,-157
-19,-157
-9,-158
-13,-159
-10,-159
7,-157
20,-156
24,-155
40,-153
27,-156
9,-158
-2,-158
-30,-155
-62,-145
-63,-146
-74,-140
-88,-131
-109,-115
-106,-117
-100,-122
-99,-122
-98,-123
-91,-127
-92,-127
-120,-103
-132,-87
-133,-85
-130,-91
-134,-82
-139,-74
-139,-74
-126,-92
-105,-117
-76,-137
-56,-147
-50,-150
-39,-152
-30,-155
-43,-152
-69,-142
-79,-138
-86,-133
-90,-129
-69,-141
-53,-149
-61,-146
-72,-142
-53,-147
-39,-153
-27,-156
-28,-156
-26,-156
-2,-157
17,-157
-1,-157
-16,-157
-29,-156
-49,-151
-64,-146
-61,-146
-72,-140
-93,-128
-88,-132
-90,-130
-64,-142
-20,-154
10,-157
-15,-157
-30,-155
-14,-156
13,-155
58,-143
77,-139
83,-135
104,-116
125,-98
135,-81
133,-85
134,-82
136,-81
129,-93
135,-82
126,-93
123,-100
133,-87
130,-91
136,-81
136,-83
116,-107
111,-109
136,-67
155,-21
156,4
157,27
157,24
159,0
159,-3
158,-13
157,-22
146,-56
134,-84
133,-87
129,-93
124,-99
122,-101
129,-92
123,-99
117,-106
127,-95
121,-100
104,-118
123,-91
148,-52
151,-48
144,-66
144,-67
146,-63
147,-59
142,-70
138,-78
125,-97
115,-108
117,-107
109,-116
104,-120
114,-108
130,-88
130,-89
134,-84
132,-88
129,-93
133,-88
137,-78
131,-88
119,-105
122,-101
129,-92
140,-73
138,-77
130,-91
120,-104
106,-118
83,-134
61,-145
42,-153
49,-150
56,-148
61,-146
66,-144
63,-145
66,-143
79,-136
104,-118
133,-83
147,-57
146,-63
136,-82
142,-69
152,-43
153,-42
150,-53
142,-68
143,-61
150,-49
155,-38
156,-30
158,-19
156,-28
149,-52
144,-66
136,-82
138,-75
150,-43
154,-35
156,-26
156,-23
158,-20
158,-22
153,-40
152,-43
154,-42
151,-48
149,-55
146,-61
146,-61
149,-56
145,-66
137,-81
123,-101
122,-102
120,-105
122,-99
136,-80
144,-67
145,-64
150,-50
154,-36
148,-56
137,-80
127,-94
124,-97
112,-111
87,-133
73,-140
58,-146
76,-138
82,-137
67,-144
46,-152
36,-155
44,-153
47,-151
44,-152
27,-156
21,-156
0,-158
-11,-158
-23,-156
-24,-155
11,-157
33,-156
43,-152
68,-141
93,-125
105,-118
82,-136
68,-144
53,-151
41,-154
20,-158
0,-158
-21,-157
-24,-157
0,-157
12,-157
9,-157
17,-157
18,-157
-7,-158
-18,-157
-20,-157
0,-155
29,-155
26,-156
32,-155
39,-152
38,-154
38,-154
33,-155
11,-159
14,-157
30,-156
32,-154
37,-154
7,-158
-22,-156
-31,-155
-58,-146
-72,-141
-73,-140
-80,-136
-89,-131
-112,-111
-123,-100
-113,-109
-105,-117
-94,-126
-70,-141
-82,-136
-82,-134
-56,-146
-55,-148
-80,-138
-90,-130
-78,-137
-81,-136
-93,-127
-64,-139
-22,-155
-14,-158
-26,-157
-50,-149
-58,-146
-49,-150
-42,-152
-7,-155
29,-155
48,-150
58,-147
56,-148
56,-148
65,-144
50,-149
30,-154
34,-154
29,-156
15,-158
15,-158
12,-159
-1,-158
-31,-154
-56,-148
-68,-143
-74,-141
-92,-129
-103,-120
-99,-125
-92,-129
-85,-134
-89,-132
-81,-133
-42,-150
-8,-156
24,-155
35,-155
28,-156
31,-155
39,-154
40,-154
38,-153
27,-155
19,-157
35,-154
46,-152
37,-155
23,-158
15,-158
13,-158
21,-157
37,-153
41,-153
45,-151
58,-146
39,-152
11,-157
-7,-157
-29,-155
-38,-153
-55,-148
-77,-138
-76,-140
-94,-126
-124,-96
-136,-78
-132,-87
-129,-91
-124,-99
-126,-96
-135,-82
-137,-77
-144,-67
-150,-51
-148,-54
-137,-76
-132,-88
-121,-101
-117,-106
-111,-112
-99,-124
-105,-119
-117,-107
-128,-94
-129,-91
-122,-101
-128,-95
-137,-82
-134,-85
-138,-78
-148,-54
-156,-25
-158,-20
-157,16
-151,47
-149,52
-148,55
-146,59
-139,76
-137,80
-142,66
-152,40
-150,52
-152,44
-155,31
-153,41
-147,59
-134,83
-125,98
-126,96
-138,74
-147,58
-148,56
-154,23
-158,-9
-154,-32
-155,-33
-154,-35
-148,-53
-146,-59
-144,-66
-126,-90
-99,-121
-82,-134
-99,-122
-112,-113
-106,-117
-92,-128
-103,-120
-120,-103
-117,-105
-106,-117
-108,-117
-90,-128
-81,-135
-94,-126
-81,-135
-62,-144
-33,-154
-18,-157
-9,-157
4,-158
-2,-159
2,-159
5,-159
-8,-159
-11,-158
-7,-157
21,-155
33,-155
23,-157
20,-157
39,-151
75,-138
78,-138
59,-147
58,-148
52,-150
51,-150
14,-156
-17,-156
-13,-158
2,-158
17,-157
-4,-157
-27,-156
-40,-153
-33,-154
-10,-157
18,-155
29,-156
24,-157
15,-158
6,-158
7,-159
24,-155
35,-154
43,-152
50,-149
79,-133
108,-114
106,-117
87,-132
71,-142
73,-140
79,-136
84,-134
88,-131
99,-122
119,-100
114,-107
100,-121
99,-123
94,-128
76,-139
55,-149
27,-156
5,-158
-11,-157
6,-157
11,-158
18,-155
58,-145
71,-141
64,-144
71,-140
93,-126
86,-132
84,-132
102,-120
108,-116
110,-114
99,-124
77,-140
68,-143
78,-137
96,-124
106,-118
106,-118
114,-108
110,-113
96,-126
85,-133
91,-128
100,-123
84,-135
72,-141
79,-137
79,-137
92,-127
101,-122
84,-132
31,-153
-15,-157
-43,-152
-54,-148
-61,-145
-94,-126
-110,-114
-113,-112
-109,-116
-85,-130
-50,-149
-52,-150
-59,-147
-80,-137
-94,-128
-76,-136
-49,-149
-51,-150
-73,-140
-80,-135
-54,-147
-37,-155
-26,-156
-7,-158
-1,-158
11,-159
11,-159
4,-158
3,-158
19,-155
53,-147
53,-149
15,-157
-11,-159
-11,-158
13,-156
25,-156
17,-157
-1,-158
5,-154
44,-149
49,-150
65,-143
76,-139
60,-146
60,-146
67,-144
64,-145
51,-149
38,-153
46,-152
43,-151
54,-149
36,-154
24,-157
28,-156
5,-159
-30,-154
-56,-147
-81,-135
-85,-132
-77,-138
-71,-141
-57,-148
-37,-154
-42,-152
-73,-141
-82,-136
-82,-135
-88,-132
-78,-137
-57,-147
-42,-151
-20,-155
-10,-157
-17,-157
-46,-151
-78,-138
-97,-124
-107,-116
-111,-111
-112,-112
-127,-96
-143,-69
-150,-50
-153,-39
-152,-41
-152,-44
-155,-31
-158,-10
-158,10
-157,19
-152,45
-147,60
-142,72
-140,74
-146,55
-146,57
-136,82
-126,96
-116,106
-109,113
-114,106
-123,99
-113,111
-101,123
-109,113
-125,96
-115,109
-112,111
-128,92
-142,67
-152,38
-156,22
-156,25
-151,45
-153,22
-155,-19
-152,-39
-153,-38
-156,-23
-157,7
-156,28
-153,43
-142,70
-136,80
-131,88
-130,91
-141,69
-150,53
-143,68
-129,91
-124,97
-133,83
-145,62
-148,55
-141,70
-131,89
-132,88
-127,94
-119,106
-124,98
-131,88
-134,81
-138,75
-139,76
-135,84
-132,88
-125,97
-124,98
-132,86
-121,103
-102,121
-72,139
-61,147
-66,145
-60,146
-65,143
-89,130
-119,101
-142,70
-150,50
-154,33
-157,10
-159,2
-155,30
-142,68
-136,79
-137,80
-133,85
-132,88
-120,101
-109,113
-117,106
-112,111
-110,114
-103,121
-90,131
-85,134
-60,147
-52,150
-70,141
-59,146
-53,148
-75,138
-84,133
-76,138
-65,143
-42,152
-6,158
19,156
45,150
22,153
-14,156
-29,156
-11,157
23,155
9,156
8,157
25,156
50,150
66,145
60,147
63,147
87,133
97,125
83,134
88,132
99,124
94,125
79,137
75,139
53,148
47,151
57,148
34,153
0,157
9,157
55,146
89,131
98,126
101,121
98,123
87,132
64,144
43,152
26,155
6,157
-30,153
-41,152
-7,158
20,157
-10,154
-58,143
-69,140
-49,149
-39,152
-15,158
-24,156
-21,156
-16,157
-8,158
9,158
18,157
17,158
23,156
23,156
29,155
36,153
-2,156
-33,154
-54,149
-58,148
-56,149
-45,152
-15,158
-8,160
-7,158
-27,155
-47,151
-50,150
-25,156
13,158
43,152
36,153
32,155
62,145
85,135
81,137
67,144
50,150
46,153
60,149
71,143
62,145
43,152
39,154
65,143
83,134
102,120
119,103
109,115
112,113
112,110
98,123
107,116
115,109
117,106
125,95
128,91
110,111
102,119
123,98
146,55
152,37
142,66
140,73
142,72
129,92
119,102
124,97
124,97
106,115
85,133
95,126
95,126
99,124
108,116
101,121
110,113
130,89
139,73
126,89
102,120
114,110
117,108
123,100
116,106
98,123
90,130
94,127
96,125
73,139
51,150
53,151
71,142
88,132
110,112
128,93
127,95
130,94
117,105
83,132
41,151
12,158
-8,158
-13,158
-17,158
-30,156
-26,157
-25,157
-47,149
-74,138
-94,128
-71,140
-38,154
-47,149
-88,128
-98,124
-101,122
-111,113
-110,115
-111,111
-130,90
-129,92
-129,92
-126,95
-118,104
-128,92
-130,90
-118,105
-100,121
-109,112
-115,108
-97,124
-95,125
-90,131
-76,139
-81,136
-69,142
-62,146
-57,148
-58,146
-68,143
-59,147
-34,154
-17,157
9,158
32,155
28,155
26,156
35,153
27,156
29,156
42,152
56,147
77,138
71,141
89,130
105,119
100,124
100,123
121,102
128,94
124,98
110,112
112,110
97,121
70,140
60,146
67,144
66,143
34,153
16,157
36,153
78,137
93,128
84,134
70,143
70,143
86,133
105,119
95,126
95,127
101,122
96,126
101,121
87,129
84,132
103,120
116,107
131,88
134,84
134,84
137,80
129,92
132,86
141,72
136,78
134,84
140,74
135,77
122,99
133,86
142,66
145,63
146,60
144,66
136,81
130,91
138,79
147,61
152,44
156,30
155,29
153,41
158,23
158,5
159,-6
156,-23
155,-31
155,-34
145,-62
131,-87
113,-111
116,-107
132,-87
141,-72
142,-69
145,-63
149,-48
154,-36
150,-53
143,-66
148,-51
149,-52
149,-53
143,-68
139,-78
135,-83
140,-74
141,-76
141,-72
150,-42
153,-37
150,-48
156,-20
157,-7
156,-20
150,-47
137,-78
133,-85
134,-83
143,-67
146,-59
152,-44
150,-54
148,-57
148,-54
152,-41
155,-35
149,-53
138,-76
137,-75
146,-53
156,-26
156,-31
151,-49
149,-56
153,-40
155,-33
154,-40
151,-49
140,-71
126,-96
123,-100
104,-119
99,-124
94,-128
102,-120
111,-112
126,-92
137,-77
147,-56
150,-46
151,-45
154,-14
156,21
158,13
158,10
156,27
157,24
158,1
158,-13
159,-7
158,-12
158,-5
159,-6
158,8
156,28
157,27
158,14
157,2
157,5
158,9
158,-1
157,18
158,13
157,-21
153,-45
140,-72
130,-90
134,-83
142,-70
150,-48
156,-25
158,-14
155,-34
153,-43
144,-62
129,-88
129,-89
136,-81
138,-81
123,-99
112,-112
118,-105
110,-112
117,-103
141,-67
150,-48
155,-30
157,-22
156,-34
153,-38
155,-29
152,-39
153,-32
154,-31
149,-52
146,-61
139,-73
115,-106
107,-116
113,-111
106,-117
114,-109
125,-97
130,-91
128,-95
128,-94
131,-88
144,-56
155,-29
156,-27
157,-22
155,-38
149,-51
135,-79
117,-104
102,-120
98,-123
116,-105
129,-91
135,-82
143,-67
149,-59
140,-74
138,-79
141,-73
146,-52
155,-29
156,-23
159,-7
158,8
158,8
157,14
158,15
157,25
158,17
158,12
158,14
157,19
159,1
155,-32
148,-54
144,-64
144,-68
147,-54
154,-38
156,-25
158,-5
156,13
152,39
148,56
147,59
143,67
147,58
149,51
152,43
153,39
147,59
142,71
143,69
149,56
153,45
154,41
156,31
154,37
147,55
136,79
137,79
148,57
152,36
156,1
153,-35
154,-30
156,1
158,9
156,-25
141,-70
124,-99
105,-118
93,-129
101,-122
111,-114
109,-117
99,-125
97,-124
115,-108
123,-100
128,-95
136,-78
144,-67
144,-60
154,-31
152,-42
143,-68
140,-74
143,-67
146,-58
143,-67
136,-81
125,-96
107,-117
120,-103
133,-87
127,-94
114,-110
119,-103
129,-91
125,-96
133,-85
146,-54
156,-9
156,24
151,45
146,58
149,50
144,63
127,91
97,123
62,143
20,155
-11,157
-18,158
-11,158
-16,158
-19,157
-8,158
9,157
29,155
57,147
51,148
24,156
16,156
10,157
17,157
16,156
46,147
77,137
74,139
88,129
103,119
96,125
100,123
108,115
130,90
131,86
112,110
108,117
132,86
144,63
130,85
110,111
106,116
86,131
60,147
60,146
51,148
20,155
-17,155
-40,153
-57,147
-76,138
-75,139
-78,138
-86,134
-87,131
-111,110
-132,86
-141,68
-145,61
-148,53
-155,34
-152,43
-152,34
-157,6
-157,4
-155,-22
-153,-45
-152,-48
-151,-51
-156,-29
-157,8
-155,29
-157,20
-158,4
-158,1
-156,2
-156,1
-152,-30
-147,-59
-140,-72
-124,-97
-111,-114
-104,-119
-90,-129
-70,-142
-58,-146
-44,-152
-46,-151
-52,-149
-57,-147
-66,-143
-62,-145
-78,-138
-106,-118
-115,-110
-101,-122
-109,-115
-122,-100
-130,-88
-129,-90
-129,-91
-144,-65
-151,-48
-152,-45
-158,-19
-158,-7
-158,3
-151,44
-136,82
-128,94
-125,99
-117,107
-109,116
-113,112
-112,112
-103,120
-93,128
-103,118
-109,114
-114,109
-121,102
-126,95
-125,97
-121,101
-127,94
-126,93
-132,85
-142,63
-153,34
-151,46
-137,78
-135,82
-136,77
-138,74
-137,79
-144,68
-147,62
-148,58
-145,65
-136,82
-136,81
-134,86
-127,95
-108,116
-84,134
-63,145
-31,156
-34,155
-59,145
-85,133
-79,137
-61,146
-43,153
-45,151
-51,150
-43,152
-55,148
-45,152
-15,157
-19,158
-29,156
-47,150
-55,146
-92,124
-122,97
-122,101
-124,97
-134,81
-148,44
-156,14
-155,26
-148,52
-138,77
-142,68
-147,61
-145,61
-147,59
-143,69
-146,61
-148,57
-144,69
-146,62
-150,51
-154,39
-156,25
-155,27
-156,17
-156,-11
-149,-48
-141,-72
-136,-79
-136,-79
-135,-81
-142,-71
-147,-61
-144,-65
-151,-49
-157,-26
-157,-12
-157,5
-158,-2
-157,-21
-153,-44
-149,-56
-141,-72
-144,-66
-153,-39
-154,-34
-154,-37
-153,-41
-155,-34
-154,-34
-156,-26
-157,-18
-157,-11
-158,11
-158,18
-149,46
-131,88
-121,103
-121,103
-114,110
-94,127
-105,118
-123,100
-129,94
-132,87
-144,54
-156,20
-156,22
-151,44
-138,76
-136,81
-133,85
-133,87
-133,87
-129,93
-134,81
-147,56
-152,43
-157,18
-159,-1
-160,3
-159,4
-159,4
-157,24
-150,52
-147,58
-153,40
-150,51
-144,66
-149,52
-154,37
-147,56
-137,79
-135,84
-131,90
-132,86
-141,72
-135,81
-120,102
-104,119
-91,129
-106,112
-136,76
-149,44
-156,18
-157,14
-157,13
-157,9
-157,-8
-157,-17
-158,-2
-152,-22
-145,-62
-148,-60
-147,-58
-136,-77
-137,-80
-139,-76
-135,-82
-130,-89
-112,-110
-81,-131
-41,-151
-26,-156
-30,-155
-30,-154
-27,-155
-48,-150
-59,-147
-62,-146
-73,-141
-55,-146
-50,-149
-86,-133
-108,-116
-121,-104
-126,-97
-128,-93
-130,-90
-136,-81
-137,-78
-128,-89
-103,-115
-63,-143
-44,-153
-57,-147
-75,-140
-86,-135
-93,-128
-92,-129
-95,-128
-92,-128
-64,-141
-14,-154
1,-158
-12,-158
-13,-158
-5,-158
11,-157
14,-157
7,-159
-8,-159
7,-156
43,-150
43,-152
24,-157
14,-158
-10,-157
-42,-152
-73,-141
-89,-131
-86,-133
-75,-138
-44,-149
-26,-156
-39,-154
-52,-148
-35,-154
-21,-156
3,-157
9,-158
11,-157
41,-149
84,-131
109,-114
115,-108
113,-108
104,-119
110,-112
125,-93
138,-73
129,-90
113,-109
126,-92
116,-105
85,-134
88,-132
98,-124
82,-136
60,-145
29,-155
30,-155
43,-152
41,-153
20,-157
14,-157
23,-155
30,-154
45,-150
68,-142
86,-131
88,-131
67,-144
63,-144
83,-134
95,-127
92,-129
92,-128
110,-111
117,-106
110,-114
96,-126
108,-114
122,-101
124,-98
130,-90
119,-105
102,-121
117,-105
131,-88
141,-72
149,-51
156,-26
158,-10
158,6
157,4
158,5
157,14
157,24
158,7
159,-1
159,4
158,16
158,1
153,-38
141,-72
134,-84
134,-81
143,-63
152,-38
156,-27
155,-29
156,-17
157,-3
157,10
158,7
158,-14
156,-26
155,-34
146,-57
130,-90
115,-110
98,-124
106,-116
122,-100
133,-87
140,-76
145,-64
146,-59
137,-80
129,-92
110,-113
99,-124
91,-130
65,-145
42,-154
45,-153
43,-153
32,-155
52,-147
68,-143
84,-133
101,-121
104,-119
99,-125
98,-125
84,-134
64,-145
66,-144
75,-140
82,-133
106,-115
105,-119
88,-132
82,-136
81,-137
92,-127
109,-115
116,-107
127,-94
120,-104
115,-110
106,-118
103,-121
84,-133
51,-149
42,-153
43,-152
35,-153
23,-156
-7,-157
-14,-156
1,-156
33,-153
57,-145
80,-136
79,-137
90,-129
103,-120
110,-112
125,-98
129,-95
127,-96
123,-99
131,-89
145,-61
156,-27
158,-21
155,-34
152,-43
154,-32
157,-25
156,-33
151,-51
140,-73
134,-84
135,-84
131,-91
136,-83
143,-69
137,-78
122,-100
102,-120
83,-134
88,-131
106,-116
117,-106
118,-105
110,-114
93,-128
70,-142
66,-144
75,-139
85,-133
78,-139
57,-147
22,-156
7,-158
-8,-159
-41,-154
-64,-146
-64,-146
-73,-141
-73,-141
-76,-140
-62,-145
-57,-149
-68,-143
-82,-134
-87,-130
-90,-129
-108,-114
-112,-110
-104,-119
-113,-110
-129,-91
-122,-99
-112,-111
-125,-100
-136,-84
-138,-80
-125,-96
-112,-110
-109,-114
-121,-103
-133,-85
-148,-51
-156,-23
-158,-1
-156,27
-150,51
-153,32
-157,18
-152,45
-141,71
-138,77
-148,51
-155,34
-153,43
-148,55
-151,44
-156,28
-146,57
-123,99
-110,114
-106,117
-110,113
-109,113
-95,125
-82,135
-94,129
-92,128
-106,115
-122,99
-129,93
-125,99
-136,77
-149,54
-145,64
-135,80
-125,97
-124,100
-131,88
-141,72
-138,78
-133,86
-134,86
-133,86
-125,95
-117,106
-119,105
-107,118
-103,122
-99,125
-92,130
-89,132
-85,134
-71,141
-49,150
-32,155
-38,153
-73,140
-99,124
-104,121
-74,141
-47,152
-20,158
3,159
22,157
42,152
40,152
42,152
46,151
23,155
-23,154
-42,152
-37,153
-65,142
-89,130
-107,115
-118,106
-122,102
-124,99
-126,94
-129,90
-121,100
-126,93
-134,85
-128,94
-124,98
-114,108
-104,120
-87,132
-56,148
-37,153
-24,157
-42,150
-84,130
-90,129
-72,141
-62,146
-54,149
-51,148
-74,139
-85,134
-77,139
-83,134
-78,137
-68,143
-68,144
-60,147
-41,153
-61,142
-95,126
-86,133
-58,147
-38,153
-22,157
0,158
-9,156
-46,148
-79,136
-91,129
-95,127
-78,138
-67,143
-57,147
-19,155
38,151
84,132
113,110
115,107
101,120
90,130
106,117
127,95
139,77
140,74
131,85
116,107
123,97
132,86
135,84
135,84
130,90
127,93
122,99
117,103
92,125
88,131
98,124
94,128
96,126
100,121
100,121
72,139
63,147
68,144
70,140
44,150
42,152
37,153
48,150
36,151
3,157
3,158
17,157
21,156
-2,157
-11,158
6,158
18,157
31,155
54,149
57,148
54,150
60,148
76,141
79,138
80,137
91,129
110,114
122,102
124,98
130,89
147,60
147,56
145,61
143,65
152,41
157,20
158,17
158,-7
158,-13
157,-2
156,24
158,22
158,4
156,-20
156,-3
158,-9
158,-6
158,3
157,-13
153,1
147,50
144,66
133,81
121,102
118,107
123,99
120,101
112,112
114,110
116,108
106,117
110,114
122,101
115,107
100,122
87,132
91,130
94,128
82,136
73,139
53,147
58,147
76,138
77,139
77,139
73,142
70,142
74,140
91,130
97,125
86,133
78,137
67,144
57,148
55,147
42,150
39,152
63,146
72,142
55,146
14,156
5,158
-11,156
-15,158
3,159
14,159
21,157
13,158
22,158
31,155
14,156
-15,157
0,157
21,156
15,158
22,158
16,157
-1,158
25,156
44,152
