0,0
0,-1
1,0
1,0
-1,0
0,0
1,-1
1,0
1,0
1,0
0,-1
-1,-1
0,0
1,-1
1,0
1,0
1,0
1,1
0,1
-1,0
-1,0
0,0
0,-1
-1,-1
0,0
1,0
0,0
0,0
0,0
-1,0
0,0
-1,0
-1,0
-1,0
-1,0
-1,0
1,0
1,0
-1,1
-1,1
0,0
1,1
0,0
0,1
0,1
0,0
0,0
0,0
0,0
1,0
1,0
1,0
0,0
-1,0
0,-1
0,0
-1,1
-1,1
1,0
1,0
0,-1
0,-1
0,1
0,1
-1,0
-1,0
1,0
1,0
0,0
1,1
0,0
0,-1
-1,0
-1,0
-1,1
0,0
0,1
0,1
-1,0
0,0
0,-1
-1,-1
0,-1
1,0
1,0
1,-1
1,-1
1,0
1,0
1,1
1,2
0,1
0,0
0,0
0,-1
1,0
0,0
0,0
1,-1
0,-1
1,-1
0,-1
0,0
0,1
0,0
1,0
0,0
0,-1
0,-1
0,0
0,0
0,1
0,1
1,0
0,0
0,-1
1,-2
1,-1
0,1
0,0
0,0
0,0
0,-1
-2,0
-1,0
-1,0
-1,-1
0,0
-1,-1
0,-1
0,0
0,0
0,0
0,0
1,0
0,0
-1,-1
-1,-1
0,0
0,0
1,0
1,0
0,-1
0,-2
0,0
0,1
1,1
1,1
0,0
-1,-1
0,0
1,1
2,0
1,0
0,0
0,0
0,0
0,0
0,0
1,0
1,0
0,0
0,0
0,1
0,1
1,0
0,1
1,1
1,0
0,0
0,-1
1,-1
0,0
0,0
0,-1
0,0
0,0
0,0
0,1
1,-1
1,-1
0,0
-1,0
0,0
0,0
-1,1
-1,1
0,0
0,1
-1,0
0,0
0,1
0,1
-1,1
0,0
0,0
-1,0
0,0
0,0
-1,0
-1,-1
0,-1
-1,0
0,1
0,0
0,-1
0,0
0,1
0,0
0,-1
1,-1
0,1
-1,1
0,1
1,1
0,0
-1,0
0,0
1,0
1,0
1,0
0,-1
-1,0
0,1
0,1
-1,1
0,0
1,0
-1,0
-1,0
-1,-1
-1,0
-1,0
-1,0
0,1
-1,0
0,0
0,1
0,0
-1,0
-1,1
-1,0
-1,0
0,0
-1,0
0,0
0,0
1,0
1,0
1,0
1,0
-1,0
-1,0
0,0
1,0
0,0
1,0
1,0
0,0
0,-1
1,-1
0,0
0,0
1,0
1,0
0,0
0,0
1,0
0,-1
-1,-1
-1,0
0,0
0,0
0,0
-1,0
0,1
1,1
0,0
1,0
1,0
-1,0
-1,0
0,0
0,0
1,1
1,1
1,0
1,1
0,0
-1,1
0,0
0,-1
0,0
0,0
0,-1
1,0
1,0
0,0
-1,0
-1,0
-1,0
0,1
0,1
1,0
1,0
0,0
-1,0
0,0
0,-1
0,-1
1,0
0,0
0,-1
0,0
0,0
1,0
1,0
0,-1
1,-1
0,-1
0,1
0,1
0,1
0,0
0,1
0,1
0,0
-1,0
1,0
2,0
1,0
0,-1
0,-1
-1,-1
0,0
0,1
1,2
2,0
1,0
0,0
-1,0
-1,0
-1,0
0,0
1,0
0,-1
0,0
0,0
1,1
1,0
0,1
-1,1
1,0
2,-1
1,0
0,0
0,0
1,0
1,0
0,0
0,0
0,-1
1,-1
1,0
1,0
0,-1
-1,0
-1,1
0,1
1,0
0,0
0,1
0,0
0,1
1,1
2,0
2,1
1,1
0,-1
0,-1
0,-1
0,0
0,0
0,0
1,0
1,0
0,0
0,1
1,0
2,0
1,-1
1,-1
0,0
0,0
1,0
0,1
0,0
0,1
0,1
1,0
1,0
0,0
0,0
1,0
0,-1
0,0
-1,0
0,1
0,2
0,1
-1,1
-1,1
0,0
0,0
0,-1
0,0
-1,1
0,0
0,-1
0,0
0,-1
-1,-1
-2,-1
-1,0
-1,0
-1,-1
1,0
0,0
0,-1
0,0
0,-2
-1,-2
0,0
0,-1
0,-1
-1,0
0,0
1,0
1,0
1,0
0,0
-1,1
0,1
1,-1
1,-1
0,0
1,1
-1,1
-2,-1
0,0
0,1
0,0
0,0
0,0
1,0
1,-1
0,-1
0,-1
0,-1
0,-1
0,-1
0,-1
-1,1
1,1
1,0
1,1
1,0
0,-1
0,0
0,0
-1,0
0,0
0,0
0,0
0,1
1,0
0,1
1,1
1,1
0,0
0,0
-2,0
-1,0
0,0
0,0
0,0
0,1
1,0
0,-1
1,-1
2,-1
0,0
-2,-1
-1,-1
0,-1
-1,0
-2,1
-2,1
-1,0
-2,1
-2,1
-2,1
-1,3
-1,1
-2,1
-2,2
-2,2
-2,0
-3,-3
-2,-4
1,-6
1,-7
4,-7
8,-8
9,-11
2,-16
-9,-20
-13,-25
-7,-33
10,-39
23,-42
2,-54
-21,-59
-39,-55
-50,-50
-44,-56
-36,-66
-55,-54
-69,-15
-75,17
-75,22
-47,61
0,80
30,78
49,69
51,68
12,81
2,86
25,84
22,86
13,90
4,92
0,92
-20,89
-47,80
-58,75
-77,52
-91,33
-92,28
-92,-15
-70,-62
-27,-90
-8,-99
-12,-100
-11,-101
9,-93
68,-69
93,-46
95,-45
82,-65
53,-89
0,-103
-23,-104
5,-104
39,-102
37,-104
4,-110
-46,-92
-94,-60
-102,-53
-111,-35
-112,-30
-113,-28
-117,-2
-117,16
-107,53
-94,73
-79,87
-73,92
-13,119
44,116
69,106
96,81
119,43
127,10
110,-49
51,-113
25,-127
48,-123
46,-124
10,-131
-12,-132
4,-134
-46,-121
-72,-111
-19,-133
0,-140
-7,-140
13,-140
-3,-141
-40,-137
-10,-141
25,-143
6,-146
-17,-148
-15,-147
-42,-140
-70,-132
-100,-101
-147,-22
-155,12
-155,21
-146,-17
-98,-104
-45,-149
-6,-159
22,-159
-2,-158
-20,-151
45,-151
-7,-157
-83,-141
-76,-148
-94,-138
-137,-94
-165,-33
-168,30
-159,63
-156,-5
-142,-93
-128,-114
-100,-137
-155,-50
-177,28
-171,-18
-151,-97
-159,-71
-178,29
-180,21
-180,16
-176,50
-161,-47
-99,-144
-148,-83
-186,24
-118,123
-15,186
-6,195
-31,182
-131,142
-163,98
-169,-34
-66,-161
38,-190
-20,-197
-75,-195
-35,-180
136,-102
210,-25
213,-36
212,-34
211,30
172,121
130,178
154,159
199,96
223,4
222,-27
223,34
228,36
233,-7
228,-30
216,26
194,128
186,148
201,99
235,-16
237,-4
236,59
227,93
223,106
162,163
121,211
170,185
188,172
201,153
227,13
195,-159
155,-209
96,-242
25,-248
-126,-220
-174,-200
-177,-202
-207,-170
-251,-83
-230,-121
-218,-157
-254,1
-205,173
-178,216
-172,224
-147,243
-109,261
-43,284
28,285
94,276
137,259
213,191
281,51
292,-35
200,-176
88,-284
93,-290
41,-295
-102,-279
-198,-234
-202,-228
-202,-235
-261,-153
-305,-11
-281,-69
-274,-132
-312,-60
-322,-25
-320,42
-310,95
-277,144
-171,273
-127,309
-139,298
-244,188
-321,38
-273,129
-101,305
-59,334
-162,294
-250,228
-289,179
-256,227
-302,154
-326,-9
-268,-195
-150,-311
-188,-301
-281,-218
-338,-131
-324,-147
-185,-279
-100,-348
-185,-307
-68,-329
91,-357
100,-363
109,-362
162,-334
74,-349
-134,-349
-248,-287
-313,-225
-338,-159
-376,-6
-383,59
-385,43
-366,123
-364,141
-388,71
-383,-38
-378,-39
-313,210
-231,327
-312,229
-374,143
-357,174
-392,21
-411,-1
-407,82
-399,94
-357,181
-359,170
-276,298
-272,312
-352,111
-344,-192
-270,-328
-322,-259
-391,22
-377,123
-388,-117
-337,-259
-260,-347
-248,-359
-320,-293
-366,-233
-400,-165
-421,-79
-289,-255
-186,-397
-223,-385
-99,-409
107,-423
31,-431
-226,-368
-335,-307
-340,-301
-348,-284
-179,-354
21,-445
71,-451
127,-439
-30,-444
-69,-445
-5,-460
-80,-462
-100,-458
-80,-462
44,-434
231,-397
129,-443
-74,-439
-330,-315
-448,-144
-466,-95
-472,1
-469,92
-450,-13
-346,-277
-342,-331
-367,-313
-388,-272
-415,12
-203,377
-111,459
-270,391
-307,375
-231,427
-302,351
-378,300
-312,366
-144,453
-14,475
-154,435
-38,434
250,410
238,430
123,458
1,490
134,459
345,330
390,299
386,257
109,400
18,481
279,357
458,193
481,96
485,-80
460,39
423,240
450,58
329,-297
364,-303
368,-323
380,-250
465,-83
375,-296
338,-367
223,-432
220,-438
263,-431
290,-384
440,-135
452,-128
412,-250
465,-159
492,-33
500,-41
491,-102
504,-21
499,-86
484,-109
468,80
485,83
441,120
255,392
99,492
77,498
-3,500
123,479
257,430
264,407
50,481
103,476
141,442
-67,485
-77,500
59,497
234,438
378,304
249,373
165,458
307,397
396,298
410,282
407,298
415,284
412,286
451,230
456,222
483,146
472,152
405,283
296,397
300,396
429,169
463,-150
450,-119
435,177
332,362
335,375
352,359
429,233
498,25
487,47
371,268
128,457
125,469
362,313
478,141
489,-26
460,-196
465,-156
484,16
471,-75
422,-255
456,-164
488,14
467,152
471,149
489,-29
407,-253
319,-380
317,-385
315,-384
178,-447
-54,-480
-270,-397
-427,-233
-468,-134
-448,-198
-447,-208
-458,-154
-488,-40
-483,51
-433,-98
-297,-366
-219,-435
-15,-459
152,-463
30,-480
-26,-485
66,-489
60,-492
-42,-484
-176,-446
-322,-360
-361,-334
-384,-292
-308,-369
-179,-440
-228,-409
-402,-264
-374,-300
-227,-413
-208,-440
-312,-372
-389,-294
-340,-341
-371,-310
-349,-333
-278,-398
-332,-324
-466,-85
-480,85
-428,223
-342,343
-349,339
-399,263
-430,228
-398,281
-332,345
-392,142
-463,-100
-477,10
-427,214
-385,300
-338,351
-205,425
76,457
257,408
376,214
430,-154
401,-277
327,-347
188,-440
-69,-442
-363,-272
-466,-15
-474,84
-465,97
-414,-90
-351,-297
-382,11
-266,379
-251,405
-386,228
-468,29
-462,-79
-400,-244
-274,-381
-19,-418
169,-427
248,-364
380,-267
257,-374
353,-225
464,42
465,86
407,-162
287,-375
362,-249
427,-159
424,-173
462,-82
457,32
462,26
462,22
450,26
415,214
456,91
462,13
443,145
252,293
-172,368
-389,275
-440,151
-464,-65
-409,-213
-248,-383
-33,-438
279,-330
404,-244
406,-221
468,-71
479,7
475,30
451,153
411,242
411,190
455,-66
387,-267
288,-379
268,-392
352,-329
338,-340
359,-308
441,-172
460,-131
444,19
444,131
473,-3
480,13
480,-31
442,-147
314,-351
139,-444
-177,-400
-388,-268
-310,-346
-252,-410
-363,-304
-405,-228
-232,-386
-33,-463
162,-438
300,-345
431,-170
467,-115
453,-142
428,-149
223,-386
-48,-448
-299,-363
-235,-396
-74,-460
162,-409
387,-205
479,-33
476,-84
458,-145
409,-246
432,-184
427,-209
330,-336
368,-289
432,-207
450,-178
464,-117
465,56
458,156
473,49
469,-25
481,36
486,12
484,-33
473,-115
471,-107
377,-254
127,-440
-190,-377
-431,-130
-461,-119
-478,-67
-474,-70
-475,40
-451,167
-403,266
-402,226
-468,53
-412,-122
-171,-391
35,-473
108,-472
177,-448
198,-444
198,-441
263,-400
380,-228
457,49
385,244
205,417
215,427
343,341
411,254
457,58
376,-244
195,-429
248,-398
235,-405
186,-408
372,-265
335,-333
162,-444
-11,-480
3,-472
76,-469
76,-467
88,-460
224,-414
368,-222
469,-42
471,-36
415,164
160,386
-156,424
-350,286
-448,16
-480,-65
-480,-70
-426,-183
-259,-375
-174,-444
-302,-363
-434,-154
-483,-15
-479,-63
-447,-151
-363,-305
-382,-287
-395,-250
-258,-388
-179,-429
39,-453
156,-457
232,-422
272,-400
300,-377
128,-434
-72,-469
-83,-478
-73,-473
27,-476
-86,-467
-254,-391
-400,-70
-294,331
-81,465
-144,394
-410,182
-472,46
-430,180
-407,246
-465,89
-475,-22
-362,-234
-99,-437
127,-450
248,-399
366,-297
420,-232
447,-176
384,-276
241,-409
81,-460
218,-290
379,134
288,371
321,348
324,354
184,430
87,470
220,422
170,433
-76,413
-337,73
-253,-341
-227,-420
-279,-383
-261,-391
-394,-272
-461,-146
-482,2
-460,139
-408,246
-374,96
-256,-323
-185,-446
-188,-447
-161,-457
-199,-440
-329,-344
-436,-168
-455,-137
-424,-225
-262,-326
20,-456
-57,-473
-145,-465
-113,-472
-122,-465
-282,-377
-396,-268
-388,-284
-433,-176
-378,-177
-184,-413
-232,-419
-380,-263
-429,46
-229,379
32,460
222,425
118,433
-231,330
-423,33
-424,-142
-449,102
-419,239
-433,116
-450,-128
-413,-235
-403,-266
-442,-164
-454,-42
-347,-246
-51,-431
74,-447
-197,-401
-140,-406
183,-409
366,-230
470,-54
477,-25
478,49
355,218
18,419
-257,387
-363,315
-385,275
-390,261
-221,413
-108,466
12,454
254,398
353,313
264,378
91,464
-43,473
-225,395
-400,246
-421,237
-356,321
-390,275
-425,223
-453,124
-408,204
-264,397
-246,417
-306,372
-352,330
-263,385
-125,462
-117,466
41,467
94,459
-125,445
-207,438
-144,464
-123,467
-12,438
338,276
462,39
447,-96
377,181
273,386
354,311
452,158
470,51
413,-197
410,-212
452,-150
439,-194
445,-173
437,-146
306,-285
212,-392
377,-269
385,-280
430,-152
472,-90
439,-165
407,-249
434,-204
446,-26
396,233
399,248
473,86
482,28
467,100
474,2
464,-116
477,-64
482,-31
463,77
381,241
199,416
252,377
417,235
460,107
464,-80
475,-33
484,-21
468,-99
432,58
291,337
178,441
173,444
145,453
-4,450
-119,460
-3,484
119,464
199,437
258,401
285,373
159,444
44,457
-78,469
-12,471
-87,464
-98,473
43,470
140,450
0,463
-162,441
-77,472
-14,485
-46,479
-76,476
-59,477
101,460
304,343
374,304
410,259
440,203
428,223
428,219
459,126
421,215
424,232
466,129
448,153
426,213
465,135
480,37
465,-93
344,-306
212,-431
71,-473
-30,-480
-52,-477
-184,-442
-184,-441
-175,-449
-243,-415
-318,-347
-421,-96
-426,197
-334,340
-305,371
-272,397
-253,414
-169,456
-155,454
-233,414
-302,351
-428,163
-474,71
-460,-1
-453,-131
-474,-49
-439,94
-277,366
-127,462
-130,463
-186,442
-234,413
-344,331
-395,281
-407,263
-425,204
-435,-34
-363,-290
-235,-404
-31,-453
253,-344
445,-120
475,-49
431,-195
358,-314
396,-262
454,-112
465,-55
356,-284
164,-437
-92,-458
-93,-457
111,-447
290,-370
276,-370
4,-449
-69,-464
-16,-476
76,-469
96,-463
-134,-434
-277,-378
-389,-246
-369,-295
-332,-347
-286,-387
-245,-402
-77,-459
-45,-473
-181,-443
-266,-368
-411,-136
-271,-271
-76,-455
-125,-454
48,-446
297,-345
388,-283
358,-311
134,-426
-43,-439
260,-251
461,-83
449,-169
377,-292
207,-401
-63,-465
-247,-407
-319,-360
-260,-387
-208,-424
-172,-445
-205,-427
-373,-187
-423,167
-424,186
-423,186
-312,353
-306,370
-296,376
-286,372
-359,302
-258,357
-112,448
-186,437
-324,271
-414,-78
-355,-304
-425,-205
-469,-104
-464,-112
-463,-106
-465,-60
-308,-268
-53,-457
-20,-471
-169,-431
-135,-452
-82,-464
-19,-479
60,-460
275,-360
403,-254
387,-275
190,-389
-97,-457
-271,-384
-333,-323
-184,-424
-182,-443
-308,-368
-314,-364
-273,-396
-110,-422
203,-400
168,-425
0,-473
38,-481
-13,-476
-121,-456
-51,-474
-57,-477
-240,-394
-424,-201
-458,-118
-415,84
-207,397
6,479
82,477
73,477
150,443
369,252
465,91
406,214
300,361
274,393
362,318
423,205
469,1
431,-123
297,-310
384,-59
445,167
452,55
445,-163
447,-178
389,-274
370,-256
457,-26
414,122
179,389
5,472
51,461
113,434
-60,456
125,410
409,184
466,-35
454,-148
437,-126
408,156
353,313
416,207
474,22
480,-47
466,-99
462,-70
380,-243
321,-346
356,-273
459,-62
470,58
468,101
460,120
421,226
346,315
206,421
246,407
280,389
285,381
226,418
267,399
377,285
462,128
467,-26
377,-266
264,-389
117,-463
101,-469
143,-437
351,-266
453,-147
441,-190
445,-177
361,-288
283,-375
362,-303
238,-388
-18,-469
-62,-472
59,-472
70,-471
170,-421
169,-426
36,-477
24,-482
36,-480
64,-474
-75,-448
-302,-355
-267,-389
-114,-447
34,-473
26,-475
92,-468
65,-476
-10,-473
-68,-466
79,-457
203,-426
63,-455
-226,-395
-370,-297
-240,-385
-104,-464
-191,-409
-382,-248
-377,-279
-181,-400
86,-448
225,-398
189,-396
-128,-433
-204,-424
-105,-465
-65,-476
-7,-479
-17,-471
-213,-413
-297,-375
-324,-354
-315,-360
-244,-393
-128,-455
-53,-476
-83,-474
-123,-464
-257,-368
-421,-200
-447,-151
-473,-35
-475,-35
-403,-181
-411,-184
-474,24
-458,146
-452,161
-404,248
-396,270
-413,226
-456,53
-467,43
-431,194
-299,337
-99,462
-36,482
42,481
84,473
137,459
35,439
-227,400
-273,386
-374,265
-411,241
-344,332
-331,347
-263,404
-219,430
-142,461
-9,475
115,463
36,473
-8,476
186,413
360,311
437,179
471,-22
406,-224
250,-395
43,-456
-252,-366
-365,-306
-320,-358
-299,-375
-343,-332
-428,-182
-471,-10
-474,57
-478,-1
-456,39
-431,76
-450,-74
-393,182
-340,331
-359,319
-393,243
-453,9
-440,-172
-441,-145
-476,15
-478,-2
-472,-26
-400,-179
-376,-286
-443,-159
-477,-16
-469,76
-418,227
-398,269
-368,308
-362,310
-410,210
-453,-34
-457,-85
-415,175
-394,275
-413,228
-433,167
-208,356
163,420
278,392
217,418
32,457
-153,435
-348,292
-364,294
-224,421
-103,465
-89,460
-103,448
69,465
128,455
96,457
146,437
53,445
-138,452
-205,420
-364,255
-466,71
-455,-81
-438,-172
-448,-161
-430,-204
-429,-210
-408,-240
-338,-315
-249,-400
-304,-363
-336,-337
-196,-367
115,-435
260,-362
429,-114
449,122
433,201
447,151
467,24
448,120
413,233
440,175
453,155
459,97
461,-105
404,-255
353,-326
365,-309
391,-276
358,-320
284,-381
104,-449
-58,-464
-308,-314
-464,-103
-481,-5
-434,155
-314,353
-238,416
-227,423
-116,461
29,477
58,475
51,471
217,416
373,286
363,295
213,412
156,426
357,285
416,239
450,148
446,159
452,152
476,-9
458,-142
441,-196
374,-276
269,-376
330,-328
244,-403
23,-446
-296,-321
-441,-1
-356,293
-174,435
117,413
399,219
451,140
360,271
369,231
466,13
357,162
58,424
73,462
239,391
-26,306
-384,-22
-369,-280
-278,-378
-42,-414
246,-393
322,-343
418,-205
412,-239
361,-319
389,-271
443,-171
446,-168
462,-43
454,113
431,-27
342,-297
390,-248
374,-295
299,-377
306,-362
402,-246
410,-245
275,-368
220,-398
356,-103
270,316
107,460
87,471
194,438
167,444
132,450
325,326
443,163
456,96
336,273
133,443
70,474
139,462
167,452
108,466
2,476
-67,453
-304,300
-448,129
-379,-102
-126,-407
50,-463
-127,-432
-366,-283
-403,-241
-326,-346
-325,-355
-388,-278
-432,-155
-444,-60
-437,-132
-453,80
-454,154
-470,79
-474,-26
-465,-82
-442,117
-375,293
-406,197
-431,-91
-323,-326
-290,-382
-365,-308
-405,-245
-311,-347
-261,-396
-266,-387
-393,-247
-408,-220
-191,-385
28,-465
-88,-454
-282,-381
-407,-249
-442,-180
-374,-282
-318,-361
-337,-341
-332,-328
-225,-414
-233,-417
-310,-363
-320,-354
-322,-357
-350,-330
-407,-230
-467,-4
-475,80
-458,128
-336,299
-33,427
185,437
285,382
340,338
390,276
386,266
206,390
236,369
405,231
275,338
-3,451
32,455
322,297
452,-6
424,-209
309,-351
302,-362
397,-237
458,-123
393,-238
267,-389
304,-345
430,-148
437,95
360,300
320,353
284,363
29,423
-272,351
-428,133
-479,-3
-473,54
-447,-54
-340,-289
-361,-300
-368,-295
-276,-384
-245,-413
-260,-398
-388,-248
-459,-106
-419,134
-407,231
-424,220
-401,247
-299,352
-175,450
-125,466
-81,471
-169,443
-241,416
-289,362
-395,262
-418,215
-461,84
-449,130
-301,333
-126,459
59,452
315,296
440,-13
449,48
462,96
460,-99
431,-217
430,-205
462,-59
473,49
472,-44
452,43
408,223
441,179
470,86
473,-67
460,-138
424,-211
448,-98
476,-34
460,-137
423,-202
436,11
440,169
456,0
410,-233
320,-350
340,-324
217,-390
-29,-471
-23,-476
170,-399
380,-260
339,-327
375,-267
459,-115
475,-35
475,35
460,83
409,213
436,179
390,232
182,400
202,418
227,396
47,464
-55,469
-37,466
-130,454
-142,455
-175,441
-163,444
-222,416
-159,450
-28,474
113,453
339,293
463,76
456,-123
453,-127
472,-54
456,-140
460,-92
467,3
383,212
300,365
376,292
428,211
455,142
432,203
425,194
465,81
463,96
431,-112
378,-291
322,-354
193,-431
-5,-469
-124,-462
-194,-438
-218,-421
-89,-462
-96,-464
-127,-450
-49,-471
-228,-343
-430,-18
-470,34
-469,102
-375,251
-210,418
-178,445
-109,463
-152,445
-182,429
-326,216
-460,-45
-476,27
-418,202
-339,331
-392,267
-434,202
-447,74
-434,-158
-433,-161
-430,-80
-364,-256
-445,-134
-471,-70
-464,67
-368,261
-156,431
-130,457
-57,472
100,450
238,381
124,438
254,382
401,250
360,305
322,353
229,403
263,372
425,91
382,-219
312,-304
419,-131
332,-294
342,-318
362,-309
290,-373
343,-316
307,-352
358,-236
444,55
441,160
417,225
392,257
269,383
263,394
388,251
407,222
303,353
210,416
258,396
262,384
193,432
212,433
233,414
375,251
353,248
184,425
-6,436
-315,281
-445,4
-457,-129
-458,-113
-471,-46
-457,-135
-449,-175
-447,-174
-442,-149
-411,143
-309,364
-270,398
-296,371
-323,345
-269,373
-114,461
-119,459
-244,402
-234,409
-95,431
146,441
197,437
258,400
205,428
155,453
193,422
388,187
465,-74
460,-4
448,148
415,-41
256,-374
168,-449
63,-472
64,-462
250,-333
393,47
383,271
281,370
221,421
53,391
-341,220
-450,151
-426,220
-370,292
-195,403
-258,345
-408,238
-356,317
-293,378
-310,304
-438,39
-461,81
-384,246
-251,367
-377,119
-401,-192
-438,-119
-383,201
-100,428
-98,391
-359,38
-400,-216
-418,-180
-319,-332
-259,-400
-168,-437
-5,-461
234,-342
412,-162
392,-162
414,125
320,322
108,433
-181,408
-361,294
-436,192
-439,191
-444,56
-343,-248
-79,-432
115,-458
97,-466
203,-406
376,-268
402,-260
401,-249
321,-333
277,-352
430,-118
443,102
397,242
404,230
260,374
182,438
152,437
-41,463
-206,418
-348,291
-448,42
-421,-167
-259,-370
-246,-405
-336,-334
-438,-146
-476,50
-468,64
-440,-126
-389,-272
-396,-236
-452,-70
-364,-229
-150,-422
-84,-470
-102,-468
-103,-465
-206,-426
-332,-332
-315,-302
7,-417
292,-339
396,-269
333,-334
200,-426
109,-462
163,-445
184,-443
217,-421
207,-424
187,-427
272,-389
146,-446
101,-457
234,-409
243,-407
216,-425
251,-400
129,-452
161,-445
54,-440
-256,-374
-233,-387
-142,-452
-194,-438
-86,-449
25,-475
-9,-472
105,-452
169,-440
-30,-457
-247,-367
-437,-139
-464,-115
-406,-232
-331,-343
-292,-365
-37,-418
232,-405
344,-320
436,-162
437,40
396,244
445,164
478,34
481,1
468,-65
436,-199
405,-255
360,-301
431,-147
463,4
461,68
451,-111
460,-134
466,-115
469,-7
468,101
476,44
471,39
427,195
336,317
280,373
315,352
279,388
259,401
334,338
433,185
466,-23
435,-197
410,-249
363,-308
383,-282
434,-158
465,-28
424,-191
347,-329
295,-381
278,-393
270,-387
346,-320
361,-310
423,-195
464,-120
456,-145
443,-168
447,-33
427,194
403,254
348,321
378,297
408,258
419,232
431,24
333,-307
213,-421
30,-450
-281,-321
-439,-21
-383,262
-159,410
210,389
409,236
416,207
414,209
445,136
311,309
62,447
-103,447
-258,397
-344,296
-453,95
-452,-17
-282,-300
-90,-461
-80,-473
-95,-464
-172,-437
-215,-418
-221,-423
-217,-414
-123,-456
-157,-453
-71,-452
136,-445
113,-460
32,-474
202,-396
405,-200
458,-104
425,-204
437,-181
320,-314
119,-459
4,-475
-147,-447
-285,-380
-274,-393
-275,-393
-266,-391
-91,-449
30,-476
-76,-466
-311,-301
-428,-136
-330,-310
-291,-383
-276,-391
-179,-437
-108,-468
-140,-453
-270,-395
-259,-401
-130,-445
94,-432
131,-445
-104,-442
-363,-201
-370,211
-181,432
69,452
320,330
438,190
426,214
446,166
466,97
462,54
312,262
-57,393
-317,332
-383,265
-425,216
-452,153
-461,136
-394,260
-337,292
-415,-6
-208,-299
255,-274
442,-9
433,187
365,274
200,420
76,462
174,398
419,169
431,60
95,299
-298,332
-315,356
-162,447
57,453
267,386
260,402
202,427
289,360
342,314
84,397
-297,294
-447,164
-467,109
-470,102
-461,126
-437,197
-453,98
-451,9
-409,174
-374,-61
-103,-388
-139,-402
-400,-213
-363,-280
-276,-390
-301,-375
-370,-306
-274,-313
167,-299
370,53
92,364
-288,180
-407,-131
-386,139
-328,340
-269,395
-237,419
-183,442
-203,405
-369,120
-405,-211
-353,-320
-190,-402
47,-456
-36,-466
-66,-470
-173,-416
-367,-298
-351,-306
-48,-345
373,-166
476,-7
419,148
217,381
83,471
68,474
-46,443
-261,388
-288,376
-354,187
-369,-213
-288,-377
-133,-441
70,-464
118,-469
112,-460
294,-266
441,69
395,215
54,359
-339,270
-452,132
-463,70
-461,-26
-471,-2
-465,118
-453,135
-444,141
-414,209
-362,-76
-196,-401
-163,-449
14,-443
233,-400
288,-369
295,-372
307,-347
378,-284
274,-385
296,-322
437,-19
471,99
448,142
308,318
173,440
206,431
220,422
230,410
382,246
373,237
293,355
402,256
403,264
406,251
295,310
-11,443
-226,410
-356,307
-435,130
-397,-142
-105,-384
168,-421
-13,-449
-215,-429
-218,-429
-206,-431
-312,-354
-427,-189
-353,-245
-98,-420
217,-377
409,-194
439,64
449,80
437,-168
408,-259
367,-308
205,-414
101,-449
291,-342
417,-142
397,166
215,384
16,470
109,439
363,284
459,139
454,152
387,264
339,337
361,308
353,324
337,344
297,377
196,426
188,431
350,318
389,281
326,344
242,409
99,456
-19,475
-162,427
-238,410
-182,431
-307,356
-322,354
-141,441
95,461
249,409
264,398
267,400
305,366
308,350
227,407
365,261
470,97
449,142
447,151
474,81
462,115
403,239
287,365
120,451
-57,464
-244,383
-369,300
-425,165
-456,-38
-413,128
-112,374
270,366
305,366
167,433
107,458
43,452
11,454
242,385
99,404
-238,373
-397,193
-461,101
-443,193
-439,202
-443,161
-457,16
-444,76
-438,-55
-461,-36
-450,0
-262,-292
-47,-465
-103,-453
-279,-385
-239,-410
-123,-457
-45,-466
22,-447
-245,-342
-382,-279
-326,-328
-212,-424
-196,-440
-250,-411
-299,-377
-284,-385
-290,-366
-81,-393
197,-409
215,-411
368,-264
462,-114
459,-136
463,-108
466,-82
367,-274
273,-378
371,-286
436,-191
464,-86
437,112
379,287
392,260
469,76
481,34
475,-1
474,19
463,118
456,134
476,15
464,64
428,203
293,322
83,450
240,380
369,297
316,361
300,377
278,389
338,293
454,1
416,-214
331,-341
358,-310
420,-173
471,-60
472,-39
446,-154
457,-146
457,-55
429,170
366,300
231,398
42,451
-226,360
-404,246
-392,268
-431,204
-423,226
-388,264
-360,266
-152,430
-192,429
-270,394
-289,371
-258,393
-188,439
-152,453
-74,458
-254,275
-360,-150
-289,-319
-430,-62
-467,-55
-432,-196
-352,-288
-249,-402
-315,-361
-406,-250
-409,-245
-374,-279
-222,-400
-173,-444
-328,-334
-422,-226
-453,-139
-445,79
-389,269
-435,169
-471,74
-446,-7
-374,-259
-293,-374
-318,-360
-319,-361
-296,-380
-248,-402
-111,-449
-120,-459
-296,-338
-442,-113
-391,-222
-281,-377
-202,-426
-326,-316
-400,-260
-356,-318
-266,-391
-151,-451
-127,-462
-38,-462
-14,-470
-110,-466
-201,-435
-225,-422
-259,-405
-328,-345
-409,-248
-447,-177
-439,-184
-407,-254
-392,-277
-343,-320
-133,-411
200,-393
236,-400
118,-449
237,-403
302,-365
130,-443
-39,-477
-30,-480
-42,-474
-155,-451
-247,-407
-384,-273
-443,-186
-467,-73
-474,63
-474,27
-443,108
-419,228
-419,229
-437,190
-414,200
-115,387
73,465
135,434
327,344
343,336
297,364
379,234
445,132
427,167
442,-63
460,-17
475,-37
419,-210
213,-377
-181,-384
-239,-383
-88,-465
-175,-439
-241,-396
30,-427
201,-420
-2,-456
-246,-389
-328,-304
-86,-424
36,-478
102,-461
96,-462
-34,-466
156,-404
358,-302
424,-215
383,-275
373,-224
415,115
396,268
401,203
449,-82
455,-127
458,47
437,190
440,136
463,-84
453,-71
421,171
434,178
473,40
472,70
408,186
291,366
224,414
-31,418
-327,316
-412,174
-448,-100
-442,-189
-432,-204
-441,-44
-353,278
-340,296
-435,189
-441,132
-461,59
-439,136
-459,-28
-416,-187
-227,-380
81,-424
192,-429
9,-473
-77,-469
38,-464
240,-391
382,-256
454,-125
407,-240
249,-399
148,-454
91,-456
-130,-448
-107,-460
-54,-476
-114,-451
-257,-395
-257,-400
-372,-282
-443,-193
-442,-194
-457,-148
-452,-4
-399,244
-417,210
-464,14
-439,-163
-411,-230
-465,-52
-453,139
-400,249
-438,118
-393,-173
-324,-344
-411,-224
-471,-16
-460,110
-412,232
-428,206
-349,316
-256,404
-106,455
87,464
184,430
380,249
475,53
480,-39
458,-123
330,-316
195,-439
87,-461
-161,-435
-257,-403
-283,-381
-391,-273
-429,-221
-445,-189
-412,-209
-227,-381
-192,-432
-328,-349
-364,-310
-426,-187
-434,-184
-420,-219
-458,10
-392,252
-181,414
56,465
204,427
179,435
144,444
344,298
458,129
456,130
419,218
421,222
450,116
479,6
470,-92
436,-183
424,-162
468,-13
406,-186
372,-285
434,-65
394,218
256,390
171,449
216,430
254,405
303,361
411,232
422,218
418,241
389,274
349,331
343,340
379,293
384,285
331,344
275,388
104,437
-185,387
-407,222
-455,108
-459,-86
-448,-174
-466,-100
-473,44
-465,11
-472,-10
-471,106
-442,178
-268,350
71,442
307,296
376,-134
350,-316
343,-313
163,-437
16,-476
-104,-463
-299,-351
-348,-272
-22,-396
299,-250
432,100
405,238
223,374
122,453
310,346
437,191
476,29
451,14
309,290
64,422
-223,398
-214,428
-94,467
26,471
166,452
209,433
283,389
272,395
211,427
27,421
-298,334
-299,362
-168,439
-292,346
-419,228
-430,219
-445,166
-467,24
-468,-78
-433,-134
-331,-323
-309,-367
-353,-322
-412,-240
-460,-73
-442,152
-303,350
-136,456
-114,466
-209,372
-421,74
-460,49
-404,233
-304,357
-354,313
-418,221
-466,72
-479,29
-417,162
-260,377
-208,413
-13,468
76,475
86,472
-26,468
-145,458
-100,470
-62,477
-94,455
-301,337
-397,266
-406,242
-438,191
-375,296
-266,370
106,385
411,92
463,-90
454,40
320,296
220,420
300,374
373,285
463,84
446,86
137,287
-332,158
-466,-56
-422,-164
-310,-350
-273,-393
-369,-288
-453,-137
-466,-106
-435,-121
-225,-353
61,-443
80,-461
-94,-466
-166,-442
-298,-376
-337,-347
-382,-291
-339,-317
-99,-401
289,-237
364,153
193,418
71,468
-81,465
-103,468
-138,457
-212,430
-185,443
-206,394
-402,119
-445,-135
-458,-148
-451,-156
-399,-258
-380,-292
-429,-204
-479,-48
-468,81
-414,214
-400,-11
-269,-350
-293,-330
-454,-39
-467,108
-385,266
-343,329
-386,282
-331,337
-375,250
-373,-79
-206,-392
-7,-414
199,-389
-96,-418
-259,-395
-140,-445
-13,-471
196,-406
342,-316
341,-5
30,376
-197,429
-237,407
-334,307
-429,186
-300,335
-125,461
15,481
12,466
-223,386
-367,308
-394,265
-448,85
-460,-81
-470,-60
-439,-152
-373,-291
-317,-361
-333,-336
-173,-392
49,-470
127,-460
207,-417
372,-203
471,0
461,100
452,149
423,-29
259,-364
226,-403
286,-373
213,-427
310,-354
401,-260
361,-303
373,-243
422,69
193,338
-169,402
-380,176
-449,-108
-450,-153
-443,81
-433,194
-468,95
-469,-38
-445,-165
-278,-318
41,-441
235,-401
303,-369
328,-349
374,-303
333,-335
259,-401
235,-418
273,-393
365,-282
382,-256
372,-254
415,-187
235,-390
93,-472
112,-441
262,-385
76,-428
-297,-300
-373,-228
-126,-417
54,-473
63,-469
159,-441
94,-457
54,-471
132,-457
265,-284
250,187
-71,435
-206,430
-326,317
-421,37
-361,-272
-179,-407
100,-443
270,-390
303,-350
425,-162
468,7
446,164
426,220
401,266
436,156
470,-11
451,-141
411,-237
421,-125
408,181
354,315
425,203
467,122
443,172
266,311
-128,397
-209,424
-133,459
-272,286
-392,-127
-390,-279
-403,-240
-439,36
-332,324
-261,400
-203,429
-40,473
66,475
108,465
20,464
-74,470
-93,456
-294,334
-431,201
-443,193
-387,278
-348,316
-363,287
-159,416
-164,428
-262,399
-344,327
-423,187
-475,51
-450,109
-229,348
-102,463
-218,417
-343,309
-439,95
-461,67
-367,290
-278,392
-163,438
-78,465
-249,383
-394,271
-438,152
-457,-58
-416,-190
-446,1
-452,139
-392,-99
-180,-402
-105,-466
-89,-464
-200,-425
-340,-332
-383,-281
-230,-383
-62,-470
-80,-474
-100,-461
-102,-451
45,-471
212,-406
312,-344
106,-440
-66,-472
-155,-454
-156,-447
-309,-345
-429,-200
-378,-233
-194,-420
-67,-469
57,-473
108,-467
221,-399
401,-213
455,-122
469,-10
450,-110
404,-251
412,-244
451,-141
425,-193
316,-361
305,-374
209,-415
63,-472
53,-472
-8,-479
37,-480
-69,-456
-333,-297
-423,-190
-373,-297
-400,-268
-436,-196
-458,-119
-413,-164
-282,-369
-340,-297
-459,-86
-422,-159
-245,-373
-257,-391
-375,-278
-459,-103
-459,-133
-442,-192
-456,-128
-477,27
-470,-11
-415,-195
-237,-372
66,-438
140,-453
-38,-468
-222,-423
-235,-405
-4,-451
179,-443
103,-463
-64,-473
-48,-476
17,-478
-76,-469
-122,-459
-261,-388
-344,-325
-421,-215
-440,-189
-451,-148
-384,-263
-426,-198
-453,-140
-418,-217
-446,-174
-431,-210
-410,-249
-440,-188
-403,-235
-361,-301
-419,-227
-405,-254
-432,-212
-426,-217
-456,-82
-479,-5
-472,-76
-444,-178
-375,-275
-305,-368
-302,-371
-215,-416
-110,-465
-16,-479
53,-477
-22,-473
-254,-334
-444,3
-433,180
-463,87
-411,205
-342,333
-384,289
-327,344
-249,408
-179,428
-55,453
-251,375
-369,310
-349,333
-353,325
-356,327
-266,398
-189,440
-206,435
-234,418
-284,382
-370,297
-388,287
-321,356
-250,409
-171,441
-134,441
-349,223
-473,20
-475,75
-443,178
-391,266
-319,360
-286,384
-233,407
-57,474
74,475
249,396
408,242
414,236
333,337
202,427
120,465
132,462
194,438
95,461
14,482
113,457
310,359
426,213
455,153
418,235
431,207
462,67
454,-115
287,-321
108,-461
-99,-435
-310,-362
-394,-266
-467,-93
-464,87
-441,177
-434,201
-402,249
-336,337
-334,346
-343,333
-356,307
-370,286
-228,410
-150,446
-247,406
-266,399
-287,383
-354,318
-421,221
-456,130
-431,209
-418,237
-439,83
-417,-190
-388,-278
-320,-345
-133,-437
22,-476
73,-474
116,-467
146,-460
128,-463
50,-468
97,-466
-15,-474
-218,-417
-348,-334
-379,-301
-413,-243
-451,-161
-464,-76
-463,88
-388,-107
-221,-399
-172,-449
-211,-431
-302,-371
-407,-228
-474,-39
-399,190
-180,412
-209,420
-315,358
-281,379
-135,460
-94,474
-22,466
-44,450
-131,460
-119,467
-198,419
-357,306
-394,272
-435,106
-447,29
-260,330
-87,461
-253,362
-418,224
-433,215
-445,181
-405,244
-275,387
-234,414
-264,333
-289,-93
-67,-433
149,-433
226,-421
64,-469
-7,-481
138,-439
309,-357
392,-259
440,-73
359,239
278,387
226,412
82,456
-167,403
-202,409
-126,446
-210,418
-5,454
52,436
-283,288
-456,130
-457,158
-449,170
-464,70
-443,-57
-364,-280
-234,-380
14,-456
81,-453
301,-309
397,-257
436,-152
471,16
403,178
251,387
155,451
46,469
-75,472
-117,463
-268,376
-390,276
-443,179
-470,109
-473,108
-469,110
-448,159
-394,275
-388,287
-385,254
-443,-10
-452,-165
-446,-189
-452,-175
-445,-191
-412,-248
-316,-341
-149,-444
-44,-476
-62,-465
137,-409
227,-410
-44,-446
-250,-401
-232,-414
-295,-376
-331,-337
-417,-240
-429,-226
-442,-195
-432,-201
-456,-44
-469,4
-476,-51
-478,34
-453,101
-301,334
-117,449
114,457
129,459
10,478
-101,467
-109,468
-23,482
39,481
84,477
65,469
-146,419
-368,262
-467,65
-479,-44
-471,-65
-394,174
-239,408
-113,451
133,452
262,399
406,226
465,121
459,150
469,108
475,32
401,184
361,238
442,-1
435,121
449,2
273,-302
-134,-415
-263,-406
-274,-396
-251,-405
-118,-449
138,-396
381,-78
374,256
325,343
362,294
297,358
368,302
410,253
342,327
149,427
-115,427
-356,277
-449,139
-465,-1
-459,-104
-326,-295
-235,-412
-252,-410
-224,-426
-91,-450
154,-395
412,-145
480,7
456,-89
382,-252
435,-46
465,117
478,55
477,-46
464,2
461,122
463,128
473,57
481,-13
473,51
461,125
477,1
455,-121
299,-329
204,-428
333,-319
430,-120
402,190
388,280
449,166
468,87
480,26
473,54
390,215
257,396
271,400
327,354
383,292
444,166
468,67
398,228
280,382
185,437
38,462
75,470
92,474
72,478
190,437
270,396
199,432
98,459
234,348
410,205
378,262
421,2
195,-347
-226,-356
-437,-62
-449,25
-407,-214
-365,-300
-192,-412
-155,-449
-202,-431
-34,-417
283,-106
235,335
53,463
131,445
275,371
405,225
260,338
32,466
40,479
-75,444
-336,233
-409,-132
-338,-330
-174,-420
70,-443
302,-337
417,-147
476,-23
460,-137
411,-225
392,6
242,362
245,406
363,312
398,246
342,315
400,257
442,166
450,145
275,297
-170,275
-388,-116
-330,-341
-245,-410
-195,-441
-165,-450
-68,-470
63,-468
193,-436
255,-393
379,-140
375,226
406,192
461,-78
446,-41
389,236
387,284
380,296
338,337
176,416
-136,404
-380,259
-430,31
-431,-175
-459,12
-429,219
-386,294
-298,377
-160,450
-8,468
-179,326
-441,86
-475,46
-455,-94
-419,-219
-460,-131
-470,39
-399,249
-317,360
-354,292
-438,24
-418,-211
-356,-314
-409,-216
-394,-245
-319,-353
-154,-428
57,-467
156,-457
203,-431
342,-300
447,-168
462,-90
438,119
448,103
453,-140
395,-269
279,-384
107,-449
14,-444
303,-269
459,-26
459,130
418,221
425,227
461,144
455,44
409,-220
410,-182
447,-43
399,-222
346,-321
295,-379
361,-307
383,-290
407,-234
411,-232
325,-352
373,-254
468,-79
467,19
433,189
429,215
464,98
428,-129
266,-372
279,-383
296,-380
354,-303
379,-275
274,-391
240,-416
190,-437
292,-366
395,-253
444,-180
332,-286
-42,-422
-241,-405
-156,-450
-38,-459
223,-389
333,-337
104,-432
-144,-454
-282,-353
-410,-177
-191,-342
-6,-472
-50,-461
-313,-264
-434,94
-411,245
-412,223
-461,70
-434,169
-391,253
-439,24
-415,-214
-402,-240
-308,-343
-291,-381
-374,-274
-429,-210
-386,-278
-281,-371
-245,-389
-47,-440
-88,-458
-146,-449
-22,-476
9,-479
-41,-478
-93,-469
-137,-453
-33,-471
81,-421
373,-219
474,-84
473,-80
471,-53
451,-14
393,228
393,274
355,321
329,352
278,380
164,432
207,428
346,318
417,237
375,295
312,363
356,324
418,234
467,110
469,70
425,169
426,182
467,69
474,-43
464,-133
410,-226
176,-410
-121,-442
-331,-338
-346,-326
-264,-382
-197,-425
-56,-468
-118,-458
-309,-331
-455,-75
-473,13
-410,190
-340,331
-306,355
-396,248
-414,217
-450,162
-388,269
-380,256
-460,126
-469,34
-448,-130
-397,-261
-433,-212
-453,-169
-445,-183
-444,-152
-457,-45
-391,-237
-373,-309
-418,-223
-473,-44
-477,48
-478,-15
-460,-107
-460,-113
-468,18
-438,-130
-432,-192
-468,16
-474,83
-458,135
-285,326
25,457
263,388
327,354
278,389
142,443
-8,474
-139,450
-73,465
91,465
212,427
330,333
388,286
436,192
479,35
477,-40
435,-160
448,-114
466,44
364,251
215,418
49,448
-155,450
-241,412
-261,399
-134,436
-285,242
-435,-96
-407,-239
-449,-60
-428,191
-424,188
-439,162
-376,288
-426,169
-472,25
-475,71
-478,41
-474,74
-375,259
-165,437
-106,466
-229,370
-427,164
-443,169
-444,123
-476,-27
-470,-102
-468,-59
-396,211
-325,351
-205,416
10,466
-5,479
-68,474
-63,475
129,450
304,371
394,264
469,89
478,-27
400,118
183,403
190,419
377,280
396,276
391,283
374,304
375,306
425,210
399,232
366,298
321,344
238,389
-23,439
-27,461
226,404
265,400
318,306
421,-65
394,-259
321,-349
383,-260
443,-15
450,65
468,-62
469,36
457,-65
417,-161
426,117
415,247
400,268
434,143
464,12
398,209
240,394
74,467
-87,455
-227,415
-312,360
-241,404
-34,468
-67,457
-172,448
-197,439
-186,438
-220,404
-390,211
-462,-3
-424,-179
-446,-43
-407,230
-352,319
-388,280
-417,241
-419,236
-426,219
-449,129
-453,-30
-411,-219
-437,-204
-424,-184
-258,-367
-171,-448
-266,-391
-384,-290
-421,-232
-354,-301
-218,-417
-89,-467
-26,-479
102,-456
279,-374
334,-336
330,-336
358,-320
335,-346
292,-387
232,-423
120,-466
-25,-464
-215,-414
-165,-441
-275,-376
-336,-335
-232,-414
-186,-441
-113,-465
-159,-452
-232,-423
-247,-414
-207,-425
-228,-412
-340,-339
-414,-179
-460,83
-379,262
-150,426
31,478
82,474
182,449
185,438
-9,455
-93,471
-66,467
-143,455
-68,468
25,470
94,466
156,455
278,367
404,246
340,325
272,392
106,435
-197,398
-371,289
-449,100
-474,-52
-478,-59
-455,-128
-431,-202
-455,-161
-472,-83
-476,40
-467,107
-468,105
-450,-51
-357,-284
-395,-231
-323,-259
-48,-444
8,-473
-33,-450
-268,-380
-393,-238
-471,-57
-477,-58
-479,-15
-426,-149
-362,-308
-290,-380
-314,-345
-433,-186
-432,-208
-457,-150
-442,38
-163,350
141,446
75,459
-30,477
-35,477
38,475
178,431
353,314
453,159
450,126
270,330
85,465
-91,453
-211,420
43,419
352,308
405,260
330,339
361,278
459,76
416,195
361,319
333,348
343,328
184,413
77,475
170,446
334,309
399,170
125,358
-266,324
-358,315
-283,389
-113,444
-4,472
-101,465
63,445
349,261
363,232
85,428
-137,452
-159,446
122,399
351,311
316,354
362,315
366,308
414,247
363,293
161,416
-114,434
-92,456
-53,468
-148,456
-265,373
-407,237
-424,233
-428,227
-439,155
-472,29
-471,-22
-424,-192
-381,-281
-441,-127
-474,33
-475,18
-451,130
-305,342
-162,424
-341,217
-447,-83
-382,-252
-118,-401
176,-422
204,-430
265,-394
154,-447
29,-475
15,-473
-65,-471
-104,-469
-5,-478
48,-471
246,-340
446,-97
465,77
430,204
342,308
215,413
318,352
360,320
363,315
375,305
384,294
401,266
453,147
452,-80
423,-201
440,-139
259,-350
142,-454
159,-442
-74,-453
-176,-446
-159,-446
-264,-386
-84,-421
97,-457
-44,-474
-44,-469
87,-471
134,-460
268,-359
378,-285
375,-214
436,92
417,209
396,199
462,-18
433,103
379,285
374,293
205,398
89,467
131,454
149,447
-52,413
-346,276
-453,51
-443,-136
-440,-128
-463,103
-459,98
-439,-130
-399,-263
-338,-332
-208,-421
-112,-464
-139,-450
-36,-433
175,-439
240,-410
336,-341
395,-267
410,-245
388,-288
390,-280
441,-166
475,-10
482,41
478,63
434,182
380,293
402,264
455,138
463,-68
350,-304
222,-424
223,-421
325,-343
307,-363
258,-394
312,-353
103,-437
-196,-418
-334,-329
-139,-409
170,-418
249,-411
194,-443
276,-371
408,-242
413,-245
435,-177
472,-49
476,25
478,28
481,-20
479,-52
478,-71
457,-152
423,-228
436,-165
469,-84
421,89
330,320
310,355
266,402
333,350
415,231
457,24
428,-206
363,-282
11,-368
-386,-112
-465,110
-460,130
-346,286
-65,435
91,453
-75,460
-100,467
-141,437
-358,209
-464,-54
-477,-70
-475,-14
-425,-160
-343,-315
-229,-411
-201,-414
48,-434
204,-420
358,-204
460,20
420,-175
295,-371
182,-443
266,-378
402,-144
401,192
413,212
391,160
-16,319
-364,274
-366,294
-415,52
-435,-177
-394,-246
-317,-358
-351,-327
-435,-164
-427,113
-422,133
-465,8
-410,201
-248,394
-189,446
-64,463
191,425
341,297
417,-71
353,-315
378,-178
439,124
468,68
479,-29
406,-147
86,-407
-130,-453
-208,-419
-115,-452
-232,-398
-97,-397
99,-458
102,-460
172,-446
200,-411
386,-245
454,-49
383,220
199,413
209,415
193,394
17,464
89,474
118,462
-87,391
-402,157
-470,-3
-423,-190
-373,-299
-379,-298
-374,-298
-353,-327
-370,-308
-435,-176
-419,-159
-287,-361
-162,-404
183,-386
383,-277
440,-182
447,25
357,283
257,399
296,372
342,314
239,391
320,342
392,278
443,136
475,-9
438,139
415,239
442,183
378,281
283,370
76,445
-73,475
-154,441
-351,255
-440,163
-418,222
-454,165
-457,159
-469,58
-427,-144
-277,-365
-273,-394
-351,-330
-420,-224
-465,-81
-433,164
-345,334
-280,396
-213,433
-219,423
-263,396
-77,460
60,476
32,478
75,477
49,480
97,462
326,287
437,-71
330,-333
257,-393
307,-335
86,-437
-149,-445
-361,-282
-471,-83
-481,-10
-466,55
-450,-83
-456,-111
-440,-116
-236,-338
169,-366
245,-360
-57,-452
-177,-442
-327,-322
-379,-283
-307,-369
-331,-352
-395,-271
-351,-270
-102,-421
-129,-453
-91,-460
98,-460
234,-414
353,-315
300,-353
121,-460
163,-440
330,-325
435,-123
422,158
387,277
434,212
462,63
457,-109
462,24
460,0
410,-231
318,-350
381,-239
461,-12
428,180
394,266
460,104
437,-145
345,-321
411,-190
461,-120
459,-65
407,192
377,304
397,262
455,32
463,-113
444,50
433,138
448,-73
461,39
443,180
417,230
467,75
476,-66
473,-7
472,66
465,56
439,161
379,284
387,283
443,189
453,169
433,185
435,-32
451,-132
465,-64
408,137
208,387
46,472
-42,463
-79,446
126,452
76,463
-160,421
-248,403
-205,425
-339,314
-439,186
-420,198
-297,350
-384,232
-447,165
-398,260
-421,85
-409,-209
-396,-272
-415,-245
-380,-290
-228,-375
139,-381
404,-215
425,-204
400,-230
452,-16
468,12
471,59
465,-80
430,-220
436,-145
451,88
440,180
346,307
274,383
354,316
426,222
438,169
252,342
81,468
161,451
225,415
387,217
456,125
469,78
466,86
468,48
455,-151
403,-263
335,-337
414,-186
448,-118
343,-309
165,-442
136,-463
77,-466
-98,-462
-40,-468
-137,-403
-381,-18
-296,343
-288,348
-423,215
-328,313
-77,457
135,455
146,454
106,471
163,448
96,453
187,421
127,442
-21,482
-37,481
52,473
166,454
322,287
436,-69
315,-324
366,-252
421,-194
280,-374
159,-451
131,-449
307,-352
359,-325
386,-261
447,-165
448,-158
452,26
465,18
419,-206
322,-354
268,-400
192,-435
20,-474
19,-475
103,-470
64,-473
124,-454
195,-444
199,-441
204,-439
185,-445
245,-378
418,-209
461,-134
439,-170
355,-312
356,-297
200,-411
8,-479
-111,-469
-242,-405
-395,-241
-465,-104
-468,-82
-443,-178
-454,-65
-449,-73
-409,-241
-430,-124
-437,160
-398,266
-400,260
-406,255
-258,380
-94,469
-206,403
-398,157
-442,-121
-261,-318
76,-436
309,-303
457,-53
449,134
389,274
425,207
440,184
435,207
454,143
421,143
363,265
458,90
479,30
478,-51
477,-16
441,137
385,277
429,136
435,112
329,318
161,437
243,389
413,236
452,154
396,251
276,370
265,391
383,290
391,285
336,328
188,430
170,443
303,373
353,330
394,274
334,329
220,407
90,459
220,410
306,350
108,442
2,472
-85,462
68,458
290,370
310,363
245,414
236,419
328,343
407,257
459,102
466,-85
460,-115
469,-10
470,-64
446,-176
456,-153
460,-139
465,-92
476,-74
441,-150
349,-316
379,-266
448,-12
429,200
397,275
337,340
288,387
240,418
278,385
348,329
272,394
160,443
30,477
93,467
302,341
453,132
456,111
401,253
266,363
115,460
214,421
384,267
417,232
407,242
463,119
463,128
456,58
342,-259
138,-448
156,-455
90,-445
-257,-338
-456,-87
-474,22
-444,-138
-443,-162
-463,-72
-413,-216
-293,-358
-224,-413
-284,-366
-212,-422
-175,-431
-72,-471
-193,-410
-417,-147
-482,10
-483,24
-484,-1
-476,-22
-459,-119
-435,-200
-398,-264
-374,-298
-263,-368
26,-441
91,-456
-165,-436
-274,-399
-172,-414
147,-412
165,-417
19,-454
40,-434
-191,-385
-9,-431
25,-474
-21,-479
-152,-432
-365,-300
-430,-193
-258,-328
37,-452
197,-412
344,-301
432,-58
473,79
455,143
416,241
444,135
448,-131
440,-126
472,-12
447,-147
452,-114
445,111
448,171
475,-4
450,-146
254,-350
-61,-454
-120,-433
-16,-451
-135,-449
-47,-469
113,-453
179,-445
220,-427
157,-453
84,-474
84,-470
199,-426
296,-376
326,-358
356,-320
404,-250
359,-317
322,-359
348,-328
403,-257
439,-144
418,131
248,378
145,459
216,427
264,400
284,355
439,88
476,20
461,-44
326,-312
177,-448
149,-462
61,-467
-135,-457
-191,-443
-231,-414
-101,-458
-78,-458
-280,-376
-358,-326
-387,-290
-447,-126
-475,24
-477,59
-445,184
-405,243
-455,83
-480,13
-469,116
-461,154
-388,258
-287,382
-273,389
-28,440
233,416
267,397
290,344
438,30
382,-261
172,-422
-41,-462
-60,-469
-139,-459
-12,-448
201,-428
296,-378
340,-345
286,-382
270,-388
342,-339
349,-317
311,-320
33,-451
-33,-470
-97,-450
-335,-321
-411,-246
-388,-279
-398,-269
-439,-190
-466,-12
-459,78
-421,-136
-268,-366
-121,-461
-166,-447
-281,-380
-403,-238
-444,2
-291,322
-121,456
-244,400
-375,266
-450,14
-401,-222
-236,-397
-62,-461
166,-428
357,-276
435,11
432,202
456,143
442,-90
418,-240
409,-249
334,-343
292,-380
291,-373
362,-238
420,97
374,296
352,331
338,326
443,133
469,90
468,112
464,78
309,283
93,451
-11,457
-55,460
185,429
218,410
-4,460
-37,477
145,436
347,322
377,298
361,309
280,383
370,263
465,40
462,109
464,138
470,112
437,168
392,274
431,213
396,260
342,333
410,124
434,-174
380,-287
269,-395
166,-457
203,-433
253,-399
-49,-384
-403,-72
-428,207
-320,350
-167,443
-162,454
-178,450
-138,464
-15,453
270,347
157,397
10,450
286,335
424,228
439,196
431,217
402,255
368,308
289,339
-48,402
-356,121
-410,-188
-219,-372
-243,-368
-443,-124
-478,44
-465,67
-345,285
-194,424
-307,273
-411,-78
-366,-291
-373,-305
-413,-245
-469,-93
-480,-34
-468,86
-441,182
-411,225
-392,263
-411,61
-388,-237
-310,-352
-326,-343
-304,-361
-217,-428
-139,-459
-178,-433
-369,-279
-437,-173
-372,-226
-332,-319
-389,-276
-436,-134
-408,150
-101,410
203,402
381,261
341,328
270,386
7,430
-290,349
-410,240
-406,253
-417,99
-396,-184
-443,-111
-452,-144
-459,-143
-456,-135
-311,-299
-131,-454
-103,-465
58,-459
114,-454
275,-335
431,-49
302,280
56,457
24,478
-130,425
-350,311
-430,202
-455,25
-328,-256
18,-412
319,-325
350,-310
232,-414
165,-432
-52,-462
-293,-311
-465,-26
-472,100
-465,0
-451,-147
-430,-210
-440,-175
-469,27
-432,-35
-236,-337
132,-392
370,-289
318,-358
260,-403
196,-419
-88,-435
-377,-240
-438,-148
-300,-340
-255,-397
-229,-392
4,-464
65,-469
-149,-426
-247,-405
-103,-456
-156,-432
-385,-223
-449,-78
-385,-254
-207,-388
-86,-461
-85,-452
200,-385
313,-359
209,-429
207,-432
33,-459
-182,-441
-305,-359
-250,-355
-8,-464
56,-475
185,-432
277,-388
292,-354
-10,-426
-159,-450
-30,-464
191,-408
391,-147
475,43
449,126
351,302
396,247
443,160
333,305
301,363
424,215
473,90
467,50
458,140
468,13
465,-27
397,173
130,399
-146,433
-86,464
-8,480
191,413
337,329
335,342
371,306
351,329
407,226
456,17
446,105
464,120
483,39
474,71
467,113
455,156
437,198
415,233
333,329
307,372
239,404
91,467
103,468
10,456
-140,454
68,435
337,330
365,313
396,271
446,191
464,106
474,-69
457,-147
423,-222
417,-238
411,-233
451,-153
394,-263
258,-397
94,-465
109,-467
113,-470
109,-468
231,-406
349,-319
432,-119
443,135
434,201
462,96
459,-104
382,-277
337,-343
222,-420
49,-472
-117,-463
-292,-338
-408,31
-406,258
-409,255
-440,187
-458,111
-386,245
-340,324
-227,408
2,453
247,405
298,381
360,310
443,183
432,196
274,355
95,465
-50,464
-207,424
-297,346
-367,291
-258,391
-119,456
-196,429
-287,382
-309,366
-393,253
-415,238
-305,357
-135,455
-85,471
-173,440
-110,454
-74,467
43,475
153,453
275,395
353,325
383,272
172,390
-171,410
-291,382
-348,295
-460,112
-469,81
-400,242
-370,289
-134,411
9,466
-49,465
200,399
382,289
313,348
293,383
323,347
115,421
-46,462
-251,299
-462,71
-476,59
-340,254
-14,449
107,472
212,427
342,326
300,353
101,432
-240,348
-334,327
-27,408
299,342
223,393
209,421
141,436
-125,413
-353,316
-395,278
-436,169
-468,84
-468,20
-475,-14
-469,-17
-463,98
-453,141
-454,52
-453,45
-389,254
-435,127
-465,-60
-365,-261
-334,-329
-314,-354
-332,-351
-304,-342
-9,-430
232,-398
352,-318
406,-243
443,-176
456,-9
445,158
387,270
431,192
478,68
474,78
478,25
478,59
470,109
466,129
418,219
376,297
390,270
433,199
408,255
364,301
186,414
90,473
56,470
65,455
282,373
416,217
458,128
374,265
386,249
473,41
481,3
474,-71
422,-211
355,-280
446,-79
482,-33
468,38
466,47
452,-147
449,-163
467,-66
475,-35
472,-63
467,-61
457,-90
449,-165
379,-261
258,-381
387,-182
476,-9
444,-148
404,-249
451,-149
469,-105
471,-41
435,-158
368,-305
276,-388
307,-367
298,-374
340,-328
432,-191
456,-151
428,-221
432,-197
461,-98
411,-228
350,-332
367,-296
415,-220
237,-378
-2,-478
-88,-478
-159,-451
-227,-421
-103,-452
-116,-451
-32,-459
-25,-470
-216,-424
-263,-405
-300,-376
-379,-293
-378,-290
-423,-218
-420,-230
-394,-261
-458,-114
-484,-2
-479,-4
-473,-89
-458,-133
-398,-254
-380,-292
-386,-233
-454,40
-436,200
-386,282
-381,286
-430,220
-366,300
-132,432
118,455
266,393
140,427
58,471
203,430
347,334
421,204
433,-108
362,-305
395,-122
415,195
358,317
304,367
192,427
250,390
420,116
429,-189
414,-231
436,-201
417,-231
313,-350
193,-445
208,-432
305,-369
371,-302
426,-222
412,-244
308,-359
45,-436
-180,-439
-226,-409
-400,-217
-462,60
-457,135
-445,-70
-358,-298
-386,-224
-448,97
-418,239
-436,183
-451,-26
-396,-248
-334,-334
-414,-142
-348,239
-119,457
-103,461
-273,380
-372,306
-361,318
-291,386
-338,316
-390,7
-133,-357
161,-434
208,-431
299,-304
452,-46
433,-148
257,-379
34,-474
-129,-459
-237,-422
-214,-426
7,-428
238,-409
233,-415
86,-429
-57,-463
18,-460
64,-461
57,-473
151,-456
163,-449
36,-470
-208,-401
-306,-342
-117,-441
155,-395
392,-147
366,224
230,415
237,420
265,397
109,452
-131,430
-339,326
-384,294
-366,310
-425,218
-434,212
-361,308
-364,301
-407,260
-428,211
-455,35
-441,-170
-434,-218
-445,-190
-458,-149
-442,-191
-408,-251
-377,-296
-408,-252
-461,-128
-464,72
-362,292
-103,439
220,375
414,23
269,-338
158,-431
338,-300
246,-359
-72,-451
-103,-452
114,-428
366,-250
452,-24
358,251
154,426
198,410
314,351
106,418
-227,377
-342,315
-255,393
-350,308
-415,136
-329,-232
-44,-429
144,-453
67,-471
195,-386
396,-257
420,-210
464,-93
443,-163
383,-272
437,-166
467,-72
474,-65
389,-250
360,-273
437,-181
401,-259
433,-159
476,13
464,100
364,273
238,408
299,370
269,386
179,437
37,471
-22,478
43,477
83,473
10,483
-44,480
-108,469
-185,438
-303,361
-351,332
-371,296
-427,220
-426,236
-415,252
-425,198
-470,21
-448,-138
-408,-248
-448,-168
-407,-218
-361,-313
-439,-148
-443,125
-302,353
-79,443
242,362
448,88
481,-60
479,-58
469,-86
426,-223
442,-158
473,-32
465,56
462,136
379,232
155,425
71,477
194,426
357,309
362,306
405,259
387,288
411,248
445,145
203,298
-173,404
-100,460
-12,482
-61,475
-217,394
-303,344
-75,455
109,469
225,414
358,291
348,319
388,272
334,325
300,374
254,393
6,436
-220,421
-166,437
89,452
178,446
52,466
-119,455
-126,454
62,473
185,445
238,419
132,453
-71,446
-129,452
23,475
19,478
-27,478
10,472
-97,453
57,450
237,407
389,140
412,-214
398,-272
415,-248
329,-306
42,-443
48,-465
161,-447
192,-431
164,-428
313,-190
448,38
386,-211
141,-432
82,-470
108,-466
4,-467
180,-386
392,-80
400,221
261,354
125,444
-28,448
-243,395
-383,268
-456,141
-454,160
-450,179
-436,199
-435,34
-355,-273
-236,-411
-102,-459
-3,-476
-83,-474
-96,-474
-52,-480
-8,-479
74,-475
120,-459
268,-357
347,-327
311,-365
363,-309
392,-285
359,-321
290,-382
130,-449
-117,-453
-260,-405
-212,-409
-22,-468
120,-459
113,-465
-65,-470
-136,-453
-17,-476
-76,-475
-164,-452
-289,-368
-365,-306
-388,-280
-438,-203
-446,-175
-416,-231
-368,-298
-410,-238
-377,-291
-280,-375
-137,-457
-53,-480
-29,-483
-105,-465
-259,-396
-231,-399
-104,-465
-87,-473
-247,-371
-443,-72
-476,58
-476,-52
-467,-124
-460,6
-368,263
-131,432
-201,388
-413,185
-461,-43
-429,-203
-458,-100
-474,74
-393,235
-326,316
-442,149
-476,82
-441,160
-300,355
-281,350
-433,147
-463,109
-456,129
-449,74
-431,-169
-386,-287
-384,-296
-427,-222
-452,-167
-357,-282
-114,-432
162,-403
370,-88
208,312
-116,438
-258,403
-188,436
-17,478
-33,468
-258,336
-448,103
-480,72
-472,-23
-441,-163
-337,-320
-292,-378
-268,-391
-235,-420
-326,-353
-305,-359
-266,-390
-298,-368
-159,-443
-31,-477
-77,-471
-128,-461
-3,-471
78,-471
-43,-475
-75,-453
63,-455
-174,-390
-394,-267
-388,-281
-358,-299
-449,-87
-474,63
-400,236
-355,272
-443,-5
-471,-61
-448,-89
-355,-301
-327,-355
-202,-369
178,-388
297,-383
291,-386
131,-439
-19,-479
67,-469
248,-369
398,-252
354,-324
262,-396
290,-371
211,-426
133,-460
77,-471
140,-462
153,-454
298,-326
447,-63
460,-7
410,-226
392,-274
374,-275
88,-393
-161,-445
-272,-367
-440,-101
-453,-48
-436,-181
-436,-163
-364,-291
-232,-401
-85,-468
24,-473
63,-475
192,-405
378,-278
415,-226
464,-66
457,99
332,307
246,411
74,437
-234,381
-355,320
-316,362
-328,349
-294,376
-252,406
-263,397
-279,390
-218,432
-175,447
-261,385
-265,397
-172,447
-29,477
-45,470
-237,395
-364,312
-279,369
54,426
348,313
375,295
300,376
264,405
223,425
187,444
111,464
147,452
270,401
290,386
329,346
433,185
465,-35
333,-300
219,-422
122,-456
122,-456
243,-412
290,-387
308,-367
400,-248
467,-98
477,-46
480,12
481,-34
474,-95
430,-204
417,-216
456,-141
357,-294
128,-445
-98,-462
-35,-461
141,-454
66,-472
9,-478
101,-468
2,-461
-199,-426
-64,-450
-28,-455
-223,-417
-284,-384
-387,-263
-402,-258
-450,-123
-469,88
-436,196
-451,152
-463,99
-462,-74
-382,-255
-221,-413
-203,-430
-183,-413
102,-436
233,-420
290,-378
316,-328
22,-406
-356,-240
-468,-21
-386,231
-364,284
-187,372
-133,425
-253,405
-165,442
-184,420
-378,174
-450,-111
-465,-121
-472,-82
-470,-30
-379,-211
-219,-404
-277,-375
-143,-396
112,-452
176,-444
188,-437
131,-458
236,-411
342,-335
411,-243
431,-223
436,-212
430,-222
389,-284
305,-349
332,-269
424,-159
354,-317
358,-316
433,-157
479,-44
478,27
482,54
480,-18
475,-30
472,83
478,72
476,0
414,-206
371,-302
280,-381
69,-461
-203,-400
-352,-303
-303,-373
-317,-365
-404,-245
-471,-47
-474,61
-463,0
-466,-74
-472,74
-444,168
-464,74
-461,120
-340,307
-207,429
-286,343
-439,154
-426,193
-403,212
-427,-83
-323,-333
-309,-364
-398,-265
-418,-232
-346,-300
-142,-439
36,-469
162,-451
193,-433
162,-444
-14,-471
-175,-446
-130,-439
123,-442
178,-447
115,-470
32,-482
-126,-441
-284,-367
-191,-428
-243,-410
-323,-359
-276,-386
-211,-434
-193,-442
-227,-409
-407,-182
-470,47
-479,59
-480,10
-480,3
-475,11
-451,-137
-415,-240
-432,-61
-389,230
-431,89
-432,-173
-366,-305
-299,-379
-338,-346
-404,-255
-460,-127
-460,57
-452,50
-421,-192
-392,-278
-343,-336
-379,-239
-421,121
-405,257
-400,269
-388,281
-439,150
-474,15
-456,2
-332,287
-109,456
-30,448
-292,315
-420,228
-441,162
-406,222
-372,288
-340,304
-394,47
-345,-292
-375,-267
-409,-169
-232,-379
-219,-430
-326,-342
-214,-342
200,-332
418,-5
403,236
337,337
264,391
223,411
136,449
163,447
217,421
165,445
36,466
-74,474
-63,478
44,463
163,453
147,460
63,473
94,460
305,346
453,137
462,107
410,245
404,261
356,319
388,285
418,236
329,336
333,340
415,224
449,-38
316,-329
126,-454
-5,-480
-20,-482
-133,-456
-288,-382
-345,-340
-365,-306
-448,-140
-481,-20
-468,-52
-322,-265
-104,-451
-146,-457
-49,-449
139,-449
-47,-441
-290,-352
-78,-392
281,-328
437,-175
387,-271
356,-323
385,-286
384,-280
388,-270
435,-208
404,-262
370,-310
256,-398
81,-458
171,-429
179,-437
126,-463
153,-458
213,-432
262,-407
232,-426
142,-464
81,-477
62,-474
-104,-436
-378,-257
-472,-68
-479,51
-423,184
-236,395
14,465
253,396
389,282
398,273
423,227
456,151
385,270
297,378
164,431
-82,452
-209,431
-150,454
-62,476
44,472
254,392
407,223
465,-37
451,-169
438,-199
465,-108
455,71
423,229
387,279
313,358
254,396
301,369
308,365
340,328
340,331
433,149
445,-137
314,-333
146,-456
116,-472
176,-437
348,-288
424,4
390,257
319,324
-9,405
-278,372
-390,160
-466,-44
-440,137
-328,345
-161,444
-15,478
2,473
122,463
143,444
45,467
136,459
216,422
133,438
-50,471
-167,448
-159,454
-71,472
-91,450
-308,337
-419,213
-465,56
-465,-101
-451,-161
-425,74
-299,353
-287,384
-98,437
149,446
48,459
-208,391
-387,271
-310,351
-102,449
-214,326
-403,219
-338,331
-365,308
-334,347
-329,337
-400,267
-400,271
-409,249
-416,134
-371,-192
-130,-429
-29,-475
-199,-424
-365,-273
-464,-66
-471,11
-366,256
-264,392
-320,359
-344,320
-422,213
-338,315
-174,434
-56,460
-206,414
-103,446
26,469
117,458
249,409
180,425
129,435
327,322
220,379
-133,397
-378,267
-449,134
-450,-78
-407,-248
-400,-263
-414,-221
-294,-343
-147,-448
27,-412
361,-214
456,53
455,152
419,228
444,172
457,97
292,302
56,457
-31,475
72,467
-51,456
-119,442
139,427
105,447
-71,471
-126,465
-68,472
77,473
90,470
215,418
325,345
375,290
303,350
406,217
475,88
477,74
483,-16
476,31
466,126
459,126
347,286
254,398
42,434
-159,446
-23,467
213,408
408,115
388,-241
302,-376
225,-427
159,-457
159,-453
271,-381
411,-163
467,50
478,33
425,159
374,284
432,194
465,113
482,-24
471,-102
475,-18
426,-122
319,-351
307,-363
410,-165
464,71
413,225
391,237
422,-95
277,-372
103,-469
60,-474
154,-454
38,-460
-77,-462
-171,-430
-235,-413
-1,-400
360,-231
459,-143
475,-65
478,7
470,-47
437,-17
267,297
-118,391
-328,346
-369,289
-455,106
-480,34
-470,64
-462,-69
-350,-267
-54,-427
160,-445
195,-428
-39,-443
-196,-421
-53,-457
-218,-380
-441,-138
-485,13
-476,71
-445,173
-463,78
-460,-92
-367,-278
-238,-399
-19,-459
59,-481
54,-483
-10,-482
-181,-423
-329,-342
-332,-352
-373,-308
-401,-268
-300,-348
-82,-454
19,-483
-4,-483
-179,-416
-382,-268
-446,-106
-467,101
-458,159
-422,217
-303,364
-298,373
-158,403
245,345
311,301
-6,431
-29,459
225,409
384,254
456,135
449,181
455,92
401,88
150,388
-51,465
-124,458
40,468
262,357
320,314
189,436
232,416
172,414
-121,420
-360,291
-434,78
-425,-185
-435,-60
-395,241
-398,229
-435,181
-350,324
-333,330
-373,31
-375,-248
-436,-176
-427,-34
-365,284
-273,400
-227,424
-54,462
59,478
-34,477
-117,465
-189,441
-197,414
-369,166
-470,-45
-449,115
-402,268
-415,248
-355,299
-111,441
110,455
138,450
290,373
310,355
326,304
447,-17
379,-273
149,-421
-42,-451
132,-439
309,-354
398,-267
326,-339
276,-364
423,-152
456,-125
402,-265
374,-297
432,-137
476,-35
471,-48
475,29
475,-31
433,-180
448,-119
463,-92
437,-195
458,-60
474,67
468,-65
460,-131
458,-97
406,-205
430,18
372,277
378,286
437,195
453,139
364,279
236,408
324,337
390,270
298,365
263,393
350,321
386,283
368,272
218,412
307,316
458,34
470,51
459,129
360,278
228,412
34,458
-72,478
-9,479
179,425
222,402
292,332
394,263
357,316
361,301
459,123
480,32
460,-108
432,-194
401,53
217,380
50,469
-106,456
-217,426
-166,455
-94,469
87,465
209,424
336,331
286,372
213,432
171,442
164,452
217,429
352,311
435,212
430,209
359,302
262,399
235,417
93,456
-75,467
-238,399
-336,336
-293,382
-208,431
-219,424
-204,427
-294,360
-335,345
-202,416
-23,472
153,412
418,192
474,78
421,198
377,304
380,299
436,168
481,12
477,20
461,117
472,52
391,-207
156,-434
71,-474
95,-470
-37,-476
-132,-462
-220,-427
-268,-404
-321,-361
-397,-273
-438,-203
-462,-134
-465,54
-369,276
-390,260
-457,117
-472,51
-422,214
-318,344
-13,427
108,444
-129,440
-310,355
-419,207
-465,131
-451,181
-431,220
-402,265
-401,231
-413,-51
-438,-127
-369,205
-143,436
-110,458
14,457
274,382
359,313
235,384
113,463
-4,454
-268,348
-442,125
-478,57
-480,0
-452,-127
-394,-269
-318,-356
-262,-402
-247,-410
-140,-433
-129,-435
-210,-412
13,-451
174,-443
298,-353
387,-286
330,-352
204,-426
85,-453
294,-304
459,-66
475,21
456,-131
375,-292
268,-392
91,-449
-94,-468
-287,-348
-455,-94
-468,79
-421,219
-432,111
-448,-139
-430,-214
-265,-334
14,-456
-5,-479
45,-466
133,-454
24,-479
-34,-481
-107,-465
-296,-357
-429,-155
-426,152
-427,184
-447,164
-441,193
-428,212
-281,367
-65,453
241,381
352,325
322,353
307,365
228,401
76,469
145,448
131,446
58,478
74,467
50,451
130,438
-60,461
-15,462
218,418
333,350
337,339
425,168
481,-25
475,-12
441,152
378,291
358,320
415,247
433,215
430,218
363,300
315,359
404,234
366,255
144,434
10,481
-64,480
-63,481
-29,482
85,458
334,315
421,221
346,319
390,273
437,203
421,20
211,-360
1,-478
-119,-469
-150,-455
-111,-459
-291,-363
-374,-299
-316,-353
-410,-203
-443,-109
-386,-242
-432,-190
-458,-113
-475,-47
-430,-180
-315,-333
-253,-405
-179,-439
-52,-473
91,-461
266,-382
402,-250
426,-227
353,-322
300,-375
325,-335
193,-422
63,-470
155,-428
351,-297
455,-105
479,-36
479,-57
465,42
439,188
457,119
481,22
485,-16
442,-153
383,-246
449,-14
465,117
455,127
367,280
398,257
443,191
389,269
390,283
417,240
368,301
283,381
260,404
301,374
161,415
-19,469
134,451
261,407
306,357
358,279
187,414
162,456
154,454
184,435
334,341
380,294
356,320
417,236
441,190
411,233
449,36
370,-263
103,-436
-153,-450
-229,-427
-229,-421
-132,-461
-140,-461
-222,-424
-230,-424
-287,-372
-428,-194
-415,-208
-267,-378
-274,-357
-426,-28
-397,260
-342,340
-333,345
-168,410
210,372
430,95
451,51
401,232
427,201
386,281
389,280
451,89
475,-34
467,-103
475,-65
481,13
449,117
346,304
310,349
145,433
21,482
-15,481
-41,481
-111,450
-253,401
-200,435
-96,471
-87,474
-182,431
-296,380
-224,422
-132,463
2,459
290,349
445,150
480,2
483,28
484,0
479,-74
482,-24
472,82
440,183
340,316
202,429
112,468
107,470
226,423
357,314
435,214
464,119
468,61
446,173
456,172
467,112
480,4
464,-88
321,-308
205,-423
165,-447
124,-446
263,-388
124,-439
-193,-401
-418,-193
-440,33
-369,286
-370,250
-464,34
-463,68
-316,309
-219,425
-333,306
-439,25
-395,-231
-236,-402
-160,-455
-160,-448
-135,-455
-215,-418
-49,-457
27,-477
-122,-460
-87,-452
119,-452
140,-456
-27,-449
-136,-445
30,-470
-23,-474
-145,-452
-291,-371
-401,-191
-465,69
-465,113
-475,23
-442,-145
-381,-282
-423,-206
-426,-202
-220,-358
64,-450
241,-342
420,-3
448,155
479,47
457,107
454,127
464,86
473,-4
455,-152
461,-112
472,-49
440,-145
422,-231
445,-169
452,-114
304,-318
278,-364
294,-369
163,-453
157,-443
332,-243
467,-17
482,-31
450,-109
354,-287
417,-206
456,-141
448,55
449,165
474,44
468,-107
387,-257
112,-415
-167,-430
-248,-400
-363,-316
-391,-282
-423,-195
-463,58
-453,170
-461,147
-460,149
-442,54
-278,-282
-81,-463
-168,-435
-361,-306
-406,-233
-293,-359
-234,-420
-267,-387
-400,-241
-344,-308
-253,-405
-334,-337
-340,-324
-264,-397
-369,-260
-473,-60
-448,116
-387,238
-444,16
-458,-91
-414,-229
-409,-262
-384,-282
-319,-360
-302,-377
-247,-413
-122,-450
17,-475
107,-462
152,-458
73,-466
-124,-461
-178,-449
-246,-411
-294,-384
-362,-309
-395,-264
-416,-221
-433,-188
-412,-243
-424,-229
-394,-279
-399,-275
-420,-241
-427,-229
-449,-181
-443,-182
-321,-316
-155,-451
-161,-454
-272,-398
-316,-361
-407,-152
-346,247
-46,438
241,408
332,350
240,395
191,435
364,247
448,-37
287,-335
243,-381
419,-156
476,25
481,45
477,-58
478,-64
477,-66
461,-101
412,-195
439,-161
459,-66
432,155
426,224
451,160
464,125
476,4
465,-3
379,233
249,396
133,450
181,433
228,379
424,90
466,-125
468,-110
477,12
477,41
474,-2
480,37
478,-4
471,0
373,205
166,422
232,407
312,365
393,253
471,42
473,33
461,134
447,164
439,185
389,243
188,406
144,458
201,437
52,456
-116,464
-71,455
235,378
397,263
454,143
386,236
318,339
425,219
469,81
458,-122
373,-296
303,-351
406,-83
460,128
432,-30
342,-296
418,-153
450,-87
267,-346
-72,-436
-352,-301
-341,-290
-96,-435
-127,-454
-65,-406
325,-235
445,16
376,270
364,290
460,63
481,4
476,39
442,125
391,273
251,377
40,463
-116,462
-134,467
-108,472
-40,479
42,476
170,438
146,449
140,452
-94,393
-349,298
-194,410
48,462
284,362
418,66
426,-178
458,-16
476,61
425,-136
326,-336
307,-353
222,-424
276,-380
349,-329
379,-276
455,-133
468,-113
469,-47
420,147
333,331
146,427
-16,478
-58,474
-82,473
-117,432
-369,215
-472,6
-476,44
-467,-26
-467,-105
-416,-216
-334,-337
-284,-390
-217,-424
-23,-449
128,-450
-13,-474
-118,-466
-134,-461
-64,-473
39,-475
-71,-456
-153,-447
-10,-474
172,-416
336,-331
256,-402
260,-399
350,-326
343,-335
218,-428
126,-465
-91,-436
-260,-396
-132,-446
-49,-476
-151,-449
-322,-346
-351,-332
-353,-324
-284,-376
-254,-410
-176,-443
-106,-471
-35,-467
36,-471
-114,-462
-292,-350
-438,-197
-420,-230
-417,-236
-442,7
-397,258
-351,322
-369,285
-410,245
-291,370
-161,449
8,464
193,431
373,273
316,266
26,446
-51,478
-115,469
-93,474
-62,475
-8,475
94,465
258,373
356,291
82,403
-159,443
-260,398
-284,391
-266,398
-374,278
-459,83
-443,-120
-261,-350
-77,-458
111,-456
188,-440
8,-464
-212,-420
-234,-418
-267,-400
-358,-306
-420,-229
-377,-282
-441,-133
-470,-79
-472,-51
-464,80
-453,-55
-475,-44
-480,73
-480,53
-481,1
-444,-133
-364,-291
-343,-318
-222,-417
-151,-456
-65,-472
-56,-479
-95,-470
-190,-444
-312,-340
-430,-207
-440,-192
-420,-223
-441,-104
-472,75
-475,99
-463,140
-456,126
-478,45
-434,-114
-331,-322
-116,-428
72,-471
157,-438
285,-383
317,-365
209,-418
138,-453
252,-402
333,-325
340,-324
225,-426
76,-457
-107,-461
-132,-457
-281,-378
-383,-284
-396,-268
-457,-133
-428,-168
-241,-371
-130,-458
-271,-388
-360,-321
-384,-287
-342,-334
-295,-377
-327,-353
-415,-203
-459,-106
-422,-205
-454,-110
-412,-176
-250,-388
-191,-436
-10,-451
187,-438
143,-445
124,-438
254,-400
362,-276
464,-80
475,-44
378,-246
303,-358
391,-274
372,-300
364,-210
356,192
279,390
250,403
124,455
198,432
242,394
65,459
71,474
189,437
123,458
124,467
159,460
192,447
232,426
319,363
367,314
431,144
446,-129
453,-50
467,105
467,123
462,139
457,22
455,-70
470,69
482,29
447,84
275,327
285,340
443,49
343,-273
167,-447
233,-388
311,-345
173,-445
68,-475
-103,-464
-84,-467
-13,-482
40,-482
63,-480
-38,-467
-238,-413
-326,-354
-382,-275
-455,-47
-407,218
-413,184
-469,98
-444,189
-418,246
-451,149
-478,51
-466,117
-461,145
-427,221
-430,169
-470,34
-471,83
-472,8
-475,-12
-478,39
-476,42
-369,248
-286,379
-383,259
-444,11
-393,-246
-350,-328
-284,-379
-208,-421
-155,-446
-295,-371
-370,-301
-404,-261
-445,-144
-463,90
-430,215
-356,323
-362,297
-443,77
-474,-1
-473,36
-459,-8
-411,-223
-310,-339
-224,-402
-367,-297
-369,-305
-340,-343
-303,-355
-47,-418
295,-330
412,-246
373,-303
355,-300
448,-127
463,-116
425,-225
311,-347
119,-460
-40,-479
-109,-472
-185,-429
-389,-226
-448,-159
-388,-275
-291,-375
-317,-359
-353,-328
-355,-328
-379,-300
-429,-217
-453,-36
-469,82
-467,126
-431,213
-417,235
-435,195
-412,247
-404,259
-200,383
207,374
343,319
144,425
-47,475
-110,472
-67,480
48,479
123,468
77,470
-102,441
-322,322
-384,276
-396,263
-150,377
278,331
451,164
453,154
451,159
477,48
364,173
-20,396
-264,389
-328,347
-369,228
-453,110
-426,206
-318,346
-317,346
-425,207
-466,121
-478,20
-471,35
-371,260
-362,260
-443,144
-435,103
-456,-78
-457,86
-412,245
-391,275
-438,195
-440,167
-459,-15
-430,-156
-431,-128
-446,143
-448,175
-460,70
-410,-175
-306,-357
-247,-404
-316,-325
-66,-383
288,-335
401,-266
386,-292
348,-334
320,-360
137,-431
-79,-470
43,-444
332,-252
469,-37
441,123
398,264
433,182
470,-19
418,-221
359,-324
272,-400
157,-452
18,-482
-28,-483
-64,-475
-193,-392
-430,-162
-445,-115
-391,-235
-441,10
-436,202
-330,291
-93,455
-42,479
74,472
-40,420
-352,271
-431,180
-426,-68
-403,-257
-399,-268
-427,-216
-439,-194
-455,-141
-331,-289
-18,-424
225,-415
282,-369
416,-209
415,-234
342,-303
425,-62
470,54
472,84
459,-62
439,-119
457,97
457,157
437,207
428,224
425,230
438,206
436,210
455,119
469,-65
441,32
329,312
272,398
339,321
457,108
471,-87
450,-178
327,-323
218,-389
400,-148
482,-19
483,-24
447,-152
413,-211
456,-132
418,-230
263,-377
20,-471
-135,-465
-207,-433
-279,-388
-374,-266
-472,-47
-458,124
-413,226
-449,106
-450,-102
-423,-228
-396,-261
-284,-377
-140,-453
-10,-474
170,-423
361,-278
460,-47
476,-9
453,75
452,161
468,121
478,8
449,-165
430,-217
426,-224
364,-316
384,-284
388,-273
267,-384
87,-465
-107,-464
-222,-413
-360,-311
-374,-302
-383,-290
-357,-325
-366,-298
-417,-201
-320,-336
-286,-390
-311,-367
-337,-342
-293,-381
-212,-424
-135,-462
-218,-423
-382,-275
-450,-173
-446,-185
-430,-206
-295,-350
-170,-441
-318,-288
-464,-13
-473,-13
-478,-12
-476,-44
-478,-34
-468,-80
-450,63
-387,274
-419,179
-357,-162
-212,-420
-256,-403
-373,-307
-407,-263
-419,-239
-419,-232
-378,-297
-355,-324
-386,-252
-444,-147
-449,-80
-435,176
-354,295
-112,445
-36,481
-71,479
-56,482
13,478
-15,467
-169,440
-83,464
100,461
222,393
6,435
32,465
230,413
388,212
431,-127
335,-331
371,-210
453,66
471,32
406,146
251,387
215,425
290,377
332,337
246,403
192,442
170,452
166,449
78,440
-180,414
-368,261
-454,39
-383,-231
-258,-393
-220,-421
-280,-379
-416,-197
-447,-145
-383,-283
-316,-345
-139,-442
-139,-462
-238,-417
-215,-408
62,-434
183,-442
121,-456
46,-469
133,-461
149,-461
200,-440
241,-418
293,-384
328,-352
271,-381
96,-458
211,-401
330,-350
283,-390
194,-444
104,-464
-139,-434
-384,-239
-471,26
-460,152
-454,169
-468,113
-459,125
-409,247
-413,250
-346,324
-233,405
-331,319
-424,187
-267,341
-92,474
-22,486
20,482
-103,443
-251,408
-135,454
-66,440
-329,193
-418,-159
-375,-293
-431,-165
-481,-14
-480,-55
-478,-77
-478,-26
-469,77
-403,239
-266,376
-287,357
-428,166
-443,-92
-421,-213
-458,3
-426,219
-399,273
-344,339
-288,391
-262,405
-303,374
-305,357
-415,183
-468,112
-460,-20
-424,-206
-406,-240
-453,-55
-460,105
-369,293
-342,339
-414,233
-430,203
-307,357
-257,393
-381,276
-367,307
-267,391
-36,456
223,413
393,250
476,61
468,67
458,127
469,59
462,132
468,95
465,-71
458,-95
309,-293
136,-456
180,-443
257,-404
203,-423
295,-344
411,-247
376,-303
382,-278
455,-109
419,94
261,370
196,442
233,418
93,434
-183,422
-207,421
21,465
202,434
292,384
310,362
360,249
459,-60
455,-164
460,-134
464,-127
427,-218
442,-179
469,-106
478,-48
472,34
369,232
153,430
92,469
16,476
184,390
431,117
469,45
445,169
464,131
427,185
190,351
-206,377
-371,306
-361,320
-400,230
-469,54
-480,-14
-458,123
-440,192
-447,132
-434,-86
-286,-347
-171,-436
45,-460
214,-414
349,-322
319,-359
252,-403
353,-308
401,-270
407,-192
453,-12
403,-202
206,-416
98,-470
-21,-472
-204,-402
-376,-294
-392,-275
-451,-89
-447,-88
-405,-249
-440,-190
-476,-15
-468,-10
-442,-164
-367,-274
-367,-286
-461,-92
-455,128
-446,104
-435,-149
-419,-244
-433,-211
-473,-45
-482,36
-477,14
-473,-68
-475,-36
-468,-106
-461,-142
-459,-134
-449,80
-372,297
-381,297
-411,245
-455,71
-430,-151
-293,-360
-303,-357
-441,-153
-478,-53
-434,-150
-330,-330
-256,-404
-328,-348
-397,-278
-375,-301
-302,-364
-138,-433
108,-440
158,-454
225,-418
284,-391
217,-430
187,-445
74,-463
-147,-445
-194,-437
-226,-422
-170,-446
-269,-394
-365,-316
-438,-180
-458,-96
-370,-276
-335,-342
-291,-375
-310,-362
-278,-386
-151,-434
65,-464
205,-415
386,-228
464,-100
292,-286
92,-448
247,-392
304,-352
93,-447
-25,-477
-231,-395
-404,-253
-406,-242
-431,-122
-465,102
-477,56
-463,78
-349,302
-221,427
-241,413
-361,261
-439,-47
-420,-229
-437,-212
-434,-205
-407,-256
-401,-260
-346,-324
-417,-202
-464,56
-463,129
-446,170
-437,191
-463,122
-414,236
-275,350
-19,462
-13,478
121,449
279,389
391,247
468,115
471,80
472,-83
474,-81
457,49
413,217
445,29
431,-200
456,-121
467,60
456,153
477,66
484,35
480,13
381,170
74,413
-240,365
-392,274
-361,319
-345,336
-365,306
-437,168
-458,148
-406,260
-407,200
-460,-44
-471,-72
-411,166
-258,392
-17,461
240,397
355,311
450,90
458,-125
430,-210
424,-196
328,-320
374,-264
343,-306
420,-175
456,-14
387,241
251,384
41,464
8,483
25,473
-135,435
-335,305
-435,198
-411,253
-373,304
-378,264
-442,142
-404,245
-427,157
-442,-112
-445,-163
-423,-195
-360,-314
-430,-170
-460,96
-405,245
-241,394
-98,468
94,464
198,432
47,462
-79,474
-26,477
156,453
306,354
442,164
479,45
468,-88
366,-284
183,-434
-5,-477
-179,-417
-391,-227
-454,42
-465,25
-466,-106
-465,-118
-430,-206
-357,-315
-399,-176
-367,219
-251,388
-342,324
-269,372
-29,467
18,485
70,474
250,395
378,302
424,237
429,219
380,289
383,284
276,345
61,454
200,420
370,301
320,336
255,400
333,350
354,334
386,297
374,307
339,313
82,415
-216,400
-297,376
-368,300
-372,307
-290,375
-24,448
206,433
313,359
368,307
322,353
186,424
129,458
306,352
381,298
363,314
201,397
140,435
336,337
418,238
467,80
468,-51
418,-217
430,-185
383,-250
319,-326
350,31
154,404
0,481
-80,469
-102,466
-150,427
-366,274
-404,268
-413,223
-409,212
-346,304
-405,241
-255,371
-70,473
133,436
296,360
249,380
410,157
467,43
403,230
329,348
321,356
349,320
392,257
453,164
408,240
280,372
230,414
347,324
221,377
5,468
-44,470
-220,364
-411,232
-405,264
-410,244
-454,77
-471,-60
-407,-196
-311,-363
-254,-404
-105,-456
-35,-483
-23,-480
-218,-397
-370,-300
-306,-365
-282,-388
-356,-278
-462,-58
-481,-16
-478,-42
-468,-101
-432,-183
-197,-349
79,-458
34,-475
41,-474
61,-466
206,-427
284,-386
382,-273
365,-292
267,-371
388,-106
452,127
472,85
480,32
467,96
446,178
452,135
455,-94
441,-166
440,51
226,312
-37,462
10,473
237,387
364,307
345,316
428,203
448,164
470,89
459,134
385,259
354,328
416,245
412,245
375,300
415,119
374,-235
392,-271
390,-281
382,-295
424,-212
444,-183
390,-284
355,-323
423,-204
467,-124
465,-125
471,-95
473,-7
464,88
382,256
288,371
219,416
370,183
388,-217
306,-372
292,-386
248,-409
179,-445
121,-467
112,-456
269,-388
340,-267
355,133
136,426
100,463
263,401
223,375
-153,383
-343,338
-319,361
-185,435
-20,463
-113,411
-345,315
-432,161
-391,210
-215,419
-49,472
11,480
-17,484
108,456
278,377
86,404
-45,459
77,472
34,471
-95,467
27,447
344,214
468,-67
462,-138
383,-255
362,-266
445,0
359,269
165,434
140,452
332,311
325,321
201,435
220,418
384,253
338,292
228,415
341,327
412,248
460,57
454,-130
455,-5
473,78
472,-26
427,-203
416,-102
464,48
447,-147
411,-238
462,-82
481,-14
438,117
398,253
402,242
358,307
254,390
306,363
385,292
439,195
446,163
463,48
444,135
456,81
441,-139
283,-360
176,-440
272,-366
162,-426
132,-455
234,-408
359,-292
424,-222
436,-210
399,-270
382,-281
289,-381
296,-367
412,-203
474,-89
463,18
414,215
418,235
454,49
401,-232
398,-239
437,-196
440,-182
474,-55
483,-24
482,-35
474,27
450,161
378,284
276,388
170,446
137,457
248,414
301,380
294,383
264,402
215,429
291,376
326,353
338,348
383,290
414,233
413,234
470,110
484,45
477,-24
422,-205
369,-302
339,-311
54,-438
-233,-403
-371,-309
-414,-229
-466,5
-472,103
-457,143
-367,294
-216,422
-270,341
-443,93
-456,-88
-432,-212
-392,-270
-279,-380
-274,-386
-292,-367
-154,-448
-88,-477
-30,-451
241,-371
370,-299
379,-295
279,-383
317,-337
293,-373
217,-427
87,-472
-80,-468
-93,-438
115,-444
61,-471
-117,-458
-312,-347
-445,-142
-477,30
-445,-57
-316,-324
-275,-392
-311,-364
-175,-420
95,-442
280,-380
215,-420
247,-380
379,-284
282,-375
54,-461
97,-436
348,-285
461,-76
465,94
422,222
365,307
367,310
379,297
435,201
457,158
446,185
405,242
305,357
367,293
447,143
474,13
422,172
364,312
370,303
416,241
448,147
453,-97
313,-297
-25,-445
-1,-428
316,-318
386,-287
231,-397
170,-438
244,-409
20,-440
-288,-364
-320,-337
-199,-431
-153,-452
-258,-385
-411,-242
-439,-173
-365,-295
-341,-322
-197,-397
-112,-464
-11,-460
166,-439
330,-291
451,-152
389,-269
273,-388
138,-453
145,-456
156,-452
130,-462
215,-405
231,-400
23,-476
-42,-483
-8,-483
-36,-483
-164,-445
-162,-435
-35,-474
-193,-414
-378,-282
-272,-356
-145,-457
-156,-461
-130,-465
-141,-459
-192,-440
-194,-441
-152,-449
44,-453
244,-404
344,-321
270,-350
-91,-429
-360,-294
-448,-173
-469,-64
-447,150
-390,280
-429,169
-446,152
-440,183
-421,-16
-311,-323
-321,-354
-417,-231
-459,-125
-474,20
-368,250
-101,444
59,480
66,466
-166,408
-287,372
-257,393
-379,275
-443,100
-438,-154
-413,-247
-366,-310
-300,-368
-160,-445
-77,-471
43,-472
-56,-456
-95,-458
-62,-478
-89,-470
23,-458
143,-444
-57,-458
-213,-431
-184,-432
-8,-458
266,-336
429,-218
441,-207
429,-222
300,-355
228,-404
382,-184
466,57
480,39
472,50
363,241
328,332
442,100
473,-5
462,115
472,86
482,2
449,-154
391,-277
278,-376
216,-429
258,-406
309,-354
225,-397
172,-443
132,-460
-58,-468
-265,-394
-335,-338
-156,-421
-45,-476
-62,-470
120,-442
271,-383
165,-442
18,-477
-149,-438
-341,-327
-431,-203
-445,-177
-417,-233
-382,-266
-453,-77
-456,-84
-400,-244
-291,-352
-164,-450
-46,-468
122,-460
142,-460
-3,-475
73,-419
379,-216
472,-54
450,113
442,193
451,177
467,115
433,176
385,284
438,121
409,-195
311,-353
233,-415
248,-412
213,-436
166,-456
179,-445
22,-430
-335,-293
-455,-105
-454,89
-404,-106
-395,-189
-423,134
-233,390
-56,479
19,485
96,475
123,468
212,426
374,287
429,203
356,309
308,365
117,416
-99,451
96,427
147,444
117,468
248,396
426,171
484,17
481,-49
479,-76
475,-105
461,-152
461,-127
454,-110
280,-339
41,-473
-57,-472
-194,-430
-186,-444
-214,-423
-383,-263
-456,-148
-433,-209
-412,-250
-365,-311
-347,-336
-250,-365
23,-436
-134,-413
-296,-343
-87,-441
-6,-485
-44,-477
-236,-373
-410,-248
-436,-195
-461,-109
-416,-221
-400,-208
-410,120
-365,303
-315,365
-264,402
-328,307
-345,287
-124,448
-82,474
-160,451
-266,391
-390,258
-458,108
-467,106
-456,138
-463,-39
-419,-198
-354,-320
-403,-267
-419,-242
-343,-300
-178,-433
-169,-453
-279,-373
-362,-297
-125,-390
271,-303
438,-172
411,-238
438,-198
406,-256
424,-195
469,6
445,167
435,199
455,138
455,89
367,254
213,419
236,419
371,296
435,114
371,-233
330,-344
364,-313
278,-386
162,-450
181,-433
263,-387
170,-445
67,-476
152,-421
384,-212
415,-222
345,-338
296,-370
94,-454
-11,-469
153,-433
113,-459
-37,-481
59,-419
370,-151
475,-8
465,-108
407,-251
377,-303
325,-352
154,-444
-100,-454
-316,-350
-310,-327
-75,-450
124,-441
260,-403
261,-408
217,-427
2,-465
-218,-418
-168,-429
-91,-473
-42,-469
178,-418
323,-354
253,-397
42,-462
-196,-423
-269,-386
-352,-285
-169,-399
-87,-472
-54,-457
106,-454
58,-475
88,-469
110,-412
372,-125
418,184
326,345
271,394
378,267
451,146
336,294
333,305
362,250
149,428
101,465
308,289
471,75
474,92
470,118
472,79
449,143
305,290
28,454
-87,470
-156,442
-328,325
-404,256
-348,330
-404,210
-468,-20
-473,-82
-412,-193
-369,-301
-313,-354
-342,-290
-454,-112
-470,-62
-462,-95
-421,108
-347,329
-257,397
-182,436
-250,408
-104,454
-84,437
-337,213
-358,-197
-291,-376
-263,-387
-169,-446
-96,-458
41,-472
196,-418
376,-267
441,-188
440,-193
390,-283
405,-233
453,-9
475,28
443,104
380,285
417,222
475,46
431,112
348,316
376,304
318,347
167,440
37,479
36,485
59,483
70,475
-47,470
-8,466
283,312
460,1
459,-150
470,-91
452,-145
407,-261
391,-285
411,-246
412,-243
342,-333
313,-359
380,-270
442,-166
398,-266
333,-347
126,-423
-188,-425
-364,-303
-405,-249
-419,-63
-435,159
-445,-27
-377,-273
-352,-318
-391,-262
-210,-388
-52,-474
65,-455
259,-389
367,-308
419,-209
457,-132
471,-48
422,152
364,313
355,324
363,290
148,383
-40,472
77,472
145,444
-60,452
-160,456
-64,475
107,466
187,440
311,356
396,276
452,110
437,-158
361,-319
264,-399
172,-452
173,-452
63,-471
-13,-477
-38,-476
-163,-450
-248,-407
-210,-410
-347,-311
-382,-297
-414,-204
-419,127
-407,222
-443,171
-327,317
33,413
302,364
179,415
20,461
221,397
212,386
-182,289
-448,52
-391,213
-283,369
-359,307
-313,363
-270,399
-254,383
-373,229
-395,251
-424,162
-437,148
-295,365
-224,429
-211,434
-250,400
-379,273
-452,153
-463,101
-320,283
-268,368
-413,182
-458,-63
-388,-252
-382,-263
-443,-162
-443,-26
-410,228
-410,239
-409,161
-374,-189
-318,-352
-359,-231
-419,137
-428,126
-368,-186
-82,-425
-7,-482
23,-476
158,-446
265,-392
275,-384
284,-350
425,-198
437,-8
395,250
387,290
390,290
422,236
396,248
253,392
146,456
-9,432
-228,404
-171,452
-158,458
-209,433
-203,438
-217,429
-271,398
-232,421
-74,452
83,460
44,470
240,392
427,161
474,7
474,-28
383,-248
293,-368
326,-338
233,-420
224,-425
248,-398
34,-455
-20,-474
102,-468
41,-475
53,-473
123,-469
70,-475
129,-457
288,-360
428,-184
397,-225
333,-345
293,-383
302,-351
435,-145
478,-67
460,-126
330,-309
145,-455
-32,-469
-78,-469
-18,-482
-8,-482
97,-463
112,-456
-137,-435
-373,-258
-365,-257
-295,-368
-378,-296
-363,-311
-298,-375
-298,-381
-327,-351
-214,-397
64,-436
321,-316
434,-59
452,150
459,113
474,-64
476,-64
443,-145
299,-345
58,-462
-75,-473
-55,-474
123,-440
210,-429
96,-469
-40,-479
-87,-472
53,-462
157,-433
336,-290
453,-59
475,2
430,110
390,272
426,228
446,169
466,-47
447,-54
331,257
172,439
114,456
-113,438
-220,428
-117,461
-2,480
137,454
320,343
376,301
360,308
253,391
318,322
447,135
419,218
431,198
477,40
430,-152
329,-350
327,-354
394,-266
399,-238
149,-411
-39,-481
-98,-474
-179,-451
-85,-447
94,-457
-83,-446
-348,-225
-356,213
-286,365
-412,163
-454,144
-389,283
-334,349
-320,355
-248,413
-238,422
-288,356
-422,111
-477,54
-471,75
-422,199
-323,357
-199,417
126,427
360,312
404,244
210,381
-34,463
48,466
226,425
241,416
312,319
395,196
268,369
307,371
375,272
452,46
421,158
300,362
271,396
381,292
358,286
76,399
-288,329
-432,201
-464,132
-448,0
-392,-248
-371,-307
-373,-296
-443,-62
-441,94
-361,-198
-266,-390
-364,-278
-454,-130
-416,-215
-315,-340
-354,-316
-423,-196
-457,-137
-433,-207
-412,-241
-385,-279
-374,-279
-373,-262
-465,-106
-466,-92
-394,-229
-281,-381
-223,-430
-228,-421
-326,-331
-334,-340
-277,-385
-48,-427
122,-454
72,-476
83,-471
20,-480
-33,-465
-267,-381
-359,-325
-372,-298
-317,-334
-84,-430
211,-399
282,-385
255,-407
201,-434
168,-429
278,-375
189,-441
74,-470
-47,-465
114,-442
202,-435
62,-470
-158,-435
-372,-177
-396,194
-438,155
-478,45
-469,-28
-440,-5
-364,254
-432,106
-480,-29
-477,54
-453,-39
-399,-249
-429,-195
-460,46
-380,280
-306,374
-309,360
-96,437
71,477
46,477
-135,434
-318,352
-329,342
-291,376
-333,347
-327,356
-353,326
-361,305
-173,430
-15,472
132,446
7,466
-161,425
-380,176
-423,-140
-340,-332
-339,-345
-385,-292
-383,-280
-427,-179
-323,-300
-314,-332
-441,-186
-474,-70
-454,125
-411,253
-388,284
-282,380
-236,420
-305,356
-425,162
-479,23
-484,12
-484,-15
-484,-25
-484,18
-481,-17
-483,-4
-485,10
-477,5
-416,-168
-288,-370
-310,-335
-402,27
-197,389
45,475
102,472
117,466
261,386
383,289
410,175
450,-107
420,-166
331,165
30,433
-100,470
-17,482
65,474
206,428
189,440
130,461
38,451
-254,306
-406,-51
-385,-281
-379,-297
-350,-325
-356,-302
-449,-99
-435,-161
-308,-347
-267,-392
-281,-359
46,-394
212,-398
18,-472
-95,-464
-56,-464
-11,-480
-161,-436
-365,-295
-442,-190
-386,-244
-146,-416
38,-477
79,-477
-2,-481
-32,-482
88,-454
211,-427
63,-462
-181,-432
-323,-327
-97,-383
160,-445
263,-397
316,-355
187,-437
57,-478
-100,-470
-220,-429
-307,-366
-290,-352
-18,-440
106,-451
-190,-383
-430,-187
-463,-1
-357,282
-170,440
-91,458
-174,441
-133,461
-229,407
-247,401
-202,432
-207,432
-216,428
-173,445
-161,436
-266,384
-58,445
117,456
-114,405
-385,252
-447,179
-364,287
-167,436
-85,474
36,475
7,474
-145,443
-192,439
-221,402
-382,263
-353,285
-168,438
-126,459
12,465
-120,421
-209,421
-206,416
-338,328
-434,162
-471,-30
-391,-212
-76,-400
238,-397
290,-388
285,-391
329,-347
386,-283
368,-313
336,-336
106,-433
5,-435
285,-344
344,-339
231,-420
72,-470
-82,-470
-83,-472
79,-451
291,-370
390,-241
400,67
234,377
278,353
450,109
484,38
482,12
479,-57
469,-64
379,-262
351,-321
430,-187
463,-97
421,-28
285,316
200,438
122,464
20,465
-154,443
-295,350
-414,210
-407,-75
-170,-377
83,-459
223,-416
287,-387
325,-355
375,-303
387,-278
431,-171
440,-176
390,-258
399,-258
412,-239
441,-144
417,-192
285,-382
205,-438
193,-440
276,-386
280,-381
186,-441
262,-393
360,-314
397,-274
346,-333
306,-364
357,-306
287,-373
338,-333
244,-401
52,-472
-118,-460
-273,-378
-334,-345
-358,-324
-426,-190
-453,-55
-423,-199
-432,-213
-462,-18
-465,129
-457,4
-414,-222
-405,-259
-429,-30
-273,334
-110,464
-98,467
-20,473
-35,464
-146,458
-127,461
40,471
179,448
178,443
70,467
-96,461
-168,454
-187,445
-124,452
75,466
175,451
193,447
126,453
-119,438
-236,419
-106,463
54,481
74,475
135,454
271,400
356,299
450,11
423,-224
414,-249
409,-259
366,-301
209,-424
92,-473
-55,-461
-309,-335
-393,-255
-200,-391
-79,-471
-164,-454
-242,-393
-399,-233
-340,-312
-279,-395
-366,-299
-458,-67
-464,68
-437,-123
-445,-106
-419,188
-372,305
-312,364
-336,340
-369,304
-200,411
139,401
398,239
418,186
268,366
55,457
-61,478
87,456
333,319
462,97
465,-39
429,-199
394,-271
412,-242
429,-77
358,254
378,274
458,21
344,-267
247,-385
404,-203
473,-87
474,-48
477,47
462,-40
457,-44
458,-67
434,-191
458,-102
470,-84
462,-130
431,-202
461,-103
362,-222
166,-419
302,-336
397,-272
313,-336
40,-451
-176,-442
-258,-409
-324,-362
-391,-272
-446,-170
-413,-241
-422,-235
-451,-162
-466,-93
-460,-131
-471,-79
-414,141
-189,413
-160,424
-383,172
-481,22
-466,117
-427,187
-446,-21
-473,-38
-471,54
-395,-144
-306,-352
-313,-363
-331,-348
-355,-322
-420,-221
-449,-3
-456,140
-468,62
-413,201
-377,281
-443,140
-304,268
1,460
96,468
90,472
116,465
44,475
169,437
299,373
358,298
201,397
-20,460
36,462
46,467
-159,437
-258,404
-85,449
122,461
52,460
-209,391
-296,378
-277,390
-365,305
-352,332
-310,373
-324,355
-395,265
-389,264
-214,413
-147,458
-46,468
-79,457
-264,389
-340,343
-197,412
95,451
220,427
214,408
-50,419
-255,403
-357,296
-443,176
-473,96
-433,177
-360,303
-409,248
-437,205
-456,86
-449,-114
-433,29
-407,227
-461,109
-448,158
-402,243
-435,35
-311,-287
-46,-452
197,-401
405,-191
413,96
323,340
322,357
292,378
176,420
28,470
208,394
422,162
456,-108
444,-183
438,-200
443,-195
436,-208
439,-73
416,204
384,296
384,293
411,249
443,108
457,71
466,116
476,51
481,-34
477,-49
453,-150
379,-277
286,-390
324,-353
394,-275
439,-176
464,21
459,138
462,117
452,-92
295,-341
259,-394
142,-432
-124,-456
-159,-452
-196,-418
-393,-240
-393,-261
-409,-244
-467,-60
-476,14
-481,33
-462,138
-445,194
-415,243
-281,369
4,449
299,346
281,323
-64,424
-290,370
-317,359
-309,370
-339,347
-342,339
-404,241
-428,222
-396,277
-274,373
-174,430
-255,406
-240,417
-158,429
177,400
354,327
378,261
455,-1
476,-93
465,-138
457,-159
424,-224
433,-188
434,27
249,338
195,438
267,404
339,310
431,-18
339,-321
203,-426
-81,-426
-368,-283
-429,-205
-339,-325
-367,-295
-461,-130
-431,-173
-329,-328
-214,-425
-159,-449
-7,-469
52,-476
214,-369
417,-114
391,-211
363,-313
415,-225
469,-85
443,-143
314,-341
367,-258
467,-68
468,41
355,257
136,436
-41,476
-132,458
-46,443
219,392
8,401
-329,310
-336,318
-249,344
-370,-44
-399,-243
-459,-18
-459,119
-465,-32
-390,-212
-159,-417
-5,-474
76,-449
266,-386
322,-357
392,-198
435,111
381,281
267,376
-33,412
-357,257
-370,261
-298,318
-440,140
-474,73
-448,57
-325,-253
-252,-394
-399,-177
-462,81
-471,37
-466,-39
-410,-225
-388,-289
-381,-294
-308,-364
-294,-360
-367,-300
-358,-320
-403,-229
-444,-167
-414,-243
-360,-319
-316,-368
-312,-370
-324,-358
-270,-390
-170,-443
-86,-461
-97,-458
85,-437
349,-258
471,-91
463,-136
405,-260
398,-241
462,-89
417,-210
331,-350
276,-395
166,-450
15,-477
-101,-472
-181,-444
-341,-311
-457,-150
-476,-78
-439,-171
-398,-265
-449,-113
-369,214
-159,441
-102,469
-43,479
7,475
90,450
342,307
444,177
466,-18
391,-245
338,-316
349,-314
212,-422
-20,-440
-190,-437
-124,-450
116,-430
176,-435
211,-413
243,-404
353,-293
433,-206
458,-93
411,161
281,371
127,452
-85,418
-367,162
-450,-88
-473,-2
-479,-28
-467,-76
-462,-61
-473,-5
-480,13
-433,162
-403,190
-456,-50
-475,-61
-480,-38
-474,-81
-473,-91
-467,-111
-463,-134
-469,-68
-463,-16
-423,-196
-358,-307
-362,-305
-363,-297
-431,-192
-440,-196
-463,-142
-477,-91
-477,-74
-456,-100
-429,-196
-449,-20
-363,276
-342,333
-343,318
-144,440
115,452
257,411
262,407
255,409
207,432
120,463
146,451
282,384
274,392
238,412
31,447
-54,470
67,474
133,458
267,374
414,238
427,222
411,238
391,272
425,231
373,299
313,364
343,334
288,357
-11,430
-275,364
-382,283
-427,216
-393,255
-154,420
18,479
3,478
49,478
185,442
258,407
291,386
360,311
454,147
443,94
198,327
-154,418
-286,380
-334,345
-292,385
-353,298
-434,202
-384,292
-374,303
-422,194
-432,-82
-428,-191
-464,39
-454,158
-473,68
-483,37
-474,85
-470,83
-446,176
-433,149
-353,-182
-231,-414
-219,-434
-280,-375
-404,-45
-436,176
-467,14
-474,-87
-447,25
-351,282
-410,139
-480,-14
-469,83
-435,186
-452,27
-407,140
-250,398
-276,368
-404,74
-361,-262
-158,-415
4,-477
88,-460
52,-468
92,-428
338,-98
344,288
333,344
379,291
354,313
243,364
85,467
102,465
-34,466
-185,423
-369,237
-455,106
-423,227
-430,187
-459,26
-409,-188
-422,-224
-440,-188
-464,-2
-468,83
-452,-81
-395,-264
-406,-265
-423,-234
-394,-275
-409,-255
-436,-208
-442,-199
-423,-232
-412,-250
-394,-267
-411,-219
-428,91
-331,344
-189,437
-93,474
-124,465
39,430
376,219
406,189
160,402
57,469
108,468
135,467
209,438
308,367
418,229
382,214
266,365
396,240
397,247
287,360
100,452
193,421
354,324
318,359
270,391
353,318
346,333
290,381
233,423
266,404
298,375
148,425
82,453
327,319
432,217
417,245
377,298
349,320
439,109
479,-34
466,81
460,139
432,183
443,85
447,-157
461,-99
475,-44
446,-8
385,247
414,195
423,-134
255,-383
276,-322
450,-48
480,49
485,14
479,-27
465,-86
469,-75
412,115
248,384
247,412
376,286
437,205
455,74
448,-150
445,-22
418,212
417,226
437,179
352,309
381,283
449,32
372,-256
201,-425
164,-453
28,-478
-173,-433
-205,-419
-125,-458
-107,-461
-265,-382
-412,-150
-420,158
-457,106
-474,0
-472,-76
-477,23
-468,97
-473,7
-442,-158
-422,-236
-402,-257
-248,-362
-52,-457
-134,-455
-165,-444
-349,-301
-449,-171
-451,-174
-444,-191
-432,-209
-459,-65
-473,-34
-434,-180
-370,-305
-272,-358
35,-429
177,-443
178,-443
155,-433
-193,-370
-351,-298
-149,-419
-166,-422
-374,-293
-383,-285
-367,-311
-394,-259
-461,-58
-454,-43
-264,-321
-127,-455
-281,-363
-394,-235
-423,87
-387,281
-279,365
-113,467
-131,462
-224,365
-375,-30
-369,-299
-308,-368
-271,-401
-306,-374
-385,-289
-423,-239
-443,-201
-464,-103
-462,84
-456,11
-447,47
-345,315
-267,404
-219,431
-95,464
100,469
210,431
361,276
467,83
439,153
318,290
106,450
133,459
308,338
438,194
468,109
452,96
278,332
133,452
-62,429
-298,361
-341,339
