                    0,                     0
                    0,                     0
             13075690,                363286
             24954903,              -2636179
             36588704,              -3613743
             38725918,              -3275983
             40255779,              -2209798
             51936495,              -2960651
             56800512,              -3059787
             60543607,              -3067173
             60858827,              -3256234
             72214053,              -4055018
             72869242,              -3837704
             83688830,              -2816005
             88993997,              -2605616
             91429146,              -3150910
            101900985,              -2566667
            106739397,              -3076741
            113248847,              -2571976
            117850869,              -2009522
            126774533,              -1942580
            134224406,              -1446307
            140347468,              -1194197
            143192496,               -737797
            151697317,               -127588
            156257596,                481043
            162408301,               1082171
            165030194,               1365916
            174415273,               1433799
            182933873,               1462381
            183203670,               1593590
            195798026,               2543805
            202978557,               3271285
            204979669,               3506188
            212330731,               3377789
            218662315,               2975143
            222750706,               3728849
            231376911,               5092689
            238549488,               5088548
            243985719,               4334482
            249723105,               3671868
            255012802,               4199122
            255053751,               4246491
            262255011,               2577853
            269757739,               1166027
            279577336,               2361336
            285293121,               3352147
            291224521,               3065819
            297431412,               3138349
            300896201,               2902769
            304080820,               1704584
            312481070,                212511
            319793777,               -898740
            329376718,               -361759
            335383992,                107354
            340958495,                600964
            342769959,               1003646
            350914932,               2353376
            355393256,               1656287
            361835200,               2564680
            363496138,               1637885
            375567185,               1435314
            383159260,               1824540
            383446039,               1527151
            394250548,               2882793
            398601378,               2215991
            409506540,               1785755
            410923692,               1939364
            414489916,               3119171
            423889022,               2230666
            427618742,               2634002
            435451718,               2106259
            437740584,               2534394
            447018585,               3602120
            447049177,               3526980
            458593231,               5527601
            467923504,               6562802
            468886786,               6987715
            477774023,               5247420
            482197776,               4973263
            485085371,               3921075
            485281112,               4623911
            497274537,               3467622
            501298597,               3848908
            501640136,               3800899
            511630171,               2570293
            515504595,               2716335
            523540603,               3578616
            524089872,               3203618
            535900073,               3022251
            536886530,               3420619
            547456662,               2337251
            557761831,               1624570
            557752925,               1622833
            570569200,              -1429929
            579655511,              -2528323
            587256813,              -2930225
            588502800,              -2891460
            596668922,              -1860860
            601864234,              -2451784
            603344573,              -1714295
            611148053,              -3681878
            621738835,              -4110241
            624330419,              -4187162
            626370972,              -3952780
            634310843,              -5178449
            639946452,              -4740651
            650318546,              -4368962
            657633847,              -4762107
            664034579,              -5198207
            664182094,              -5133505
            675475524,              -4469320
            676246069,              -4393251
            684194820,              -3706986
            693735774,              -4827542
            699037794,              -5109784
            704043628,              -5533920
            707286551,              -5793238
            711109900,              -5409187
            716678353,              -4673769
            722164070,              -3070865
            732416627,              -2494935
            732495571,              -2577325
            743536557,              -4955494
            744469021,              -5499628
            752383157,              -2430659
            759819623,               -546086
            768891239,              -1470538
            773228885,              -1672057
            778010881,              -1541164
            779408121,              -1176010
            782148851,              -2592120
            787400106,               -350991
            794633824,               1798693
            803838526,               2991997
            806185557,               3615994
            813298610,               4676444
            820335013,               4257260
            823050971,               3943595
            828346193,               4720277
            835462118,               3906552
            837185485,               3621859
            842348715,               4702049
            845752136,               3266481
            854680809,               4692464
            856552965,               4224478
            858340084,               2977740
            869327352,               3560165
            875692147,               4628642
            877734707,               5432233
            885522491,               5050763
            888873471,               5104183
            898216896,               5777762
            900342511,               5272563
            901887412,               4744638
            909161164,               2901364
            917600687,               2201246
            918031948,               2077782
            926421160,               4023470
            929369050,               4786478
            936055942,               4986049
            939971885,               4306485
            943733897,               3653671
            952255852,               3227063
            953583914,               3590275
            961019610,               1903241
            963767699,               2640341
            972966562,               2340908
            976469382,               1475029
            981524550,                903997
            985125172,               1377530
            993514397,               1030623
            993996593,                937015
            994753928,               1533735
           1004158841,               3759059
           1011462465,               4714084
           1012751409,               4478947
           1013548861,               3999674
           1021695245,               5080545
           1027665217,               4655646
           1029354574,               4950281
           1032046045,               5214678
           1042281962,               6193920
           1049446288,               5415006
           1052473941,               5649785
           1053193063,               5338458
           1061236891,               5512236
           1067873431,               6048586
           1068619972,               6291513
           1076910383,               5092090
           1078673142,               4648438
           1082855961,               3556974
           1084067904,               4558589
           1095122613,               4016529
           1098439627,               3251637
           1100465791,               4061034
           1106453708,               2091276
           1110056931,               3519278
           1116450249,               2254439
           1121022568,               2715629
           1126341534,               3836357
           1134207462,               3932754
           1137830633,               3339163
           1143593025,               3372359
           1148213067,               3131843
           1151296266,               2717215
           1152349799,               2555243
           1161753676,               3138848
           1164098602,               3554225
           1166849172,               3718179
           1169708630,               3576293
           1178204535,               4344398
           1180552857,               4159398
           1180941761,               3987242
           1189010939,               4410817
           1189893281,               4355468
           1198824581,               4890976
           1205640594,               5674283
           1208765776,               4814132
           1214800435,               6024678
           1218920245,               6682286
           1222799856,               6122432
           1228139208,               5246348
           1230814594,               5068055
           1238234847,               4421399
           1242616096,               3805408
           1245838803,               4249067
           1247594158,               3609874
           1256203937,               3585886
           1263044291,               4088485
           1263334819,               3967761
           1272362546,               5068115
           1278477386,               4616760
           1280054467,               4209735
           1284184708,               5175703
           1290889563,               4639282
           1295238140,               4668208
           1295946212,               4417610
           1299658212,               6311111
           1300896779,               5084510
           1310217784,               4167713
           1312624862,               4473591
           1316938162,               5334803
           1322548534,               4431065
           1324207226,               4026785
           1326859883,               4605359
           1336369018,               5558450
           1338230758,               5166931
           1339529628,               6212974
           1343474942,               2509820
           1350675329,                849964
           1355527775,               1765509
           1356179173,               1163332
           1363376750,               -766748
           1369902492,                465697
           1374293456,               -292125
           1376849751,               -117711
           1381519672,                183797
           1385229980,                991171
           1389869943,               1442951
           1393100842,                717056
           1397907076,                764920
           1401584529,               1795430
           1404469334,               2926289
           1411343345,               1500823
           1417733998,               1691856
           1422585632,               2289788
           1424760892,               1825243
           1427010315,               2690623
           1429289571,               4235137
           1437658237,               2715732
           1440249240,               2077716
           1444067684,               1746677
           1449732246,               1829997
           1452393027,               1903131
           1456845496,               2239885
           1458272295,               1797689
           1461792660,               2550496
           1468641557,               3523115
           1469008256,               3526817
           1474943059,               2378231
           1481178401,               3111420
           1485364602,               3666548
           1488039848,               3543643
           1490909537,               3184630
           1496400459,               1756868
           1504008622,               1285408
           1504328690,               1276190
           1511035751,               1022893
           1512538687,                737516
           1517335624,                728554
           1520726571,               1386134
           1524234100,               2249776
           1525315778,               2580540
           1533632029,               2832983
           1539841985,               3373389
           1543698569,               3967148
           1546977900,               3255098
           1550399130,               2610856
           1553286981,               1868852
           1555554572,               2688037
           1561802434,               1723168
           1564421959,               1377467
           1569113059,                873545
           1573253798,               1171398
           1574553036,               1382691
           1582444029,                880528
           1584813553,               1290907
           1590321633,                424776
           1593015608,                103268
           1600045902,               -225174
           1600455801,                -62655
           1608686468,               -473156
           1612956269,                119624
           1616975454,                535220
           1618850457,               1367435
           1624935980,                -54405
           1630922363,               -696216
           1633046112,               -670281
           1634117796,                -99211
           1637743178,              -1943866
           1644948144,               -979972
           1647752212,              -1603179
           1647837800,              -1514479
           1653851049,               -132902
           1654599264,                  -739
           1662162658,               -993354
           1666025994,               -943629
           1667020003,              -1144874
           1669216540,              -2095780
           1671722275,              -3602186
           1678619802,              -4412458
           1681800593,              -3932065
           1685792595,              -4093762
           1688633829,              -3856797
           1688591524,              -4006244
           1697251201,              -1621915
           1702175120,              -3029942
           1706706314,              -3042698
           1709925753,              -2830708
           1715018207,              -3629917
           1720018195,              -4172664
           1721579195,              -3847652
           1725041865,              -3073721
           1727976637,              -3443473
           1733423089,              -4703009
           1734338590,              -4460790
           1740980704,              -2888148
           1741771954,              -3356278
           1746465376,              -3473985
           1753553910,              -4712197
           1757501066,              -3598619
           1762712206,              -2685886
           1765633598,              -2792783
           1767584061,              -2260294
           1770702686,              -2252182
           1776139000,              -1459945
           1782714208,               -257886
           1785703077,               -404107
           1786389273,               -101730
           1794463339,               -287441
           1799565741,              -1178720
           1803743826,              -1639304
           1806489200,              -1914169
           1807708044,              -2158371
           1815657675,              -2217798
           1818108541,              -1594856
           1820263787,              -1020396
           1825245374,              -1622847
           1827687290,              -1257304
           1832729917,              -1088220
           1833078680,              -1237101
           1838002560,               -926710
           1840426370,              -1861802
           1845051238,              -1009704
           1846481533,               -889286
           1854255059,              -1220122
           1855224612,               -893936
           1858648103,               -253933
           1864588810,               -357886
           1866891536,                 -2693
           1871726403,               -316414
           1874390432,               -945538
           1875929085,               -493812
           1883328826,               -912998
           1884654782,               -912189
           1886974175,              -1428302
           1892158210,              -1600396
           1897717200,              -2632066
           1897683700,              -2646547
           1902991329,              -1405431
           1907213633,               -467927
           1908842766,               -599916
           1912143122,                536901
           1916739213,               1559414
           1922854344,                673619
           1923623031,               1025082
           1928254761,               1313076
           1930943539,               1301456
           1931071196,                745372
           1936681130,               1844481
           1938305099,               1340820
           1942743867,                450555
           1944261413,               -212901
           1950711956,              -1481167
           1956598946,               -796538
           1957881036,               -874205
           1961931602,               -738712
           1966204292,               -501237
           1972434504,               -426280
           1973201109,               -152691
           1974699550,                700177
           1979507031,                391669
           1979826574,                604622
           1985233110,               1351716
           1988280555,               1813542
           1989457744,               1263483
           1994818515,               1442865
           1998609089,               1467413
           2003380520,                238694
           2006081714,                422712
           2012614186,               -512987
           2014906862,               -375837
           2020110774,                385568
           2020865833,                252525
           2025121649,               1357599
           2029618709,               2216604
           2034961564,               1640264
           2036177944,               2070658
           2040847362,                932034
           2040989486,               1097203
           2047323015,               -528420
           2050194942,                -84829
           2055083578,                 -2813
           2055742573,                196192
           2058063138,               -352518
           2059945624,                679194
           2063879109,              -1373255
           2067142209,              -2591902
           2073561446,              -3193502
           2074748604,              -2807055
           2080670461,              -2968194
           2083725158,              -2981601
           2084938117,              -3328861
           2088591279,              -4434672
           2092841147,              -5093644
           2096795690,              -5600771
           2099256582,              -5455584
           2102620744,              -5670853
           2103973118,              -5866475
           2109334542,              -5832978
           2112584106,              -4871517
           2112662104,              -5102676
           2116181917,              -7641986
           2115965886,              -6568680
           2121000766,              -6965006
           2122853190,              -6692201
           2126506026,              -5971889
           2129400913,              -4904749
           2133216510,              -5246740
           2137820870,              -4096965
           2141911455,              -3804189
           2144332522,              -4076425
           2149264768,              -4750148
           2151525671,              -5547187
           2156875040,              -4944922
           2158523072,              -5735700
           2162506261,              -4880018
           2166788734,              -3574902
           2168375753,              -3437133
           2175378111,              -3556466
           2179007214,              -4357647
           2180807707,              -3766329
           2183061806,              -4692452
           2187673534,              -5750126
           2190797981,              -6214601
           2191511522,              -6557550
           2196474812,              -7558635
           2200025299,              -7586592
           2202024442,              -8304407
           2202317086,              -8606340
           2207521285,              -8224939
           2210668691,              -8219452
           2213281960,              -8308411
           2214301364,              -7748853
           2220013602,              -8671484
           2223173222,              -8210431
           2224460411,              -8282797
           2229401466,              -7348967
           2231084704,              -7512961
           2235418730,              -6782453
           2239144357,              -7740102
           2239132897,              -7668640
           2242630374,              -8379869
           2246354497,              -7606244
           2246947881,              -7174313
           2246590701,              -7660696
           2253584552,              -7085602
           2255318387,              -7161733
           2259202016,              -8389438
           2261594215,              -9133088
           2263325461,              -8319140
           2268711515,              -7581486
           2269425304,              -7785932
           2271739933,              -6735615
           2276082164,              -7465384
           2279336985,              -7745430
           2282897458,              -8062363
           2283224836,              -8161586
           2290242431,              -7640740
           2293736834,              -6982610
           2294462954,              -7233794
           2299989470,              -6569525
           2302957035,              -6012040
           2303292944,              -5695486
           2309787434,              -6177160
           2314392822,              -7151144
           2316263325,              -7572764
           2317924407,              -7319485
           2322261835,              -7203756
           2326818912,              -6999800
           2329027184,              -7546901
           2332914176,              -8200768
           2335701065,              -8311538
           2338496198,              -7483331
           2340600663,              -7575399
           2341544777,              -7990861
           2343948743,              -6260893
           2348934110,              -7875710
           2353929180,              -7160145
           2354516460,              -7239428
           2359667267,              -7105255
           2361665336,              -7788053
           2364499147,              -8287439
           2365970885,              -8225308
           2367526649,              -8201557
           2371652744,              -7529044
           2374704779,              -6723321
           2379340902,              -7174734
           2382018682,              -7196516
           2382253936,              -6912499
           2385921354,              -8201034
           2391489840,              -8460322
           2392467517,              -8728016
           2393531219,              -8668095
           2396984664,              -7703639
           2399435252,              -6891479
           2401959081,              -6039825
           2404119283,              -5195000
           2406739743,              -6238188
           2408143365,              -5431834
           2411040586,              -4297869
           2412930441,              -4270234
           2416784668,              -3176224
           2416773098,              -3632291
           2425448952,              -6866010
           2430555233,              -5962151
           2432060264,              -5526426
           2436689300,              -5625286
           2438462129,              -4997181
           2439563382,              -4268344
           2442365756,              -5068312
           2445837722,              -4358668
           2450376356,              -4260679
           2451332837,              -3936919
           2455159955,              -5170586
           2459296914,              -4307237
           2461167105,              -4827673
           2465022286,              -5688881
           2465621610,              -6043675
           2469216491,              -5027870
           2473982364,              -4745634
           2478840498,              -4879193
           2479489982,              -5430308
           2483051982,              -6152326
           2486097294,              -6529791
           2487270361,              -6826380
           2489754361,              -6631112
           2490339963,              -7192076
           2495946611,              -5867830
           2497597124,              -6650124
           2501815732,              -5433381
           2502836064,              -5764588
           2508925078,              -5874858
           2512443471,              -5060950
           2513055881,              -4926498
           2515469589,              -4074401
           2517166058,              -3631154
           2516600515,              -4670184
           2520466772,              -3708719
           2520755376,              -3619366
           2525535891,              -2375479
           2526692548,              -3181629
           2532092834,              -3484250
           2536098687,              -4173455
           2536320302,              -4169982
           2538915753,              -4575108
           2543982127,              -5215505
           2543942646,              -5181445
           2549043635,              -3812577
           2551300187,              -4153022
           2552438604,              -4192120
           2554334736,              -3264707
           2559916941,              -3677191
           2559909019,              -3792747
           2564771191,              -2751042
           2565945942,              -3124257
           2565965426,              -3125495
           2571372219,              -2194250
           2573147018,              -1620474
           2576804367,              -1035135
           2578321104,              -1026898
           2580173277,               -294861
           2582605514,               -231620
           2584091364,               -605001
           2587079968,              -1027472
           2588836487,              -1884882
           2593598951,              -2233604
           2593720656,              -2372481
           2597994818,              -1176004
           2599059825,              -1570082
           2605130573,              -1320710
           2607362345,              -1208700
           2610410426,               -489091
           2611218713,                123577
           2614244204,              -1092642
           2615537999,              -1188201
           2616806704,               -734326
           2622189494,              -1018546
           2622915281,               -753566
           2624954708,               -150576
           2626524342,               -943985
           2629779543,               -273002
           2632492206,                -67565
           2633547309,               -105195
           2638332685,               -208085
           2639085233,                 28877
           2643544382,               -635625
           2643447164,               -166027
           2649473747,                 -3946
           2652380187,                513966
           2654944955,               -152659
           2655684343,                560483
           2657969771,              -1596076
           2660916519,              -3534819
           2664683772,              -4426529
           2665801087,              -4813397
           2668656175,              -4698054
           2670301787,              -4392554
           2672471636,              -4489650
           2673392213,              -4315215
           2674759310,              -4998097
           2674866079,              -5387779
           2680429448,              -6303123
           2683090845,              -6487844
           2684305835,              -6808441
           2686731952,              -6000328
           2687729004,              -5865636
           2691652736,              -6628132
           2692373477,              -6098635
           2695680195,              -6059845
           2699131758,              -4950193
           2700216112,              -4501938
           2703811721,              -5771390
           2704237738,              -5232672
           2706162680,              -6770668
           2707659883,              -5883719
           2710465928,              -6946569
           2711147958,              -6556246
           2715449064,              -5663843
           2717357475,              -5045022
           2719895671,              -5115227
           2721751415,              -5744974
           2722562616,              -5322972
           2723911878,              -3374403
           2727602033,              -2872566
           2728421258,              -2574609
           2731101528,              -1867335
           2731253076,              -1719467
           2737097131,               -554516
           2738749836,              -1312147
           2743341696,               -307097
           2745742118,               -887931
           2748806280,              -1832904
           2750374137,              -1170605
           2752765956,              -1529830
           2754826698,              -1242735
           2759395850,               -628650
           2761574442,               -145430
           2762497578,               -615799
           2764628136,               -465454
           2766765806,               -471074
           2770072972,               -701632
           2771451023,               -438259
           2773204149,               -394458
           2773927619,               -410037
           2778266068,              -2413384
           2781413111,              -2283156
           2783509598,              -1238796
           2784204696,               -548336
           2789297537,               -283057
           2791102164,               -636853
           2793027383,               -167377
           2795221463,               -779690
           2796542878,               -676548
           2801087135,                218890
           2804407876,               -474611
           2805745114,                -35094
           2806259175,               -524300
           2805564042,               -778486
           2808494593,               1673247
           2811081248,                372834
           2814797540,               1145131
           2817651348,                613599
           2817853611,                896843
           2821511344,               3030837
           2821664867,               3147080
           2825348986,               4809323
           2827853705,               5864206
           2832299664,               5030009
           2833185555,               4587308
           2833652208,               5023993
           2839136881,               3773188
           2841675362,               4652891
           2844852363,               4800352
           2845935338,               4449564
           2847924262,               3719066
           2849761366,               4425922
           2852572406,               5083307
           2853446775,               5386699
           2854587080,               4757276
           2855599442,               6008291
           2858184134,               7309167
           2858567121,               8043108
           2863696518,               6678787
           2864389220,               5894839
           2868610446,               7167385
           2869183910,               7487663
           2867671990,               6803037
           2869898043,               5846518
           2871957266,               5939476
           2873506646,               5791505
           2875518780,               6507424
           2877193318,               5750966
           2880356375,               6693986
           2882612513,               6576067
           2884187422,               6799416
           2885950157,               5234271
           2888217198,               3834318
           2890584977,               4043164
           2893053068,               3562440
           2893669001,               3144403
           2894640363,               3622324
           2897084407,               2962176
           2899154089,               3009795
           2901080168,               2596514
           2902361300,               2140692
           2905094083,               2982694
           2905945388,               3132609
           2909710358,               3432988
           2912613054,               2257054
           2914929073,               2066742
           2915500077,               1767834
           2916864504,               2593824
           2918585431,               1582627
           2923741323,               1958281
           2924159457,               2305287
           2925962708,               3704098
           2927902501,               2745659
           2932370075,               3398979
           2932737368,               3233488
           2933820874,               4412186
           2938736441,               4042575
           2941107738,               3367990
           2941915250,               3709513
           2944127260,               2620985
           2943849152,               2111424
           2948705277,               2377716
           2951127029,               2181759
           2952826954,               2269885
           2954142743,               2963218
           2954959431,               2943938
           2957404462,               2353324
           2958536222,               2651193
           2960160938,               2398425
           2962656009,               1983784
           2963687588,               2402216
           2967593456,               2567301
           2968494078,               2729912
           2971297650,               3546238
           2973097368,               4029243
           2976719482,               4055608
           2979497487,               5083803
           2981508602,               4494124
           2982903028,               4907336
           2986982844,               4934605
           2987195869,               5325464
           2987351564,               4311881
           2992123095,               2974319
           2992887020,               3665366
           2996401088,               2933022
           2996607803,               3030102
           2997693944,               2975616
           2999903757,               2066651
           3001728140,               3251942
           3004962182,               2275730
           3006371299,               2347097
           3006772612,               2370512
           3011855097,               2310206
           3015167080,               2388123
           3015856089,               2305266
           3017271439,               1682410
           3021146747,               2223841
           3022604826,               2127070
           3026222486,               2838529
           3026730234,               3048523
           3029676754,               2472230
           3030558118,               2821417
           3032413917,               2964774
           3034512400,               4006832
           3035020016,               3412405
           3038090746,               4245571
           3039202933,               4307388
           3039582717,               4628546
           3039955241,               3688933
           3043617790,               1711291
           3044814596,               1352883
           3044950522,               1731025
           3048424479,               2916734
           3050956203,               2188141
           3054483253,               2978773
           3054748622,               3380496
           3059151071,               4458770
           3060013945,               3904087
           3061457860,               4824635
           3062939584,               5712735
           3064093420,               4900955
           3067208257,               4115833
           3067635896,               4213806
           3069606690,               3661253
           3071355119,               3835852
           3073077271,               3566099
           3075213845,               3725424
           3075807572,               3959808
           3077364826,               4650848
           3079917332,               4038741
           3080103930,               3931434
           3081628055,               6748707
           3086147589,               4464425
           3090139098,               4899250
           3091923739,               5445122
           3092576233,               5601886
           3096533435,               4545281
           3096984487,               4821272
           3097003926,               5129640
           3100226404,               6662129
           3101031990,               6910985
           3103636249,               7325523
           3108281445,               6623424
           3110053533,               6398894
           3113739835,               6655500
           3114510344,               7310166
           3115491991,               8220358
           3119013029,               6799336
           3119264342,               5840405
           3122801685,               6760321
           3124347716,               6637887
           3125547389,               7050323
           3127593686,               6998169
           3128011991,               6776739
           3129377749,               7257175
           3130515444,               7273744
           3131622157,               6624387
           3133938559,               7351242
           3135160057,               6866421
           3136560931,               6253952
           3138387619,               5299555
           3139740643,               4686948
           3142174055,               5281447
           3142828584,               6492820
           3144195656,               7877000
           3146026118,               6741217
           3148833507,               6072901
           3150269836,               5881928
           3151598461,               5464123
           3152153120,               5304124
           3153742997,               4843002
           3155077454,               4211103
           3156723993,               4811726
           3156909465,               4500091
           3159988253,               3073043
           3161324971,               3566683
           3161778153,               3398622
           3163696294,               3418626
           3163955945,               3695616
           3165802935,               2876959
           3167213898,               2536004
           3168827793,               3851750
           3172319541,               3933572
           3172402144,               4030724
           3175194760,               4733842
           3175993722,               4971022
           3179249520,               4827631
           3181241141,               5446428
           3182991358,               5651663
           3185946081,               6328700
           3186263928,               6523602
           3187805471,               5898895
           3188579822,               5236138
           3190904375,               6559674
           3193910117,               7237753
           3196628067,               7827351
           3196701491,               7598507
           3198569520,               3558277
           3198438941,               4095177
           3201649339,               5369250
           3204631529,               6055536
           3205859101,               6372523
           3208812582,               5409053
           3211131470,               7033408
           3212340487,               7732358
           3213525611,               7462584
           3215250861,               8106616
           3217737987,               9530154
           3220167297,               8875818
           3220688272,               8837778
           3222801667,               6561790
           3225655178,               7353643
           3228712967,               6129813
           3230712572,               6045665
           3231772922,               6563347
           3233294020,               5804433
           3234717504,               6195842
           3235289695,               5936685
           3237418980,               7000025
           3239650439,               7508367
           3239881138,               7479810
           3240454909,               6846384
           3242013516,               5879111
           3243952070,               6798923
           3244370043,               7126459
           3245935458,               6205483
           3247639947,               6571964
           3249928316,               6627808
           3250046416,               6412235
           3251537701,               8845853
           3252375483,               9557336
           3254309679,               8564013
           3254963518,               8567652
           3255173192,               8171291
           3257268119,               8994909
           3257310438,               9007529
           3260622410,               7296630
           3261904059,               7468262
           3263855429,               7771526
           3265182171,               7746688
           3265101299,               8213351
           3269050469,               8614746
           3268936978,               8760497
           3270846582,               9770922
