                    0,                     0
                    0,                     0
                    0,                     0
              -816403,              -4334469
              1264423,              -8215859
             -2662449,             -11776044
               199030,             -15333061
             -1551638,             -15813837
             -7710752,             -18450164
             -3792893,             -23790029
             -4053992,             -22542484
             -3450169,             -24012107
             -6459778,             -22152511
             -7456273,             -24310495
             -4349936,             -28945479
             -6692942,             -32962102
             -5070593,             -29808409
            -11146527,             -28051259
            -16881437,             -31609392
            -10551271,             -33812880
             -3907104,             -33151383
               400921,             -38410615
             -4731391,             -40922973
                76327,             -41930448
              3728192,             -45399947
              9020669,             -42513791
             11109540,             -47819358
             14549366,             -50682319
             16271016,             -54548431
             11812698,             -49900849
             12014191,             -51873881
             15968548,             -49312864
             21251089,             -53911491
             17883272,             -55645664
             20019813,             -59259411
             23045912,             -63328297
             20125140,             -57468368
             24388597,             -61587321
             21158108,             -65491780
             17589383,             -70215356
             19955900,             -76126038
             16289048,             -71901959
             16580600,             -72070348
             16792416,             -75245854
             11082814,             -79916149
              6869109,             -82614450
             10253977,             -87127912
              7254982,             -91292000
              1261452,             -87873259
              7576397,             -87448607
             11052676,             -84060372
             13843218,             -87737702
             13129780,             -94130122
             10621535,             -99148799
              8532500,            -104313414
             13201638,            -107356993
             16118920,            -103432103
             17549041,            -108453767
             15980662,            -101962731
             11104953,            -100167701
              6656152,             -98636859
              4043329,            -102979130
              -775108,            -103095456
             -2850287,            -101559347
             -4358503,            -100303814
             -7729111,             -94693985
             -4569220,             -96484303
             -8066239,             -95559018
             -2897436,             -94980868
             -6509547,             -96083678
            -10013386,             -91536563
             -9596087,             -85123716
            -11958723,             -89443122
            -11672329,             -93388061
            -12200702,             -93305784
            -12854521,             -90383035
             -7735222,             -90275362
             -5326224,             -92558166
             -9336181,             -89237977
             -5926976,             -86024371
             -8981915,             -90263696
            -12215249,             -91215498
            -12945759,             -90605290
            -17316294,             -88036729
            -17479125,             -89173135
            -17522539,             -91865432
            -23434760,             -93704925
            -26017122,             -97398040
            -28385303,             -96991569
            -31500188,             -98807091
            -29768128,            -102091051
            -24908271,             -97433273
            -23761553,             -95105517
            -23914332,             -95173401
            -26530662,             -96491432
            -23590602,             -94480148
            -25304978,             -99643542
            -27078946,             -97061359
            -26703885,             -91061589
            -23163949,             -85637897
            -25863676,             -89120178
            -29413140,             -87815239
            -31159210,             -91041086
            -26669741,             -93368413
            -29533349,             -91361615
            -35617949,             -88974829
            -35153069,             -95877001
            -30819981,             -97167076
            -25762947,             -94358042
            -21890061,             -90855011
            -21634693,             -89880788
            -22092434,             -87151667
            -24024332,             -88067901
            -27495877,             -82353291
            -24683400,             -78816208
            -22731232,             -74413705
            -20129822,             -78567819
            -16102511,             -80359381
            -21719121,             -78066856
            -14952621,             -78996954
            -16030541,             -83640670
            -14199386,             -79587206
            -13024131,             -78496075
            -12095974,             -79555372
            -10621925,             -83202087
            -14203314,             -82496405
             -9545436,             -80964639
            -12513128,             -78386941
            -11711542,             -83832367
            -15581272,             -80999208
            -12342145,             -81068422
            -16834936,             -82238928
            -21944498,             -80054850
            -16026466,             -78079909
            -12829281,             -79859994
             -8056876,             -80330558
             -5291263,             -83774245
             -8678188,             -86408917
            -12258641,             -89712718
            -16291570,             -93097847
            -20675345,             -92369151
            -21699924,             -96345202
            -25800189,            -100076746
            -27812104,             -95031049
            -32344615,             -96326187
            -35456685,             -96064796
            -35817898,            -100074278
            -40173326,            -101598788
            -40936432,            -106263110
            -36731072,            -103787389
            -39124408,            -105089758
            -44372447,            -102932548
            -42462482,            -106028760
            -45150860,            -103059838
            -46525792,            -107022009
            -42514958,            -106565862
            -39394843,            -108353772
            -38961318,            -110597744
            -42579428,            -111154371
            -41059809,            -114559951
            -38898084,            -117236307
            -43646256,            -119295939
            -38820585,            -119952033
            -38094101,            -124529705
            -40068932,            -127391363
            -42040418,            -122407407
            -45538071,            -120546965
            -47555379,            -116186793
            -43971103,            -112665481
            -40231559,            -110709486
            -36571910,            -108976261
            -36200715,            -111704712
            -35847159,            -113662073
            -39259700,            -113963800
            -37210590,            -114331960
            -33856206,            -116217085
            -35799002,            -118218430
            -35494369,            -120627638
            -35759946,            -118163391
            -36924148,            -121861614
            -39547454,            -118638697
            -34522434,            -115582124
            -32836020,            -117136455
            -33508081,            -112648555
            -37184882,            -110135228
            -38818334,            -107287591
            -39760302,            -105688677
            -35893026,            -103467626
            -33466833,            -101565322
            -35377142,             -98546129
            -32186882,            -100814048
            -30083224,            -106251324
            -31947338,            -111080625
            -31425203,            -109885756
            -28359548,            -106085898
            -32075523,            -104603176
            -34955401,             -98983373
            -38783336,             -98641153
            -41260564,            -101019850
            -39129351,             -97523900
            -35901072,             -93884613
            -34518691,             -89307824
            -33321379,             -84811585
            -30742717,             -81611323
            -35844515,             -80774435
            -31829291,             -78276538
            -30687199,             -76135803
            -32017846,             -74208151
            -27971623,             -75740494
            -30179905,             -78396377
            -27769094,             -80741745
            -27394859,             -77975848
            -30047334,             -80397849
            -31902484,             -81835798
            -32787711,             -80868597
            -35318280,             -78585751
            -30935058,             -81520788
            -26721162,             -84925359
            -27588391,             -80561389
            -31648033,             -78843959
            -29366685,             -82082955
            -33818912,             -78453994
            -32920537,             -74853472
            -29367859,             -75447911
            -32884207,             -78303634
            -27972751,             -77800618
            -30487328,             -74998605
            -32498117,             -77436518
            -36269468,             -79331891
            -32168949,             -81810426
            -33207414,             -81123317
            -34195615,             -78571340
            -33964715,             -73652651
            -31040915,             -71737379
            -35768285,             -70646863
            -38571226,             -71450436
            -43526532,             -71398828
            -44993749,             -70016758
            -46637670,             -65649685
            -49336099,             -61532542
            -48673006,             -62192294
            -52364416,             -61466946
            -48101504,             -61502318
            -52032581,             -58953463
            -48466619,             -60763513
            -50380928,             -65892586
            -48604576,             -66812184
            -46129705,             -63189921
            -47053781,             -67133743
            -50040669,             -64489076
            -47854025,             -65676496
            -51840247,             -63326268
            -53795276,             -61496262
            -51890665,             -64608375
            -55943429,             -66553583
            -59590612,             -65586071
            -64206438,             -65523160
            -66794810,             -67491581
            -66109575,             -62762673
            -66360378,             -66043763
            -68609167,             -69384938
            -70995738,             -73981455
            -70880907,             -78600257
            -66132124,             -76754162
            -68427127,             -75473495
            -72312921,             -77706223
            -69574639,             -81427315
            -69258781,             -77087745
            -72544485,             -78655264
            -68360673,             -77178923
            -70639693,             -75790084
            -66613848,             -75919683
            -64041694,             -73839451
            -60888969,             -74312454
            -57391116,             -74294403
            -53725551,             -73896328
            -55704543,             -76247107
            -57118061,             -73167584
            -54842933,             -70153303
            -55454698,             -71051045
            -54640683,             -73842877
            -56316835,             -70599749
            -52490078,             -71887487
            -53051055,             -67318183
            -48181319,             -66581286
            -44679193,             -64370008
            -43770957,             -67556696
            -44529133,             -66713097
            -43424228,             -68380057
            -45079680,             -71379530
            -46347291,             -68488533
            -43179696,             -66602730
            -40693977,             -62953370
            -40294079,             -64915493
            -42862212,             -62338564
            -39056416,             -64401293
            -36340832,             -67716195
            -38860758,             -64260909
            -34893180,             -63836847
            -31716950,             -65776398
            -34056345,             -63384275
            -36035658,             -65164945
            -32611098,             -65824227
            -34558422,             -70195396
            -37722675,             -68933528
            -35390437,             -69756810
            -38406519,             -69576842
            -39503332,             -73208860
            -42753685,             -71222787
            -40745439,             -74844444
            -37823130,             -76732651
            -37814841,             -78735293
            -36301229,             -75804360
            -35465792,             -80064704
            -30709824,             -79523280
            -27769296,             -81818463
            -30963971,             -80012503
            -28684660,             -83393797
            -30334552,             -80738164
            -28650270,             -79086455
            -33482785,             -79493224
            -35422383,             -79311703
            -38986721,             -79971802
            -39141571,             -79387174
            -37708761,             -78496581
            -36558124,             -79410181
            -38079307,             -80893156
            -39591993,             -77692747
            -39280153,             -79969629
            -39418723,             -83701361
            -36155676,             -85855117
            -34368787,             -85753254
            -35958009,             -82463774
            -35783835,             -85667918
            -39531094,             -83724735
            -39255556,             -82857983
            -41669687,             -81242320
            -44579499,             -79461899
            -47461697,             -83361803
            -50339110,             -83493123
            -54656613,             -84238449
            -54528985,             -81111871
            -54537663,             -78083250
            -51527824,             -79104754
            -54839458,             -75917121
            -53636852,             -72793185
            -56068850,             -74955310
            -55056004,             -76873610
            -56876455,             -77531575
            -61688148,             -80545894
            -57931174,             -79283115
            -60757602,             -81380106
            -57732921,             -82101561
            -58017904,             -85210989
            -57622079,             -82027697
            -58649796,             -77250881
            -53478244,             -78845562
            -51742627,             -81201090
            -49984111,             -76856333
            -51138713,             -77622849
            -53858995,             -75536821
            -53378790,             -72136296
            -50458528,             -74620364
            -46862037,             -75976643
            -44881067,             -78824546
            -42977457,             -80663630
            -43467002,             -84028911
            -41429112,             -85947101
            -45825402,             -84181956
            -48377917,             -84098841
            -46169308,             -85211732
            -48273722,             -84927215
            -49697857,             -84280318
            -50855622,             -87298749
            -52222035,             -84605609
            -53008961,             -80791886
            -51894590,             -79907689
            -52427740,             -82354972
            -50877149,             -84928524
            -53866930,             -82625444
            -56019267,             -84701418
            -58737107,             -81359691
            -59348863,             -78139986
            -62062994,             -76478358
            -62419732,             -74409714
            -64803982,             -74060432
            -68654030,             -72825188
            -64323336,             -75033511
            -62928193,             -72347674
            -62828216,             -72753729
            -62292496,             -72193541
            -59329737,             -70749566
            -60366384,             -66708290
            -62058501,             -68483938
            -61623459,             -64135407
            -63255662,             -61778977
            -65154129,             -63047741
            -65193124,             -65121269
            -69033698,             -63471676
            -67123839,             -61906940
            -67460595,             -60982823
            -68531089,             -63151366
            -67897847,             -66794596
            -64639211,             -67921141
            -62021342,             -69336930
            -64061311,             -71357458
            -65619499,             -72852181
            -69418525,             -71404345
            -65106096,             -70732259
            -61849340,             -70011099
            -61824221,             -72097390
            -59653085,             -72969303
            -58909616,             -74920191
            -60180844,             -73682639
            -59402330,             -74891826
            -56550840,             -75009042
            -58662154,             -76614630
            -59610744,             -80918937
            -54758581,             -80981630
            -54643632,             -77882055
            -57406378,             -81256312
            -55342012,             -78811137
            -57706668,             -77683151
            -56126116,             -75133410
            -56572659,             -72340101
            -58061407,             -74053223
            -56157577,             -70833539
            -56692996,             -67186274
            -57547779,             -69722687
            -60607957,             -68216710
            -61577730,             -69295476
            -62561105,             -69092251
            -64907751,             -72088340
            -66640978,             -73213046
            -66467444,             -71053881
            -67488540,             -73010601
            -69672667,             -70513811
            -72819473,             -69723110
            -69674505,             -71507446
            -68119334,             -73244818
            -69666236,             -75346900
            -68568960,             -71915724
            -71189821,             -72059036
            -71900818,             -74378229
            -68732505,             -76536136
            -66867532,             -74759722
            -64812332,             -76898138
            -66262233,             -80114069
            -68863053,             -79524428
            -71642827,             -80697313
            -67921151,             -82586472
            -68014876,             -85496979
            -68763294,             -85518429
            -70310263,             -89713160
            -71457409,             -93372677
            -71341061,             -93762584
            -69224963,             -92519368
            -68187614,             -89448436
            -65420073,             -86707841
            -65099720,             -82365294
            -65732117,             -85159054
            -63782379,             -81673378
            -60839586,             -78795333
            -56605685,             -78431417
            -56161861,             -75811325
            -59532877,             -76252732
            -59586491,             -73060561
            -61122678,             -76888320
            -59207277,             -79032605
            -58923914,             -75284635
            -56463289,             -74229312
            -55077915,             -71123798
            -57923929,             -71190543
            -61015987,             -69342077
            -58867254,             -68307922
            -56513610,             -66976875
            -56067632,             -69036507
            -54193395,             -68493952
            -56012479,             -71640101
            -56023537,             -68806952
            -55468646,             -70601066
            -55577958,             -69936998
            -58907618,             -68377478
            -55295193,             -67263237
            -56309614,             -68817003
            -59426541,             -68163928
            -61941387,             -68702867
            -64187519,             -66356765
            -64809436,             -68141392
            -66352335,             -65018765
            -62736403,             -66919976
            -64691466,             -65475234
            -65152001,             -65461565
            -64718403,             -66300891
            -68187584,             -64770673
            -67663849,             -65854611
            -69441625,             -65772502
            -70126116,             -65921327
            -67045825,             -64099542
            -66312754,             -61248915
            -63342802,             -62006288
            -65603779,             -61134861
            -64116053,             -60592616
            -65739111,             -58897209
            -64908525,             -62793920
            -66435379,             -63230847
            -63805978,             -63365158
            -65484775,             -66318192
            -63354765,             -66663730
            -61936099,             -68059444
            -62708641,             -70267585
            -63241684,             -71778265
            -65419413,             -71333987
            -62010870,             -70597547
            -60204621,             -70159035
            -60791591,             -66562051
            -57792479,             -64563004
            -57938222,             -62568991
            -56496474,             -61342995
            -60290342,             -59987158
            -56508371,             -59000546
            -58209956,             -57514184
            -56517571,             -59467667
            -56720054,             -62952691
            -56156978,             -65989143
            -57028384,             -67840302
            -59041351,             -69654970
            -60734216,             -71717768
            -63416542,             -71428656
            -65049399,             -73288368
            -65981828,             -74169845
            -68776078,             -74726510
            -68659769,             -71835756
            -67172826,             -69985161
            -65597381,             -68873706
            -63682054,             -69278608
            -67194087,             -68268196
            -63348493,             -67415536
            -61478521,             -64094424
            -63281226,             -63490224
            -63517487,             -62145619
            -64181487,             -63623907
            -64422248,             -65866454
            -64320971,             -63835496
            -63553319,             -62418028
            -62808627,             -60247156
            -60435293,             -58896964
            -57804661,             -58374083
            -56221006,             -55766881
            -58522850,             -56266526
            -60759917,             -55556244
            -59031211,             -52136447
            -59635685,             -53409481
            -62692519,             -51562551
            -62298987,             -49183006
            -61879121,             -53462793
            -62576796,             -54067485
            -60857821,             -51942449
            -60446354,             -48665676
            -58120799,             -50574833
            -55231080,             -48940684
            -54552837,             -42421748
            -55097980,             -42523837
            -57785556,             -41251963
            -55325982,             -41980084
            -54300103,             -37618871
            -55627110,             -38545251
            -58526538,             -37797318
            -55884204,             -36667044
            -54878806,             -35643478
            -58288413,             -34644964
            -56290922,             -31425881
            -53440767,             -30084668
            -52461907,             -28282402
            -51323192,             -27316016
            -49114152,             -28020810
            -49440171,             -30654732
            -51098209,             -29882434
            -52325256,             -31523532
            -54046335,             -33217688
            -54098569,             -29900780
            -55573556,             -31136167
            -57111059,             -28469414
            -55185472,             -29045331
            -54580803,             -31640677
            -53786924,             -29566636
            -53703866,             -31186957
            -56168557,             -28465747
            -55098682,             -25981913
            -55107403,             -25382798
            -54428138,             -25451366
            -56858928,             -23489210
            -58635527,             -22922529
            -59858198,             -25172952
            -59270762,             -22852888
            -58892327,             -24319184
            -59893397,             -23940109
            -60988070,             -25634413
            -60749762,             -25996423
            -60715198,             -25126234
            -62218070,             -22214342
            -63502659,             -21811482
            -64953561,             -19322280
            -65599676,             -17407683
            -64478451,             -17104802
            -64904598,             -16876498
            -66651455,             -17894953
            -66639102,             -17834627
            -67462442,             -16725067
            -66084326,             -18293236
            -64251501,             -17317477
            -65296295,             -14748700
            -64778802,             -16855495
            -63647242,             -18236682
            -62327783,             -19802529
            -62409230,             -23125818
            -61520362,             -21102822
            -61520583,             -23610874
            -61603293,             -23067112
            -64352958,             -21868031
            -63467959,             -18396064
            -62732594,             -18880440
            -59712766,             -18104220
            -57146263,             -19616203
            -55098236,             -19759141
            -58160868,             -18011063
            -58891449,             -17103006
            -58083657,             -15885793
            -59377733,             -16111393
            -58689162,             -17964919
            -56624531,             -15441431
            -58289905,             -15472236
            -61611881,             -16901940
            -62648695,             -17941424
            -61214998,             -18011448
            -63213776,             -18929768
            -60928496,             -19666150
            -59346355,             -16722946
            -58546393,             -17677858
            -59748857,             -16801832
            -56654109,             -17457742
            -55988755,             -14439987
            -55285738,             -16827512
            -57724250,             -15183063
            -55100609,             -16195848
            -53593551,             -15618676
            -52709988,             -18084247
            -53687804,             -17297482
            -52061152,             -16307941
            -50333128,             -17106455
            -49287558,             -16065023
            -49290481,             -17943330
            -48329033,             -18743270
            -48442897,             -19787764
            -49566069,             -18416011
            -48586437,             -20255115
            -50970803,             -21484515
            -50819349,             -22773258
            -52682074,             -24611375
            -53431638,             -26202677
            -55797197,             -22988542
            -55829095,             -24499709
            -55054310,             -22149444
            -57143439,             -21279110
            -57722101,             -23351803
            -58874394,             -23890251
            -59658122,             -22428424
            -60938590,             -24139395
            -61890849,             -23548346
            -62362088,             -21456888
            -60437482,             -22392146
            -62769537,             -20117384
            -64079483,             -18953726
            -66285831,             -20032251
            -62701177,             -17753242
            -62374745,             -18104991
            -62933273,             -16163519
            -61590481,             -17158714
            -62432503,             -15933083
            -61613029,             -15085831
            -62069180,             -12069145
            -61586366,             -14463416
            -61343999,             -11472881
            -59169927,             -10024295
            -60043815,             -12521049
            -60926777,             -13754720
            -63628332,             -14889895
            -61714806,             -15193671
            -59133765,             -14544010
            -60749646,             -14017413
            -60754025,             -12416286
            -59011999,             -12444075
            -61271157,             -13747405
            -62603925,             -14773245
            -65045263,             -13736831
            -62717448,             -12324524
            -61934635,             -11119966
            -60292162,             -13825142
            -59108735,             -15803396
            -57732531,             -14602085
            -58388170,             -13131998
            -57064694,             -10576347
            -58548421,             -11140449
            -59680172,             -13090998
            -59133434,             -15902290
            -57040996,             -16753642
            -58466215,             -14929845
            -58950844,             -17221093
            -59797399,             -15453532
            -59071559,             -16197244
            -61425230,             -14414066
            -62545545,             -15016085
            -64641446,             -16020708
            -65389100,             -13527963
            -65198055,             -14874793
            -64087776,             -12772546
            -63885688,             -13028479
            -65593161,             -11563476
            -64320948,              -8802822
            -65103538,              -7115508
            -64805669,              -5580214
            -66582655,              -6726169
            -67163773,              -4467684
            -64889138,              -6799138
            -65175528,              -7724486
            -65727541,              -9651870
            -63104686,             -10231922
            -64664070,             -10548886
            -63196388,              -9315115
            -61766496,              -9062185
            -63084306,             -10583549
            -64633843,             -12092765
            -63155513,             -10831504
            -62648582,              -9003333
            -64585742,              -8212050
            -62672201,              -7127465
            -63797657,              -8139584
            -62446232,              -6155797
            -62070408,              -3423816
            -61373911,              -3560431
            -60649896,              -2630277
            -63312754,              -3399117
            -64041639,              -4509232
            -65810254,              -6121923
            -67125215,              -7403549
            -67822891,              -4604095
            -64587481,              -4619598
            -65361744,              -2811139
            -63375118,              -5202712
            -64126832,              -4508436
            -65575191,              -6352282
            -64986897,              -5167442
            -65598583,              -4174568
            -65531136,              -5721845
            -65353363,              -4224731
            -66442902,              -6314085
            -64063699,              -6509142
            -65190687,              -7637665
            -65506406,              -5246507
            -63334085,              -2358908
            -64092620,              -1096712
            -63459720,                319184
            -62617017,               -751451
            -64671484,              -2445971
            -65893361,                761450
            -65311695,                104757
            -63512611,               -119235
            -61943151,                -38556
            -64778791,               -474828
            -63563333,              -2417811
            -64259061,              -2345633
            -66910816,              -2580439
            -67601235,              -1432633
            -67525143,                506990
            -68549434,              -1081768
            -69635475,               1711565
            -68388160,               1700432
            -69064370,               1101604
            -66881098,               2699910
            -64165046,               2246634
            -63856640,                904002
            -62945395,                473257
            -61767943,                100216
            -62363127,               1475219
            -64926222,               1643663
            -65631024,               2541533
            -67396312,               2975758
            -67208779,               4952545
            -65108105,               5303008
            -62706901,               6615577
            -60839415,               8561688
            -59287067,              11223477
            -58027084,               9941984
            -59984268,               9430867
            -60373366,               6928622
            -58789159,               8582542
            -57780291,               7883538
            -60918110,               8511312
            -60325588,               8012906
            -60863767,               6547947
            -62005921,               5784879
            -62537883,               5901453
            -61547345,               5764772
            -62496062,               3502478
            -63373399,               1473790
            -65425312,               1929371
            -66538796,               2437488
            -68311336,               2405928
            -67123719,               3339343
            -64912696,               3948047
            -65930585,               3885184
            -65863451,               1487413
            -65560473,               -241859
            -64009812,               1777254
            -62448223,               1139981
            -61780847,                332375
            -63833201,               -769540
            -64814838,              -1426879
            -67195065,               -107564
            -66357348,              -1316796
            -67626246,              -2080637
            -68835447,              -2117846
            -69672848,                 90684
            -69675840,               -544491
            -70330988,              -2376456
            -69146253,              -3633245
            -69228286,              -2677322
            -69791888,              -2183189
            -71192532,               -301676
            -71546245,               2622590
            -69294627,               1431880
            -67419501,               2321219
            -67132702,               3121028
            -68496568,               3914157
            -70023893,               3486333
            -69095216,               4867542
            -70487972,               3959930
            -69032151,               2194088
            -69648621,               2191432
            -68530514,               1492570
            -70091826,               -675885
            -71221533,               -650825
            -70722253,                510675
            -71553645,               1711879
            -70107384,               1612706
            -70538625,                 83108
            -69545570,              -1016923
            -66906955,              -4435741
            -67936937,              -3523953
            -67063768,              -4949593
            -65103117,              -5479170
            -64654074,              -3632236
            -65079797,              -1952823
            -65732363,              -2449016
            -67146117,              -1739432
            -66899964,              -1323778
            -67232911,                879180
            -64927794,               4866883
            -64399883,               5836867
            -61679268,               6295277
            -59538934,               6171103
            -57935865,               5615598
            -57720427,               8053603
            -59540584,               9387188
            -58624597,              10109304
            -60481239,               8794179
            -61174366,               7979305
            -62094848,               9089545
            -61269517,               8229645
            -60527825,               7465701
            -61512058,               8190569
            -60527341,               7682431
            -60391124,               5706012
            -61449683,               5659961
            -62702834,               4398415
            -60481315,               3375817
            -59820845,               4474870
            -58600288,               2440842
            -56885962,                 43819
            -54880070,                158163
            -57779827,               3185238
            -58243919,               3068406
            -57270858,               1599013
            -57812049,               2669226
            -56827744,               1263443
            -56684715,               2080521
            -55509570,               1491332
            -53843480,               1155893
            -55383110,               1310076
            -56466362,               1163871
            -55463107,                942445
            -56745454,                849962
            -58418909,               1041283
            -59009520,               1029124
            -59452959,               1764971
            -59703168,                680929
            -58656746,              -1497886
            -58636327,              -3201074
            -59626663,              -1927724
            -58546467,              -1446737
            -58270357,              -1554263
            -59595494,               -289725
            -58595159,               1736593
            -56351995,               1405736
            -55797632,               3865699
            -54681951,               3346038
            -53907464,               3188799
            -53365535,               2007052
            -51918921,                764769
            -52742771,              -1494627
            -51813928,                484638
            -50066175,               1549506
            -50324767,               2894098
            -47221315,                943823
            -47399457,                689770
            -49386916,               1579451
            -48223928,               3738405
            -46642804,               5879423
            -45604237,               9083512
            -44587047,               7705337
            -43481817,               8097233
            -46229855,               8403617
            -41371180,               8811917
            -41101489,               8600283
            -42898119,               8030691
            -41182705,               7213442
            -40113264,               9208344
            -39235429,               6090468
            -39602873,               7549366
            -37484335,               6396753
            -37416437,               5303926
            -38546799,               3871934
            -39525414,               4077968
            -40847028,               3157133
            -41454331,               2265936
            -41027942,               3732714
            -41752411,               4780153
            -42042363,               5040313
            -41044367,               3721391
            -41852701,               1502434
            -41395602,               1075155
            -43760972,               -787267
            -44239273,               -954967
            -46195595,               -909036
            -45647293,                231122
            -46077497,              -1370056
            -45374161,              -1004182
            -45608670,              -2405534
            -45919229,              -1753572
            -46490106,              -3107228
            -47011627,              -3103479
            -48059350,              -2730346
            -48103343,              -2542596
            -48954731,              -2262603
            -50784744,              -1673513
            -49759730,                279372
            -48571404,                224843
            -49719800,                608666
            -48597353,               1334197
            -48491195,               1695059
