                    0,                     0
           1288480297,                     0
           1334004488,              -1259659
           2224058483,              -2249123
           2698087006,             -10005082
           2927946994,               3774325
           3077825851,             -31142429
           3388060661,              21336806
           3494773897,              -3735450
           3545093502,               8646293
           3653695824,             -17226589
           3797263234,             -31377523
           3824361447,             -33948886
           3907932703,             -11994026
           4000193676,             -15051509
           4012830813,             -24155684
           4068689781,             -16412957
           4081065443,             -25734082
           4137599091,             -19983148
           4145686937,             -14472237
           4184578447,              -7995896
           4193989695,              -3313800
           4218780606,               -699007
           4221938427,               1112888
           4226791638,                419825
           4242301535,                -46960
           4251102641,               -281214
           4261263621,               -747229
           4262974921,               -955168
           4268168970,              -1642105
           4275523381,              -1109439
           4275794892,               -716980
           4281306651,               -515647
           4285158174,               -551299
           4285238602,               -573879
           4282439665,              -2602891
           4280339604,              -3219035
           4284468680,              -1801372
           4285227333,              -3275417
           4286117018,              -3987596
           4288265358,              -3065564
           4289177559,              -3662350
           4289485165,              -3284046
           4289856033,              -1519670
           4291366097,              -1314280
           4291860110,              -1098119
           4291968885,              -1087060
           4295112411,              -1264104
           4295265115,              -1333643
           4292608207,              -3083564
           4293917040,              -2189327
           4293875834,               -977905
           4294034464,              -1339798
           4295533827,              -1221422
           4295127705,               -641806
           4294554788,              -1553246
           4294334463,              -1383388
           4294971575,                435428
           4294076686,                534214
           4294405174,               1777089
           4295397097,               1782508
           4295044986,               4404484
           4295053421,               3908829
           4295022145,               3641012
           4295325097,               2991386
           4297169144,               3957760
           4295610274,               2935955
           4294116179,               4973429
           4293631668,               1097519
           4293431438,               1830841
           4293955446,               1849052
           4294776409,               1831032
           4294958612,                692375
           4295123259,                890808
           4294902461,                896394
           4294825677,               1997684
           4294234575,                968795
           4295074284,               -580273
           4295331351,               -142112
           4294801280,                348413
           4294805585,                -29997
           4294279080,                 91393
           4294351167,                217217
           4296127328,                823852
           4295038227,                700668
           4293029136,               2189379
           4293859211,               1638455
           4294218959,               2060630
           4293760016,               1285559
           4294848339,                711416
           4295114114,               1646643
           4294104567,              -1545833
           4293406695,              -1395435
           4294062359,              -1172786
           4294419178,               -747819
           4294242122,              -1207916
           4293375252,              -1334799
           4293644403,              -1025969
           4293875632,               -488302
           4294683592,               -975940
           4294767859,              -1174155
           4295245159,               -872515
           4294668005,                535303
           4293512715,               -929349
           4292945041,              -1063214
           4293252518,              -1500010
           4294178070,               -964702
           4293968004,              -1729644
           4295856640,              -1220491
           4295593902,              -1303729
           4295393886,               -829836
           4295403563,               -966479
           4295038203,               -463062
           4295292392,               -107733
           4294875862,               -404866
           4294853806,               -244528
           4294683481,               -654855
           4294896333,              -1297460
           4293606414,                128944
           4294499063,                512238
           4294655449,               -384776
           4294695017,                 54034
           4294604425,                207811
           4294259735,               1277800
           4293920175,               1280848
           4294183022,                433524
           4293868145,                492734
           4294030644,                662840
           4294065178,               3400816
           4293119395,               3593559
           4293258210,               2956994
           4292765621,               2781084
           4294474293,              -1282497
           4293730488,              -2507442
           4294150733,              -2711826
           4293917728,              -2430113
           4294295429,              -1244997
           4292829326,              -1359307
           4292210101,              -1908252
           4292278797,              -2690326
           4292120305,              -1499391
           4292714546,              -1542680
           4294689054,              -5900696
           4292912272,              -4744395
           4293685851,              -2926256
           4294505963,              -3881795
           4293115237,              -3605710
           4293477603,              -2578646
           4293127734,              -2392355
           4293446304,              -1567086
           4295164505,               -356069
           4295173373,                 -5761
           4295204030,               2853126
           4294045044,               2000534
           4293459807,               1138478
           4292571687,               1087469
           4292506967,               1277594
           4293359169,               1084793
           4293686669,                303829
           4292653485,              -2115263
           4295045167,                360631
           4294535278,                622970
           4293931439,               1007112
           4294107559,                887206
           4294502918,                884291
           4293615143,                252554
           4293990965,               1227202
           4294242105,               1568553
           4294147677,               1490209
           4295654503,                803672
           4295713705,                513461
           4296649012,                116805
           4296617607,                105356
           4299430114,               -384145
           4299028194,                103588
           4299351749,               -368734
           4298484525,               -501481
           4298470398,               -625862
           4294197996,              -2271174
           4293205133,              -1616980
           4294242462,              -1776002
           4295206551,              -2679888
           4295103669,              -2456903
           4296115610,              -2086085
           4296545684,              -2295262
           4296119401,              -1207305
           4296471237,              -1538215
           4296092552,               -926062
           4295958864,               -461868
           4296278883,               -140468
           4296126864,                -63675
           4294460146,                640471
           4294793795,                271351
           4295154388,                 35289
           4295548089,               -377141
           4296626054,              -1549215
           4295738654,               -429966
           4294616381,                256727
           4294405846,                476449
           4294502421,                859609
           4293992684,               1471558
           4293881264,                108274
           4292768580,               1184289
           4293024270,                593282
           4294033560,               1093932
           4293988447,                780205
           4293859477,                659309
           4294626926,                440529
           4295011445,                949398
           4295461999,                453953
           4295689200,                430860
           4295706083,                479558
           4291851186,               -310817
           4295453849,               1087725
           4294912684,               1607507
           4295125030,               1681886
           4295372994,                271990
           4295417785,                193608
           4295873998,               -316740
           4295753015,               -423291
           4298804283,               5995556
           4297935565,               4352165
           4297589227,               3394291
           4297581683,               2765434
           4296617074,               2209095
           4295961913,               1656820
           4297078372,                647377
           4295978188,                436169
           4296367870,               1110253
           4296306476,                -31113
           4296336147,                -32439
           4294644966,               -832604
           4294688081,               -752429
           4295240417,               -331102
           4295564891,               -128723
           4295312168,                 -5049
           4294366643,               -566130
           4294323451,               -913591
           4294543509,              -1283948
           4294761278,              -1380560
           4294598382,              -1432149
           4293675293,               -216773
           4293930441,                 59009
           4293429483,               -977284
           4291654681,                604125
           4292619982,                452641
           4290649089,              -1860392
           4291256024,              -1752756
           4291735390,              -1278650
           4291945434,               -935178
           4292251008,               -620655
           4291497309,               -873095
           4292326801,               -858006
           4292850958,               -862336
           4293364635,               -831006
           4294941060,               -109723
           4295428846,              -1820291
           4295908514,              -1359939
           4292586547,               2118305
           4293162424,               -611121
           4293616984,               -600598
           4293255426,               -924584
           4293157244,               -698026
           4294648653,               -843637
           4294760365,              -1211136
           4293760017,                189622
           4293811096,              -1049304
           4293992362,               -646607
           4294463920,               -502878
           4294395332,               -520419
           4294502915,               -236482
           4293996881,              -1009164
           4294173912,               -753929
           4294169221,               -725457
           4295856295,                807100
           4295487677,                955979
           4295647705,                630618
           4295458322,                956589
           4295116960,                597580
           4295398884,                483157
           4295345376,                353763
           4296560163,               1410158
           4295967946,               2025401
           4295723236,               1791553
           4295709620,               2098327
           4295882650,               3249806
           4296889240,               1157556
           4295516907,               2180835
           4295445400,                931734
           4295387867,               -149413
           4295162034,               2023095
           4295288153,               2731026
           4295020443,               4040555
           4294655595,               2557424
           4294824894,               3399345
           4294769981,               1840047
           4294380264,               2248818
           4294684095,                832066
           4295381689,                299891
           4295936804,                551691
           4296008255,                369351
           4295244294,               1079421
           4295561920,                302392
           4295958604,              -1990732
           4296095004,              -1078244
           4295464487,               -894130
           4295596129,               -750371
           4295147954,               -605201
           4294817347,               -526424
           4295260169,                -17167
           4295449583,               -268162
           4294927075,               1093432
           4294214824,               1419593
           4294099322,               1264370
           4294770157,               1587784
           4293301387,                 82237
           4293871044,                813507
           4292933754,               1241299
           4293202827,               1347778
           4293476087,               1445692
           4293898721,               1521330
           4293898225,               1712241
           4292091399,                710834
           4293767557,               2685655
           4294309159,               2846935
           4294278683,               2302974
           4294587269,               2584558
           4294191762,               2139388
           4293759407,               2367221
           4293263577,               2345539
           4293691016,               2667359
           4293929790,               3146644
           4294346166,               3454801
           4294343137,               4429367
           4293945934,               4253947
           4294096831,               2879054
           4295783272,               2334267
           4296458741,               1645134
           4294877764,               2275864
           4293808347,               1321138
           4292988111,               1130928
           4292687587,                837271
           4294836448,                916805
           4295136436,               -273666
           4295026663,               -218899
           4293845016,              -1654953
           4293859500,              -1485152
           4293934813,              -1079642
           4291949348,                988679
           4293081415,                389577
           4294659314,               1368459
           4294970261,                338271
           4294858956,                702122
           4295942787,                890925
           4295622014,               -550036
           4295806629,                -58013
           4295979031,               -316237
           4293456061,              -1718338
           4293456553,              -1075225
           4293224658,              -2016223
           4293818830,              -1675468
           4294274205,              -1240257
           4294030195,               -302016
           4293976191,               -583515
           4292737094,               -410460
           4293177453,               -246664
           4292932890,               -400291
           4292980416,               2612406
           4294190399,               2108452
           4293590958,               2977425
           4292403120,                986756
           4293482712,               1402531
           4294883136,                520760
           4295551574,                124174
           4296098372,                542580
           4296305143,                692123
           4296155603,                667264
           4292384400,               1446469
           4294584170,               1185638
           4294412858,                969425
           4294628998,               1858717
           4293851903,               1655946
           4293112347,                -29958
           4293196997,                140496
           4293470941,               1322440
           4293758048,               1778103
           4293721270,               1406153
           4293711281,               1677711
           4293746628,               1731620
           4295001120,                730722
           4294942459,               -678937
           4295102543,               -498026
           4294964902,                237334
           4295056030,               -267418
           4294961072,                -52495
           4294649131,                344252
           4294541831,                450431
           4294719002,                479211
           4293616570,                875710
           4294275433,                268497
           4293318548,                692179
           4294032428,                979997
           4293984858,                   772
           4294308522,               -247589
           4294895491,                 71347
           4295802908,               -404568
           4296431775,              -2236032
           4295489482,              -2087259
           4295915959,              -2322701
           4296169261,              -1960626
           4296510049,              -2179986
           4296322581,              -1623951
           4295902456,              -1874840
           4293862933,               -120351
           4292808709,              -1011056
           4292291758,              -1214402
           4294543049,              -1218030
           4295052828,              -1199192
           4294944360,               -793994
           4294966009,               -788487
           4295149556,               -650445
           4295125157,               -589584
           4295869138,              -1199503
           4295186038,               -802103
           4294579126,               -253608
           4294590012,               -408859
           4292187307,               4770606
           4292481274,               2666303
           4292914594,                 49122
           4293819115,                300241
           4294313138,               -224818
           4294242924,               -209914
           4294395830,              -1312661
           4294809686,               -983144
           4294582475,               -611422
           4295031476,               -652435
           4294668643,               -413903
           4294771734,                344008
           4295593303,                525828
           4295406012,                509694
           4295256505,                577737
           4296403621,              -5026577
           4297083287,              -5901910
           4296504607,              -5438975
           4293817468,              -2589062
           4293408431,              -1655668
           4293906124,              -1445384
           4293701163,              -1202455
           4294181255,              -1084192
           4293982431,               1092525
           4293875264,                389766
           4293165143,                361989
           4293366840,               -964266
           4293102154,              -1167195
           4293831316,              -2309147
           4294975386,              -2973131
           4295183012,              -3519690
           4294037261,              -1932717
           4294422510,              -2551111
           4294293665,              -1192383
           4294282382,              -1295666
           4295435366,               1475480
           4293461682,               1465280
           4293893329,               1686667
           4294813774,               -335258
           4294686042,               -399389
           4294673043,               -254168
           4294954383,                265417
           4295504034,                632781
           4295317496,                447106
           4295654629,               -728775
           4296343534,               -538880
           4295949168,              -1281592
           4296854633,              -2188649
           4297269745,               -786353
           4296573417,              -1039121
           4296682529,              -2076646
           4295519427,              -1398398
           4295890741,              -1678023
           4295747085,              -1652216
           4296140256,              -1876943
           4296016407,              -1447762
           4295061285,               -978722
           4294172356,              -1727463
           4295183949,              -2009467
           4296175457,               -550813
           4296329679,              -1284650
           4296836150,              -1686552
           4296652953,              -1540404
           4295967150,               -546149
           4296224040,                -19360
           4296140053,               -303244
           4295561927,               -686745
           4296042228,              -1266912
           4296069912,               -821969
           4296083316,              -1023596
           4295333039,                 89566
           4295093052,               -445524
           4295648178,                 57116
           4295639605,                 30367
           4294647643,                 72928
           4294449904,                383683
           4294236306,                590321
           4294610486,                339691
           4295028408,                 25267
           4294988627,                 23410
           4293101723,               -434073
           4291834353,                711840
           4292763442,                549632
           4292543836,                578268
           4291776377,                492157
           4291164826,                775251
           4292111339,               -821222
           4292051773,               -810880
           4293051380,               -824023
           4293785687,              -1154844
           4292954495,              -2431842
           4293349266,              -1581176
           4293428566,              -1643155
           4293759048,              -1549977
           4294710207,              -1807919
           4293683023,              -1269281
           4293773980,               -151564
           4294231324,                233005
           4294810410,               -304865
           4294212502,                -30953
           4294450849,               1677644
           4294375864,               1391867
           4292815624,               1476268
           4289765906,               -343136
           4288157711,              -1070008
           4290131968,               -840619
           4290847266,              -1284687
           4290941294,              -1870023
           4291554981,              -1857608
           4292023048,              -1144072
           4291040685,              -2160530
           4291697984,              -2985550
           4292478114,              -1671716
           4292839246,               -164976
           4293378176,               -537456
           4293719102,               -146692
           4295673907,                421086
           4295506101,               -887078
           4295855611,              -1011131
           4296906549,               -318186
           4297337896,                192630
           4297773257,                195681
           4295958803,               1815833
           4295923951,               2270340
           4296129394,               2052080
           4296415410,               3878469
           4296003146,               3867334
           4296281998,               3898440
           4294694584,               3598177
           4294152299,               4036564
           4294696673,               2695814
           4295104101,               2819006
           4294517292,               2215048
           4294145556,               1804092
           4293941403,               1960317
           4293271188,               1384026
           4294203818,                952337
           4293756954,                178078
           4294186063,                675773
           4294072270,                418771
           4293157826,              -1449164
           4294776494,                -76913
           4294102303,               -475209
           4294326820,               -262479
           4294408253,               -314997
           4294392939,                -78205
           4292347317,               1920299
           4292275243,               1808810
           4292693749,               1359649
           4293200323,               1117138
           4293567166,               1318561
           4293836221,               1764137
           4293286380,               2099120
           4293158313,               1605873
           4293839425,               1409336
           4294329834,               2143561
           4292509366,                589427
           4293060929,               1612762
           4293302306,                952550
           4292227483,                744083
           4293761246,               -898556
           4293805978,               -648746
           4292450475,                 61616
           4294217720,               -258032
           4294249674,                 33419
           4294887028,                212754
           4294531191,               2204184
           4296261178,               2349536
           4295796378,               1083454
           4295192225,               2816695
           4295096526,               3365353
           4295011754,               4451366
           4295385026,               2874306
           4294992569,               2055173
           4296615283,               3463228
           4295221405,               2819881
           4294326969,               1479265
           4294389815,               1696558
           4295039891,               -951802
           4295284456,               -947827
           4295606614,               -875862
           4295831779,               -191018
           4293886878,               -603086
           4293339838,               -108836
           4293831654,                787141
           4293899864,                746060
           4292804531,               1531914
           4293944121,               1451781
           4293400685,               1217066
           4291840622,                964697
           4292329328,                601917
           4293859624,                -17873
           4293705956,               -116311
           4295054322,               -109282
           4295148037,                -59504
           4295536345,                351324
           4295455236,                 36587
           4295489850,                 51011
           4295202393,               1043105
           4294238386,                638223
           4296100006,                346910
           4295340233,                -62362
           4295637770,               -640720
           4295447502,               -625300
           4295431291,               -136680
           4295311543,                 -5537
           4295041950,                390419
           4294307650,               -409706
           4293197697,               -857371
           4291716322,                470468
           4289874523,                205739
           4290992685,                776232
           4291596529,                431641
           4292591549,               -261614
           4292432886,                -31047
           4294246178,               3104326
           4294487466,               3596705
           4294771777,               3131812
           4294231199,               2533349
           4294536823,               2702776
           4294033211,               2229732
           4293805448,               -360457
           4294791554,               -370549
           4294907967,               -442593
           4294691058,               -104880
           4295198616,               -839589
           4297444150,               -361690
           4297075860,              -1053506
           4295985939,               -727685
           4297272609,                540007
           4296580675,               -413687
           4296475267,               1521778
           4295698721,                889596
           4297295592,                433344
           4297015203,                639623
           4297843325,               -967471
           4295885627,                -90102
           4295689268,                223180
           4295997564,               1279866
           4296771055,               -337490
           4295897919,              -1182142
           4296908658,                987529
           4296639991,                 52186
           4296859978,               -282502
           4295066063,               1461512
           4295282098,               1240869
           4294715640,               1587758
           4293908896,               4070935
           4294485465,               3706426
           4294526883,               3523604
           4293954277,               2813302
           4294636491,               2797235
           4291685814,                 56199
           4292260967,               1014152
           4292847620,               1186190
           4293306519,               -177209
           4292056754,                579720
           4293321769,                841896
           4293228813,                597189
           4293619661,                538840
           4293536271,                752062
           4294174413,                  9772
           4294249662,                -31488
           4294366978,                566516
           4294453348,                639396
           4294637316,               -233072
           4294625875,                 13968
           4295002446,                 -7670
           4294381334,               -732823
           4294631328,               -992655
           4294847901,               -169871
           4295153379,                -43669
           4295294702,                -85527
           4294992103,                201920
           4294855063,                542384
           4295024281,                693904
           4294588220,                710718
           4292175482,               2776591
           4292373960,               2619602
           4293787792,               3000532
           4293211643,               2374931
           4293628173,               1401061
           4294342765,               1654222
           4293919970,               1213732
           4294201779,               2063635
           4292812027,                -61311
           4292276567,               -101010
           4292685241,              -1637207
           4292424404,              -1628593
           4293325546,              -2629051
           4293730641,              -2330475
           4293552055,              -1912848
           4294077643,              -2534140
           4294533298,              -2368322
           4294699213,              -1601229
           4294495756,              -1167169
           4294610634,              -1316238
           4294619283,              -1696856
           4294607997,              -1856434
           4294929689,              -1922812
           4294853817,              -3134610
           4294710858,              -2668279
           4294836841,              -2499798
           4295041782,               -718763
           4297187756,               -180826
           4297333581,               1369511
           4296510905,               1011600
           4296642768,                988843
           4296052711,                519806
           4296488956,                700893
           4295779376,               -132071
           4295913390,               -510910
           4295968388,               -150578
           4295966370,               -778844
           4296600970,                 12632
           4296607499,               -605318
           4296942948,               -231892
           4297234431,                125451
           4295844787,                441636
           4296197924,               -505524
           4294957125,              -1442157
           4293741617,              -2704661
           4293045085,              -2071209
           4293082843,              -1003278
           4294322002,              -1692981
           4294686646,               -925526
           4294474049,              -1133190
           4295605758,               -618224
           4297780091,              -2412550
           4297294647,              -1017514
           4298770136,               -724788
           4297790853,               -799338
           4297665392,               -503618
           4297277420,                 20366
           4297050966,                176371
           4296459357,               -748422
           4295726813,                -60403
           4295837531,                481767
           4295609598,               2014227
           4295133804,               2045530
           4295181352,               2083251
           4295207176,               2060844
           4295538023,               1412172
           4295946247,               1310298
           4296148836,               -716109
           4296333350,               -537969
           4296061184,               -604489
           4296027452,              -1504143
           4295995991,              -2413590
           4295259238,              -1698759
           4294401828,              -2329597
           4294605608,              -2363807
           4294485312,              -2364880
           4297113103,              -3910638
           4297587969,              -3427520
           4297571118,              -2943521
           4297879005,              -2745814
           4295610320,              -5359006
           4295345167,              -3659056
           4294398859,              -3163855
           4294217958,              -2660939
           4293873768,              -1694348
           4293352997,              -1366140
           4295020313,               -921852
           4294824371,              -1376008
           4297281717,               1155221
           4296316195,                251868
           4296279862,                109158
           4295449886,                656910
           4294342160,                790038
           4294432552,                778280
           4294857430,               1160808
           4295073732,                784609
           4294756199,                413748
           4295111541,               1113586
           4295142407,               1218960
           4296152375,               1627709
           4296097854,                563393
           4295076527,               -303696
           4295529241,                -10885
           4293807469,               1493536
           4294078354,                311437
           4294078704,               -600593
           4293808272,               -504585
           4293568035,                106781
           4293745300,               -110556
           4291251007,              -1504829
           4292283175,              -1518542
           4292833245,               -865587
           4292818937,               -982566
           4292645709,              -2746156
           4293205782,              -2687738
           4293334360,              -1568463
           4293398452,              -1175979
           4293354434,               2396604
           4293365322,               2124781
           4293598780,                416958
           4294554046,                -44706
           4294655664,               -251380
           4294823158,                 98314
           4294732664,                265654
           4295378663,               1135590
           4295127944,               1284255
           4295094473,               1347280
           4296011267,              -1378919
           4296700372,              -2253023
           4297778665,               -584806
           4297244156,                 20305
           4297228971,                -42795
           4296705262,               -702141
           4296778967,               -647193
           4301060219,              -2467146
           4300595825,              -3643830
           4299638400,              -3212752
           4299609928,              -3215149
           4298703785,              -2853729
           4297350431,              -2138309
           4297339633,              -2138300
           4297378271,              -3990725
           4296437693,              -4526373
           4294347341,              -3200403
           4294297498,              -2991518
           4293922995,              -2323223
           4293528172,              -2748390
           4294442040,              -2998910
           4294414738,                780156
           4294579153,               1404601
           4294509236,               1380329
           4294537480,               1387085
           4290870722,               2623105
           4293210329,               2286768
           4293587856,               2042811
           4292747311,               2795944
           4289230161,              -1984483
           4289765964,               -668506
           4290067883,               -950448
           4290627202,               -779506
           4291813933,               1915706
           4292765528,               1849257
           4292408050,                838951
           4295132492,               1042538
           4295569265,                577443
           4295157037,                278179
           4296139203,               -236645
           4295105674,                312726
           4296028011,                843923
           4295519072,                817785
           4295938518,               1387393
           4294987342,               1610664
           4294829471,                939027
           4294856239,               1603023
           4295336262,               -558489
           4294705594,              -1657239
           4296195853,              -1129729
           4296165477,              -1386765
           4295347441,              -1360762
           4295608429,              -1158899
           4295393631,              -3174187
           4294604785,              -3330617
           4293897911,              -3344835
           4293905268,              -3512879
           4293695334,              -3044288
           4295032219,              -1459154
           4294715613,               -917357
           4294913294,               -824462
           4294548516,               -259851
           4294894990,                 21882
           4294813345,                -65038
           4294514782,                418815
           4293356585,                701140
           4292831952,               -505217
           4293062885,                440163
           4294433000,               1381760
           4294147248,               1905074
           4292815649,               3138367
           4293898247,               1962302
           4294408029,               2791560
           4294406556,               2084982
           4295033185,               1473279
           4295463706,               -221956
           4294912644,                627169
           4294648036,                -12371
           4295468815,               -854286
           4295459935,               -825194
           4295434389,               -779829
           4294788951,                649556
           4294363802,                372467
           4294549680,               -314941
           4295108738,                  7207
           4295462854,                -82279
           4295991073,                223615
           4296025500,               1210887
           4296675410,                518409
           4297277330,               -453411
           4297747508,                362052
           4296476818,                857909
           4297501687,               -138785
           4297535377,              -1412281
           4296924527,              -2073448
           4297118042,              -2314884
           4296927316,              -3862637
           4296646243,              -4356919
           4296330188,              -3977123
           4295504658,              -3246683
           4295146823,              -3436067
           4295175180,              -3293310
           4296180050,              -2730545
           4295943004,              -1514209
           4296468035,                -47111
           4296600573,                -72875
           4296517637,               -680277
           4296305777,               -853462
           4295927006,               -739290
           4296006276,               -895848
           4295382445,                648579
           4295106060,                 72426
           4294902697,                 94601
           4294468264,                  6966
           4293677002,               -877821
           4294850613,                156481
           4295552606,                184190
           4295363659,                645013
           4295262011,               1260307
           4295616051,               1000351
           4296061057,                121198
           4296422037,                514834
           4297381056,               -925775
           4296931395,               -751324
           4295895062,               -609388
           4296472910,                506356
           4296569265,               -129717
           4294689185,              -1000641
           4294084914,               -920733
           4293870286,              -2253703
