0,0
1,-1
0,0
0,0
0,1
-1,0
0,0
0,0
0,1
0,1
0,1
0,1
0,0
1,0
1,-1
0,-1
0,-1
0,0
0,0
0,-2
0,-2
0,-1
-1,0
0,0
1,0
1,0
0,-1
0,-1
1,0
1,0
1,-1
0,0
-1,0
-1,0
0,1
-1,0
-2,-1
-1,-1
-1,-1
0,0
0,0
1,0
0,0
-1,-1
-2,-1
-1,0
0,0
0,0
1,-1
0,-1
0,-1
0,0
0,0
0,0
0,1
-1,0
-1,-1
0,0
-1,1
-1,1
-1,2
0,0
0,0
1,1
-1,1
-1,-1
-1,-1
0,1
1,0
0,-1
-1,-1
-1,0
0,0
0,1
0,-1
-1,0
-1,0
-1,0
1,0
0,0
0,1
1,0
0,0
0,0
0,1
0,0
0,0
0,0
0,1
0,1
1,0
1,-1
1,0
0,-2
0,-1
0,0
-1,0
0,0
0,1
0,0
0,0
0,0
0,-1
1,0
1,0
0,-1
0,0
0,0
1,0
0,-1
-1,-1
0,-1
-1,-1
-1,-1
0,-1
0,-2
0,-2
-1,-1
-1,1
-1,1
0,0
1,-1
0,0
0,0
0,-1
0,-1
0,0
1,0
1,0
0,0
-1,0
0,0
0,0
1,0
0,-1
0,-2
0,-1
0,1
0,1
1,0
1,0
1,-1
0,0
0,0
0,-1
0,0
0,0
0,0
1,0
1,1
0,0
0,0
0,1
0,1
0,2
0,1
1,1
0,1
0,0
1,-1
0,-1
0,-1
-1,0
0,0
0,-1
0,-1
0,0
1,0
0,-1
0,0
0,0
1,-1
0,-1
0,0
1,0
0,0
-1,1
-1,0
0,-1
-1,-1
0,0
0,0
0,0
1,0
0,0
0,0
0,-1
0,0
0,1
0,0
0,0
0,0
0,0
0,1
0,0
0,0
0,-1
0,0
0,-1
0,0
1,0
0,0
1,1
1,0
0,0
-1,0
-1,1
1,1
0,1
-1,0
0,0
0,0
0,0
1,0
0,0
-1,0
0,-1
0,-1
1,1
-1,1
0,0
0,0
0,-1
0,0
0,1
-1,0
-1,0
0,0
0,0
0,-1
0,-1
0,-1
0,0
-1,1
-1,-1
-1,-1
-2,0
-1,0
0,1
0,2
0,1
0,0
1,-1
1,0
0,0
-1,0
-1,0
0,-1
0,-1
-1,0
-1,0
-1,0
-1,0
0,0
0,0
0,0
0,-1
1,-1
1,-1
0,0
0,0
0,0
0,0
0,0
0,0
-1,0
0,-1
0,-1
0,0
0,0
0,0
-1,-1
0,0
-1,-1
0,-1
1,-1
0,1
0,1
0,0
0,0
0,0
0,0
0,0
0,0
-1,0
-1,-1
-1,-1
0,-1
0,-1
-1,0
-1,0
-1,0
-1,-1
-1,-1
0,0
-1,0
-1,0
0,-1
1,0
0,-1
0,-1
-1,0
1,0
1,-1
0,-2
0,-1
1,0
1,0
1,1
1,1
1,0
1,0
1,1
0,0
0,0
1,1
0,1
-1,1
0,0
0,-1
0,0
-1,0
-1,0
0,0
1,0
0,-1
0,-2
1,-1
1,-1
0,0
0,1
1,-1
1,-1
0,-1
-2,0
-1,1
0,0
0,-1
0,0
0,0
0,-1
-1,-1
-1,0
0,1
0,1
1,1
1,0
0,0
1,0
1,-1
1,0
-1,0
0,-1
1,-1
0,0
0,1
0,0
-1,1
-1,0
0,-1
1,-1
0,-1
0,0
0,1
0,0
-1,0
-1,0
-1,1
1,0
2,0
1,-2
0,0
0,0
0,0
0,0
1,-1
0,0
0,1
0,1
0,0
0,0
0,0
0,1
0,1
-1,0
-1,0
0,0
0,0
0,1
-1,0
-1,0
0,1
-1,0
0,0
0,0
0,0
0,0
-1,1
-1,0
0,0
1,0
0,1
0,-1
1,-1
0,0
-1,1
0,1
0,1
0,1
0,0
1,1
1,1
0,0
0,0
1,0
0,-1
-2,0
-2,0
0,0
0,1
0,-1
0,-1
0,-1
0,-1
-1,0
-1,1
-1,-1
0,0
-1,1
0,0
0,1
0,1
0,0
1,-1
1,-1
0,0
0,0
0,0
0,1
0,1
0,1
1,0
0,-1
1,0
1,0
1,0
0,0
0,0
0,0
0,-1
1,0
0,0
0,1
0,0
1,0
0,0
1,0
0,0
0,-1
1,-1
0,0
0,-1
-1,0
-1,0
-1,1
0,1
0,1
0,0
0,0
0,0
-1,0
0,0
1,0
1,0
0,0
0,-1
1,0
1,0
0,-1
0,0
0,1
1,1
1,0
0,-1
0,-1
0,-1
0,1
1,1
1,0
0,0
0,0
0,-1
0,0
0,-1
0,0
0,-1
0,0
0,0
1,0
0,1
-1,1
0,0
1,0
1,0
0,1
0,0
1,0
1,0
0,1
-2,0
-1,0
-1,0
0,0
0,0
0,1
0,0
0,0
0,0
-1,0
-1,-1
-1,-1
0,0
0,0
1,0
0,0
-2,0
-1,0
-1,1
-1,1
-1,0
-1,-1
0,0
0,1
0,0
0,0
0,1
1,0
1,0
0,0
0,1
0,0
0,1
0,0
1,0
0,0
0,0
0,-1
1,0
0,0
0,0
0,-1
1,-1
0,0
0,0
0,0
0,1
1,1
1,1
0,0
0,-1
0,0
0,0
1,1
0,0
1,-1
2,1
0,0
0,1
0,0
1,-1
2,0
1,2
1,1
2,0
3,2
4,2
5,4
5,7
3,10
2,11
4,13
8,14
11,16
14,16
14,15
15,17
18,15
18,14
13,20
7,23
7,24
1,25
-6,24
-8,25
-7,25
-9,24
-11,24
-11,25
-18,21
-23,15
-26,10
-28,5
-27,9
-24,17
-19,23
-14,26
-13,27
-15,25
-21,21
-23,21
-26,18
-29,11
-30,8
-30,12
-27,18
-25,20
-26,19
-25,22
-23,25
-21,26
-16,30
-15,30
-7,32
4,33
-1,34
4,33
10,33
11,33
13,33
16,32
27,24
30,21
23,27
23,28
26,27
19,33
14,34
19,33
28,27
34,19
33,19
35,16
33,22
28,29
27,30
26,31
27,30
33,24
37,15
34,19
21,33
5,41
3,43
-2,42
-6,43
11,40
29,32
18,38
-2,43
-10,44
-19,41
-30,35
-33,33
-33,32
-27,36
-32,27
-46,2
-49,-3
-48,-4
-47,9
-46,10
-48,1
-49,2
-49,6
-49,0
-42,-21
-30,-40
-27,-45
-15,-49
6,-50
3,-51
-8,-53
-6,-53
-10,-53
0,-53
23,-47
36,-40
21,-49
16,-51
31,-42
45,-30
47,-29
41,-38
40,-40
41,-39
51,-15
53,16
49,30
46,36
40,43
42,42
51,30
59,14
61,5
60,-8
59,-10
61,-6
61,-8
57,-21
53,-32
54,-29
61,-5
64,2
61,-21
54,-36
59,-26
64,-16
63,-21
63,-10
68,5
69,-4
67,-15
65,-8
64,22
65,27
57,40
46,52
27,63
-4,68
-28,65
-41,60
-50,52
-64,37
-69,24
-64,36
-65,38
-56,49
-38,66
-47,61
-49,61
-41,68
-34,71
-42,66
-61,45
-76,20
-79,13
-80,7
-78,-14
-71,-40
-68,-47
-71,-41
-80,-24
-81,-25
-67,-49
-56,-65
-61,-62
-60,-64
-61,-62
-76,-43
-80,-37
-85,-4
-82,32
-78,41
-86,17
-90,-7
-90,0
-80,40
-56,73
-37,84
-16,91
-30,86
-49,79
-54,78
-37,88
-24,93
-36,89
-56,78
-59,76
-66,71
-84,44
-96,3
-98,-17
-93,-37
-88,-50
-91,-43
-101,-6
-102,-6
-101,-23
-104,-12
-100,-26
-97,-40
-103,-23
-107,1
-101,35
-80,70
-63,88
-62,89
-75,79
-79,76
-79,77
-85,72
-86,71
-73,82
-86,66
-106,39
-105,46
-105,46
-101,56
-86,79
-77,89
-60,101
-41,111
-23,116
-16,119
-6,120
-17,118
-26,118
4,122
25,119
24,120
31,117
60,106
43,116
28,121
4,125
1,126
17,127
18,127
23,126
20,124
-30,118
-86,90
-111,67
-114,65
-116,59
-109,69
-86,100
-95,93
-111,74
-102,86
-77,107
-93,94
-96,94
-71,116
-51,127
-42,130
-50,127
-52,128
-25,137
2,140
18,138
22,138
24,138
30,138
66,125
98,101
95,103
60,128
45,137
51,135
52,136
58,132
25,132
-63,121
-100,107
-78,124
-29,143
18,146
44,141
88,115
134,56
148,30
148,24
146,32
149,15
149,12
144,47
143,53
148,-5
142,-50
149,-19
153,-5
150,-28
150,-25
151,20
151,31
152,32
155,10
150,16
134,68
123,96
138,74
151,48
152,41
142,61
124,94
128,90
124,94
98,123
84,137
97,126
127,94
140,78
141,77
130,94
127,99
136,87
152,45
161,-4
161,2
159,22
155,-25
142,-77
122,-104
81,-140
64,-151
59,-153
69,-147
106,-119
130,-97
104,-124
88,-138
56,-149
20,-158
33,-159
-4,-164
-52,-154
-63,-147
-9,-161
-12,-164
-34,-161
-61,-153
-52,-155
-36,-159
5,-162
53,-151
111,-110
121,-107
110,-123
123,-109
136,-94
110,-118
58,-152
73,-142
125,-100
136,-90
135,-87
158,-28
165,-8
160,-40
143,-82
143,-75
160,-23
166,-9
163,-21
151,-58
158,-18
163,26
164,22
162,-21
154,-60
154,-58
159,-45
151,-67
129,-101
140,-73
160,-8
163,21
164,7
163,24
164,23
159,-31
147,-74
123,-109
124,-106
142,-82
127,-101
83,-140
43,-157
13,-163
-8,-164
-4,-162
3,-165
9,-164
47,-156
55,-152
4,-161
5,-162
42,-158
30,-161
16,-161
55,-152
81,-141
108,-121
89,-135
59,-151
82,-140
91,-137
83,-140
92,-135
100,-129
125,-96
150,-62
141,-81
127,-100
102,-126
96,-131
67,-146
42,-157
34,-160
15,-163
-8,-163
-54,-152
-85,-137
-114,-115
-126,-102
-134,-90
-116,-106
-96,-126
-134,-78
-157,-24
-155,29
-146,65
-149,57
-147,59
-104,115
-57,150
-60,148
-79,137
-126,73
-157,2
-160,-10
-160,15
-155,42
-152,52
-143,68
-113,110
-98,126
-72,141
-76,137
-90,130
-100,121
-72,138
-36,156
-21,158
-49,147
-91,128
-93,130
-79,137
-80,128
-135,63
-156,20
-150,-32
-149,-57
-154,-37
-151,-33
-122,-90
-114,-111
-96,-121
-38,-149
-29,-156
-36,-156
-19,-158
-6,-160
-14,-158
-49,-150
-55,-148
-28,-154
-12,-157
-11,-158
-29,-154
-74,-136
-39,-146
-6,-156
-51,-145
-95,-125
-104,-119
-88,-131
-66,-143
-58,-145
-107,-107
-125,-94
-128,-93
-128,-93
-120,-101
-138,-74
-153,-23
-154,33
-150,52
-147,54
-153,12
-151,-39
-145,-61
-144,-61
-121,-84
-75,-134
-81,-133
-113,-107
-133,-86
-130,-88
-96,-117
-59,-144
-94,-122
-129,-91
-130,-92
-129,-91
-106,-112
-78,-137
-87,-132
-93,-128
-73,-139
-52,-148
-21,-153
1,-157
-29,-156
-33,-155
-20,-156
6,-156
24,-155
-3,-158
-12,-157
-37,-152
-16,-152
10,-156
-44,-147
-96,-124
-111,-111
-125,-95
-131,-85
-133,-85
-125,-96
-106,-118
-92,-129
-98,-124
-91,-127
-94,-126
-123,-96
-142,-72
-144,-69
-144,-66
-148,-54
-150,-50
-146,-58
-127,-89
-114,-108
-132,-85
-128,-89
-112,-112
-115,-108
-133,-86
-138,-76
-151,-36
-157,-7
-156,-18
-157,2
-157,-9
-148,-35
-140,-69
-152,-42
-157,-27
-157,-15
-154,-15
-155,-10
-155,1
-147,-46
-111,-100
-48,-144
-18,-156
-36,-153
-49,-150
-49,-147
-3,-155
-33,-150
-79,-135
-65,-144
-38,-151
-1,-156
19,-156
31,-153
12,-155
40,-150
50,-149
11,-156
-6,-157
16,-157
29,-153
61,-146
60,-147
78,-133
113,-107
121,-101
123,-98
129,-93
119,-105
112,-111
84,-130
44,-151
48,-151
34,-155
13,-158
11,-157
-26,-155
-75,-135
-119,-104
-124,-99
-103,-116
-97,-124
-125,-94
-148,-37
-154,26
-154,37
-149,46
-130,87
-119,101
-91,127
-99,121
-125,95
-130,92
-135,75
-153,38
-155,17
-152,-30
-132,-79
-97,-121
-62,-143
-59,-147
-68,-142
-44,-151
-26,-155
2,-156
-19,-156
-45,-153
-47,-150
-20,-155
-36,-151
-77,-138
-105,-111
-146,-27
-140,62
-136,79
-144,66
-141,70
-140,70
-143,65
-150,40
-155,33
-151,46
-150,11
-136,-68
-129,-92
-142,-70
-146,-57
-153,-23
-157,-4
-157,-11
-152,-40
-147,-59
-123,-88
-63,-136
-58,-145
-101,-120
-117,-106
-106,-113
-127,-92
-145,-65
-152,-47
-157,-20
-155,-15
-142,-61
-133,-84
-111,-110
-107,-116
-119,-105
-120,-105
-123,-99
-145,-56
-155,-35
-138,-67
-112,-109
-116,-108
-131,-89
-141,-71
-138,-78
-135,-81
-128,-92
-124,-96
-141,-64
-152,-38
-135,-73
-116,-104
-94,-125
-111,-111
-129,-91
-139,-75
-152,-33
-155,22
-151,0
-134,-71
-131,-85
-142,-66
-147,-13
-139,65
-104,109
-68,142
-55,149
-51,151
-57,148
-22,155
43,149
59,142
-14,145
-73,139
-90,129
-95,125
-56,145
4,154
70,137
76,135
63,144
91,126
64,133
34,152
31,155
16,156
-19,154
-55,148
-76,137
-118,93
-146,53
-136,76
-136,65
-151,-12
-147,-56
-141,-71
-131,-86
-132,-86
-129,-93
-124,-99
-131,-87
-138,-76
-123,-95
-88,-129
-50,-147
-34,-153
-37,-154
-47,-151
-85,-135
-107,-118
-87,-130
-55,-146
-28,-153
2,-157
-4,-158
-38,-153
-57,-147
-47,-150
-47,-150
-79,-135
-122,-96
-135,-81
-116,-104
-126,-92
-147,-48
-158,-5
-158,-2
-157,-12
-153,25
-131,81
-133,81
-132,85
-130,87
-138,76
-118,104
-104,117
-93,123
-11,148
76,134
96,122
65,139
98,118
133,80
119,97
111,112
122,101
124,99
107,113
64,141
55,148
38,150
3,156
9,157
40,152
72,138
120,98
145,63
129,78
80,129
85,132
99,122
94,125
120,95
149,46
143,61
141,70
148,56
138,69
119,102
129,90
152,35
151,-32
129,-90
109,-113
98,-123
116,-106
97,-121
91,-123
131,-78
149,-37
156,-9
146,37
122,95
91,124
85,131
121,95
142,66
150,48
149,48
155,19
152,-20
147,-48
156,-15
158,-12
153,-26
153,6
157,0
156,7
150,43
141,69
149,33
155,-15
157,-16
155,-30
150,-44
152,-31
154,-31
141,-68
133,-85
135,-81
138,-74
141,-55
153,2
155,-11
147,10
133,76
144,57
144,55
132,84
137,81
147,58
155,23
154,-21
150,-45
151,-45
135,-77
98,-120
86,-130
80,-135
66,-143
24,-153
-34,-153
-60,-144
-16,-149
48,-148
42,-148
-41,-140
-70,-135
-33,-152
-25,-155
-18,-155
-39,-148
-74,-137
-63,-144
-86,-128
-133,-73
-143,-65
-138,-78
-135,-82
-141,-70
-130,-76
-68,-130
-44,-149
-80,-134
-109,-111
-56,-135
25,-150
39,-151
9,-157
20,-155
8,-152
-37,-149
-3,-154
-41,-147
-81,-134
-61,-143
-28,-153
-28,-153
-76,-136
-107,-115
-132,-85
-143,-66
-140,-72
-121,-95
-92,-126
-57,-140
17,-145
79,-134
97,-124
107,-115
112,-111
79,-134
55,-146
101,-109
135,-81
131,-89
115,-108
118,-101
140,-71
142,-68
118,-100
83,-133
59,-145
59,-143
47,-149
71,-131
110,-109
88,-128
39,-148
7,-156
18,-156
-6,-157
-42,-150
-45,-149
-54,-144
-107,-112
-138,-77
-143,-65
-123,-96
-115,-108
-137,-76
-147,-57
-129,-87
-103,-117
-90,-128
-109,-111
-137,-72
-152,-41
-138,-66
-113,-107
-129,-87
-146,-59
-148,-53
-151,-40
-152,-36
-149,-39
-147,33
-135,78
-144,49
-150,40
-145,60
-147,55
-139,69
-104,112
-96,123
-118,99
-143,56
-149,51
-149,36
-156,-3
-153,-30
-147,-54
-150,-42
-157,-6
-156,21
-150,45
-143,53
-96,116
-84,132
-78,134
-23,152
-5,157
-25,155
-32,155
-18,156
-4,153
-71,120
-141,38
-157,7
-154,25
-152,37
-141,65
-118,103
-104,116
-129,84
-144,60
-152,25
-153,-21
-155,-8
-149,-23
-119,-91
-93,-126
-111,-108
-141,-64
-152,-29
-135,-65
-92,-119
-44,-149
-48,-148
-88,-129
-103,-118
-104,-116
-84,-131
-106,-112
-136,-79
-147,-56
-145,-54
-119,-97
-85,-130
-45,-148
-21,-152
-80,-120
-144,-53
-155,-28
-153,-31
-155,-21
-143,-52
-122,-96
-121,-99
-139,-63
-151,10
-141,-25
-105,-108
-74,-137
-85,-131
-98,-123
-106,-115
-91,-126
-93,-123
-106,-114
-96,-121
-29,-139
29,-149
-14,-155
-39,-152
-58,-145
-34,-148
1,-154
-25,-153
-39,-152
-47,-150
-21,-150
35,-152
53,-149
46,-151
14,-157
-33,-146
-106,-111
-127,-91
-117,-103
-126,-87
-88,-114
-26,-152
-5,-156
-37,-150
-65,-142
-47,-147
-25,-154
-22,-156
-16,-155
19,-154
54,-143
86,-129
73,-138
75,-136
91,-126
100,-121
104,-117
88,-130
86,-132
109,-108
141,-61
143,-61
141,-67
142,-68
133,-82
133,-81
130,-87
100,-118
58,-145
32,-152
59,-139
117,-96
135,-81
125,-95
109,-112
91,-128
76,-137
93,-123
114,-107
104,-118
104,-117
116,-106
113,-109
95,-125
87,-130
100,-120
100,-122
89,-129
56,-144
0,-154
-33,-153
-23,-155
-8,-155
16,-155
-11,-153
-81,-127
-134,-73
-139,-70
-140,-70
-128,-86
-122,-97
-137,-77
-141,-71
-145,-58
-142,-61
-124,-95
-104,-115
-113,-104
-145,-49
-155,-16
-154,-21
-146,-51
-138,-72
-145,-58
-143,-65
-132,-84
-115,-105
-91,-126
-75,-136
-57,-144
-69,-140
-91,-127
-127,-88
-143,-65
-142,-65
-153,-20
-156,9
-151,29
-150,-16
-152,-34
-152,-38
-155,-27
-149,-47
-141,-68
-119,-94
-64,-136
-48,-149
-27,-151
-21,-155
-42,-150
-68,-138
-88,-128
-67,-141
-53,-147
-73,-134
-74,-132
-90,-123
-124,-95
-138,-76
-138,-71
-124,-92
-120,-99
-136,-68
-153,-4
-152,0
-143,-55
-132,-83
-143,-48
-142,43
-114,106
-90,128
-88,128
-117,99
-127,93
-132,79
-150,36
-155,22
-153,22
-147,-20
-148,-38
-156,4
-152,24
-136,69
-110,104
-128,69
-153,5
-155,-16
-133,-58
-93,-117
-115,-101
-126,-92
-140,-64
-152,-34
-153,-38
-157,-19
-155,16
-149,51
-146,58
-151,20
-153,-28
-153,-26
-154,18
-150,43
-145,58
-138,73
-147,54
-146,56
-138,76
-138,73
-141,68
-134,81
-117,101
-78,135
-44,150
4,154
33,152
9,154
16,155
14,154
-25,153
-32,153
-1,157
10,156
59,143
76,137
43,148
6,155
-39,148
-53,143
8,152
17,155
-30,150
-77,134
-111,107
-134,77
-126,93
-124,95
-141,54
-153,-4
-153,-30
-157,-6
-151,30
-127,84
-132,75
-148,27
-154,-15
-146,33
-127,91
-117,105
-112,110
-108,112
-79,133
-87,126
-76,133
-42,151
-31,154
-49,147
-62,145
-52,148
-14,154
-20,152
-75,132
-97,122
-99,120
-97,124
-92,127
-90,129
-94,127
-106,113
-117,100
-98,120
-92,127
-96,124
-88,130
-82,133
-67,140
-84,130
-96,124
-93,125
-120,93
-137,75
-133,83
-122,97
-73,133
-52,147
-78,136
-81,134
-67,142
-75,136
-95,123
-111,105
-139,69
-136,77
-96,119
-75,137
-64,139
8,150
72,137
91,127
95,125
94,127
117,101
146,48
149,-17
144,-56
145,-58
139,-74
121,-90
55,-139
-17,-149
-95,-119
-128,-90
-122,-96
-137,-73
-152,-40
-154,-17
-152,24
-151,29
-155,0
-156,-11
-155,1
-150,42
-149,47
-129,80
-88,128
-47,146
31,147
86,129
94,123
91,123
70,139
91,123
137,59
151,-20
149,-49
152,-34
151,5
140,60
123,94
130,84
150,22
149,-11
138,54
125,93
134,77
141,65
124,91
128,84
143,57
124,89
114,107
124,92
104,113
87,131
92,127
108,112
125,92
137,74
139,70
136,73
149,32
154,-21
139,-59
94,-121
81,-134
97,-120
129,-78
143,-58
120,-95
132,-77
144,-60
143,-59
149,-2
149,38
154,-3
152,-41
146,-58
144,-59
150,-37
140,-67
139,-72
138,-76
142,-59
153,-14
156,3
157,-1
155,-22
151,-21
146,36
145,58
142,66
145,61
131,80
109,110
64,135
6,152
44,143
96,124
98,123
118,98
149,41
153,2
149,-24
154,8
155,24
144,54
102,106
76,135
74,136
102,118
130,86
112,99
66,139
56,145
42,150
34,151
-24,144
-82,129
-74,137
-85,126
-120,99
-131,78
-150,30
-151,37
-118,93
-83,129
-119,90
-146,48
-149,-7
-145,-53
-148,-50
-148,-46
-144,-60
-152,-35
-145,-44
-133,-79
-132,-79
-129,-86
-149,-27
-148,47
-136,78
-125,94
-101,117
-79,132
-118,79
-151,-6
-151,-33
-151,20
-141,65
-94,117
-26,151
-37,143
-109,101
-139,70
-149,38
-154,-2
-151,-34
-139,-66
-130,-86
-132,-83
-130,-82
-150,-29
-155,7
-152,26
-148,-3
-143,-59
-143,-65
-146,-54
-153,-6
-155,17
-153,-19
-152,-9
-152,28
-155,15
-154,-4
-153,8
-141,62
-139,72
-131,85
-89,122
-27,152
8,157
47,149
59,144
16,150
-30,153
-46,149
-32,152
-11,156
-17,155
-25,156
-4,157
19,154
43,150
34,152
22,155
-7,155
8,154
75,133
109,110
138,56
155,0
156,-4
154,-14
152,-36
145,-53
134,-80
143,-58
154,-15
154,-14
147,33
147,51
154,-4
142,-64
115,-107
110,-108
133,-81
140,-46
136,47
114,104
85,127
45,146
13,154
35,151
62,143
64,142
84,130
124,89
129,84
94,117
39,147
15,155
-11,155
-28,154
-29,154
-29,153
-67,136
-115,100
-142,54
-153,8
-143,-42
-126,-91
-123,-97
-136,-75
-151,-12
-155,13
-156,5
-155,23
-149,42
-132,82
-104,112
-56,145
-42,151
-25,153
-42,146
-46,148
-44,147
-82,132
-104,116
-99,120
-69,141
-76,136
-53,145
-38,150
-68,138
-58,143
-22,154
10,155
29,151
-3,156
3,157
33,150
34,146
-3,155
-30,150
-27,150
20,154
-3,154
-25,153
12,155
28,153
-26,146
-87,126
-91,127
-108,113
-107,114
-53,139
28,150
77,133
122,92
149,45
151,45
144,60
127,90
120,101
124,95
116,101
117,100
142,62
150,34
144,56
125,87
95,122
93,126
112,108
134,79
137,72
115,103
86,126
30,146
-18,152
28,149
75,136
64,142
80,132
116,104
119,103
118,104
127,91
137,74
147,47
141,62
140,68
146,52
118,91
55,136
-14,152
-13,152
38,150
31,152
6,153
-59,134
-120,94
-136,78
-126,94
-113,109
-101,120
-103,117
-106,112
-48,142
4,155
9,154
34,151
13,155
-15,155
-31,153
-15,155
-46,141
-103,113
-125,92
-105,115
-99,121
-115,106
-118,103
-111,108
-64,135
-14,156
10,156
24,153
-2,154
15,155
40,151
36,152
44,151
49,147
6,152
-5,154
39,151
42,149
7,154
0,158
22,154
64,141
72,138
69,138
35,143
3,155
21,155
12,154
-37,149
-31,151
46,142
78,135
54,146
20,148
-56,137
-78,134
-64,140
-12,153
33,153
62,141
37,146
36,150
74,138
102,117
97,116
76,135
103,118
117,103
120,98
130,84
111,108
105,116
131,84
139,70
122,93
102,117
104,117
125,90
146,40
136,66
98,115
64,141
30,150
25,152
55,145
46,149
46,149
64,141
56,144
18,154
-21,153
-33,153
-29,153
-58,139
-103,114
-100,121
-78,135
-102,112
-132,83
-118,99
-94,124
-73,138
-37,151
-53,142
-90,126
-111,105
-126,90
-131,80
-147,54
-147,50
-148,50
-135,78
-138,74
-141,66
-143,63
-122,97
-97,124
-97,123
-113,106
-139,59
-153,28
-153,33
-154,25
-154,26
-155,22
-155,25
-145,58
-131,89
-132,83
-147,45
-155,24
-156,23
-155,8
-151,27
-152,30
-155,13
-149,42
-152,32
-149,43
-134,79
-94,118
-42,149
-39,151
-39,151
14,150
66,140
60,142
58,146
70,140
95,121
85,126
62,142
104,111
141,66
132,78
127,92
144,61
151,39
155,17
157,3
156,-2
156,8
156,-2
155,-9
148,21
142,59
147,45
137,71
147,53
154,32
155,8
157,-7
157,-6
154,11
154,-14
156,-9
154,-7
148,-42
152,-19
155,6
153,19
150,38
153,-16
149,-51
152,-27
153,9
149,32
150,-18
146,-59
143,-68
126,-88
105,-112
133,-71
150,-47
150,-45
145,-58
138,-76
121,-99
75,-134
9,-153
-40,-152
-72,-139
-83,-132
-96,-124
-105,-117
-119,-102
-143,-57
-153,-22
-152,-20
-151,26
-151,35
-156,20
-156,12
-152,36
-140,70
-124,94
-111,109
-103,115
-106,114
-92,127
-85,132
-78,135
-111,104
-139,71
-127,86
-82,129
-99,111
-138,69
-135,78
-93,121
-22,152
25,153
74,137
91,126
90,127
91,126
96,123
87,129
85,131
88,130
103,119
109,111
131,80
132,80
147,42
151,-23
136,-75
121,-99
95,-124
65,-143
37,-151
12,-156
9,-157
5,-156
50,-141
110,-105
110,-107
72,-138
26,-151
-29,-151
-61,-141
-46,-149
-65,-143
-94,-126
-93,-124
-78,-132
-39,-150
-42,-151
-39,-151
-32,-154
-35,-153
-42,-149
-89,-125
-111,-107
-69,-134
-9,-152
35,-151
52,-148
58,-146
50,-149
56,-147
58,-145
32,-152
36,-152
47,-149
70,-140
44,-143
-57,-133
-114,-106
-136,-67
-154,-5
-154,-12
-153,-30
-156,0
-154,30
-144,59
-133,79
-147,50
-147,53
-146,28
-149,-29
-155,-3
-155,11
-154,-15
-144,29
-124,88
-142,41
-155,-10
-157,-5
-154,-22
-141,-65
-121,-96
-83,-130
-80,-133
-43,-143
16,-153
66,-135
103,-114
78,-134
71,-136
107,-112
99,-119
53,-146
39,-152
59,-141
92,-126
94,-123
114,-102
130,-80
148,-41
152,-26
139,-67
128,-90
138,-52
135,43
111,107
122,96
119,99
107,113
98,121
102,118
81,129
44,149
43,151
8,147
-47,145
-63,136
-97,118
-51,143
-44,146
-101,106
-139,66
-121,96
-87,128
-105,103
-144,34
-155,-11
-152,-17
-129,-74
-129,-84
-147,-51
-145,-59
-149,-42
-156,-6
-152,-24
-143,-61
-142,-62
-148,-48
-137,-69
-112,-107
-100,-118
-101,-115
-120,-98
-120,-100
-86,-122
-34,-151
-64,-135
-124,-91
-142,-66
-153,-32
-151,12
-127,84
-97,122
-79,135
-80,133
-87,130
-79,134
-104,112
-125,93
-121,98
-123,96
-136,69
-152,9
-150,-36
-140,-61
-106,-108
-67,-139
-77,-133
-112,-109
-116,-105
-107,-113
-97,-124
-102,-120
-93,-124
-79,-136
-82,-134
-85,-130
-70,-138
-98,-119
-126,-93
-135,-77
-115,-95
-56,-139
6,-154
30,-155
21,-155
5,-155
4,-156
-5,-156
19,-154
57,-143
64,-143
38,-153
25,-155
7,-156
-24,-154
-31,-152
-64,-143
-79,-137
-78,-137
-66,-142
-70,-140
-83,-132
-117,-95
-146,-54
-135,-77
-129,-88
-145,-58
-153,-13
-152,35
-151,33
-137,61
-98,119
-110,100
-145,29
-152,-25
-147,-45
-116,-92
-53,-139
-11,-156
6,-155
59,-139
104,-115
127,-88
124,-92
127,-90
130,-87
121,-96
126,-84
146,-55
146,-57
147,-42
155,4
155,3
154,-25
152,-33
146,-49
146,11
107,96
55,143
54,146
48,146
19,154
-4,155
-10,156
-17,155
-41,151
-40,151
-40,149
-21,153
-13,153
-54,146
-73,138
-41,148
10,155
20,154
-9,155
-33,151
-59,143
-77,136
-63,141
-17,154
11,156
-9,156
-27,156
-29,153
-39,151
22,147
97,119
117,102
103,117
105,118
115,106
138,65
156,9
157,-9
155,-19
151,7
139,67
135,80
148,47
155,21
156,2
152,-26
129,-84
133,-80
138,-70
144,-31
155,5
156,-19
154,-30
149,-38
152,6
155,-10
153,-37
152,-39
153,-29
141,29
107,107
109,112
118,100
90,125
41,148
21,156
22,155
41,150
44,147
-14,148
-50,148
-17,152
59,141
104,114
96,121
111,100
146,52
151,46
156,9
153,14
152,35
150,41
146,56
152,39
157,8
154,5
151,39
154,19
154,-24
153,6
156,12
155,1
151,36
146,56
143,62
144,57
148,17
144,-53
144,-59
149,-18
145,48
144,52
150,-18
126,-88
88,-128
97,-119
126,-91
139,-69
138,-71
131,-82
143,-57
143,-60
145,-51
152,-2
151,39
153,34
153,35
152,37
146,53
135,79
134,81
138,70
95,113
34,148
-21,152
-41,151
-13,154
41,149
71,140
91,127
94,121
66,140
62,143
88,127
114,107
112,110
113,109
92,124
73,137
79,135
87,130
91,127
75,136
50,146
34,152
29,151
-21,151
-19,151
32,150
-7,149
-67,138
-91,128
-84,132
-54,145
-4,154
42,150
52,146
85,129
105,114
139,49
156,-2
154,17
150,41
139,62
99,113
63,143
68,139
21,148
-14,155
-2,157
42,147
104,111
144,40
156,-13
149,19
147,33
143,-45
131,-83
94,-122
78,-136
44,-147
-16,-153
-2,-153
48,-144
98,-118
108,-110
134,-65
151,-36
154,-9
157,-11
144,-59
130,-85
145,-35
156,0
151,21
115,89
70,135
95,120
131,86
145,59
149,45
152,-4
150,6
146,53
134,79
115,105
88,128
86,130
100,119
124,89
145,53
109,91
52,144
64,139
119,97
124,90
83,128
79,136
93,127
111,109
136,75
143,66
127,87
86,125
66,136
114,101
130,87
136,77
150,41
157,6
157,9
155,23
153,27
152,-20
153,2
147,48
137,76
137,76
143,62
151,38
145,54
140,70
134,80
104,112
74,135
29,151
-14,155
-41,151
-53,148
-44,149
16,153
48,149
54,147
44,149
23,154
57,143
117,99
144,50
143,-38
134,-81
123,-96
87,-128
76,-134
100,-118
72,-136
41,-150
6,-156
2,-154
66,-132
100,-119
83,-133
67,-141
38,-153
3,-156
-28,-154
-1,-154
9,-155
-17,-154
16,-151
-14,-149
-86,-127
-95,-123
-103,-116
-58,-137
3,-154
14,-156
-20,-155
6,-145
102,-97
147,-42
150,26
139,71
140,62
154,17
156,16
154,-16
131,-78
106,-116
115,-106
123,-92
143,-58
147,-54
153,-30
156,-5
158,2
152,-28
127,-84
94,-123
95,-123
87,-129
93,-123
59,-138
-8,-154
-42,-151
-78,-136
-56,-140
-8,-153
43,-145
85,-127
125,-82
151,-31
155,-21
146,-58
140,-71
134,-80
115,-105
109,-109
127,-86
145,-55
156,-12
156,1
154,6
148,47
147,55
147,51
126,86
106,114
112,109
131,88
141,67
152,31
155,24
156,6
153,-28
142,-63
133,-83
127,-94
127,-94
121,-101
97,-120
41,-149
-13,-156
-25,-155
-20,-155
4,-156
26,-154
46,-150
14,-153
-59,-139
-108,-111
-113,-108
-129,-84
-147,-51
-151,-31
-149,-44
-148,-16
-131,75
-114,107
-120,100
-128,90
-130,89
-138,65
-144,56
-136,77
-139,72
-144,41
-145,-36
-126,-88
-95,-119
-73,-137
-75,-138
-90,-129
-68,-137
-1,-150
53,-145
104,-100
146,-11
154,6
156,-22
155,-29
155,-18
151,22
138,70
141,68
153,40
137,61
57,122
-56,132
-118,100
-114,102
-83,131
-87,132
-80,135
-29,148
40,149
30,143
-59,134
-91,125
-80,133
-63,143
-48,149
-7,156
34,153
41,149
1,154
-46,143
-96,119
-114,107
-109,110
-98,121
-88,127
-27,151
40,150
59,144
55,146
36,150
-3,154
10,155
62,138
108,112
123,96
130,88
125,91
100,117
62,141
57,144
22,151
-11,157
-12,156
-21,152
-62,140
-95,123
-89,128
-65,142
-56,147
-57,145
-99,116
-108,111
-103,117
-106,116
-80,133
-14,152
36,151
54,145
49,147
23,153
-22,153
-42,151
-14,155
22,154
34,152
20,154
16,155
50,144
119,83
153,30
155,9
154,-15
156,4
158,-1
152,-35
142,-69
141,-72
144,-52
150,-25
140,-65
140,-61
154,-13
158,-1
158,1
153,-26
120,-92
78,-136
95,-121
130,-84
135,-81
129,-90
135,-78
125,-90
71,-131
17,-154
45,-143
88,-126
82,-132
92,-125
99,-121
103,-115
133,-77
146,-57
151,-27
148,29
89,106
21,152
15,156
8,156
-2,157
-7,158
21,156
25,154
-10,154
34,140
103,113
92,127
89,130
94,126
104,117
99,122
127,86
152,34
156,12
156,-1
152,16
141,64
142,66
143,65
143,66
152,36
154,-19
151,-33
151,19
145,58
145,55
149,47
155,5
155,-27
151,-38
142,-63
150,-44
153,-37
152,-35
142,-65
141,-56
150,3
145,54
136,78
128,88
104,115
87,129
64,140
39,152
33,153
53,145
68,140
103,114
137,72
149,50
151,43
154,32
154,-10
131,-79
88,-127
84,-131
80,-134
89,-127
95,-122
39,-148
-21,-154
-32,-153
-41,-151
-65,-143
-88,-130
-122,-95
-149,-48
-156,-28
-155,-28
-151,-41
-155,-20
-155,25
-144,64
-130,89
-101,117
-75,138
-54,147
-57,145
-63,141
-104,107
-115,103
-81,132
-36,150
30,149
91,126
123,97
129,89
132,86
127,92
129,88
142,65
128,85
97,117
40,146
-7,155
-37,151
-19,154
-13,155
-39,150
-59,145
-54,148
-63,142
-94,122
-125,90
-137,77
-144,51
-155,19
-146,52
-107,108
-32,146
12,155
20,154
46,149
42,151
20,153
-37,148
-86,129
-119,98
-141,65
-151,30
-156,10
-152,38
-148,52
-153,29
-151,38
-151,40
-153,14
-151,-24
-148,-49
-138,-71
-132,-84
-136,-78
-139,-73
-148,-51
-142,-63
-147,-47
-153,17
-125,85
-74,136
-51,147
-17,155
43,149
100,118
127,93
145,48
153,-18
148,-46
153,-22
153,17
137,66
106,112
93,126
103,116
137,73
132,75
97,120
61,142
29,153
19,155
32,153
27,154
29,154
17,153
-46,143
-107,102
-144,57
-149,52
-133,76
-84,127
-53,148
-33,149
33,151
70,140
98,124
111,114
105,118
79,133
31,147
-38,143
-60,143
-66,140
-93,126
-69,137
6,151
42,151
67,138
128,76
153,34
145,53
145,59
140,63
116,102
113,110
127,92
126,92
105,113
51,141
11,154
-20,150
-50,147
-77,132
-68,131
-14,151
-21,154
14,154
41,149
0,153
-32,151
-83,129
-92,125
-79,130
-126,68
-152,24
-130,71
-93,122
-43,147
-57,138
-114,100
-144,43
-153,-14
-153,-26
-157,-12
-158,-8
-157,-7
-151,-34
-122,-83
-69,-135
-68,-141
-75,-137
-67,-142
-61,-145
-69,-142
-71,-140
-76,-136
-38,-147
24,-150
81,-129
85,-128
16,-152
-22,-155
-40,-150
-82,-132
-88,-130
-73,-140
-83,-133
-106,-115
-105,-117
-113,-106
-94,-124
-72,-139
-36,-151
24,-150
74,-137
98,-122
78,-134
64,-142
64,-143
64,-143
50,-147
-6,-154
-60,-143
-74,-138
-84,-133
-117,-100
-146,-57
-151,-41
-155,-21
-158,13
-157,20
-155,25
-152,4
-151,-39
-153,-37
-153,-25
-144,45
-127,92
-106,115
-80,136
-71,141
-70,141
-69,141
-33,152
34,150
69,141
75,136
111,110
116,107
105,118
112,107
143,37
148,-46
137,-78
117,-103
77,-135
61,-145
56,-148
53,-148
45,-149
-10,-151
33,-135
98,-118
71,-139
17,-154
6,-155
9,-155
-13,-156
-25,-155
-39,-153
-33,-151
34,-142
97,-120
87,-129
38,-152
12,-157
0,-155
-54,-143
-61,-143
-59,-144
-93,-124
-68,-133
7,-149
73,-135
81,-134
61,-145
63,-143
74,-136
57,-145
79,-136
84,-130
118,-86
144,-57
138,-73
137,-77
135,-81
136,-70
145,2
136,73
136,78
149,38
141,51
137,72
146,57
152,38
153,36
144,60
125,93
125,92
148,33
146,32
86,110
6,151
-22,155
-16,155
17,155
49,149
71,141
81,135
70,139
33,151
-13,153
-55,145
-92,124
-115,106
-122,98
-123,95
-118,102
-118,96
-146,23
-152,-32
-142,-65
-139,-71
-152,-18
-153,35
-148,53
-147,59
-143,64
-150,49
-148,51
-149,48
-152,34
-155,28
-156,22
-156,16
-154,25
-147,49
-152,17
-155,20
-146,58
-133,81
-141,66
-145,61
-139,71
-150,38
-152,43
-137,78
-99,115
-28,148
55,138
124,91
146,58
140,65
147,32
150,-41
147,-58
143,-65
119,-99
111,-108
137,-61
153,4
156,18
156,-11
153,6
156,18
157,-10
129,-74
79,-130
102,-108
144,-52
151,-40
125,-86
78,-133
81,-130
102,-117
47,-143
9,-156
1,-156
-30,-152
-18,-153
-17,-154
11,-154
4,-155
-12,-154
-22,-153
22,-149
85,-129
112,-108
139,-67
150,-11
148,46
139,69
128,89
119,100
112,108
84,127
76,137
116,103
140,72
138,75
145,57
151,41
152,31
143,57
109,98
27,143
-27,153
-33,154
-48,147
-77,136
-73,140
-68,141
-74,138
-63,144
-67,141
-88,129
-101,122
-111,112
-91,124
-17,148
46,149
40,152
57,144
91,127
99,120
58,140
46,148
78,135
56,142
2,153
-17,155
-15,156
-27,154
-38,150
-23,154
-4,155
-44,148
-60,146
-46,151
-58,144
-84,130
-63,142
-71,139
-81,135
-77,137
-68,138
-4,153
17,155
-22,152
-45,150
-63,142
-74,137
-36,151
-15,156
-24,155
3,154
76,124
141,30
152,-27
150,19
151,40
156,19
156,-14
152,-42
145,-59
150,-37
151,-9
130,67
114,109
114,109
129,88
144,60
149,48
154,35
157,16
155,-16
144,-46
150,8
154,2
155,-18
151,17
137,69
145,40
148,-46
142,-73
142,-69
145,-32
140,52
134,82
149,40
156,-1
154,-21
146,-2
137,66
148,38
154,-24
148,-48
152,-2
150,38
138,69
130,79
74,126
-18,142
-103,109
-132,87
-134,84
-138,64
-152,5
-155,0
-153,-23
-155,-39
-149,-48
-131,-82
-117,-104
-128,-91
-137,-71
-152,-20
-153,-30
-150,-45
-141,-68
-134,-80
-109,-108
-56,-139
2,-155
13,-157
12,-153
80,-121
132,-83
130,-87
125,-95
92,-119
8,-151
-21,-155
-1,-157
2,-157
-11,-157
10,-156
31,-153
9,-156
-30,-155
-34,-152
17,-154
59,-143
99,-119
103,-118
112,-108
135,-76
148,-51
140,-70
141,-58
145,14
116,96
102,120
111,112
128,89
147,52
152,36
156,-1
144,-58
138,-76
148,-45
155,1
156,12
155,-14
151,-42
155,-16
155,5
155,-7
156,-6
150,35
114,92
45,142
46,147
84,132
76,136
56,147
55,148
25,152
-7,156
-4,156
-13,156
-34,152
-83,126
-129,87
-130,88
-130,88
-130,87
-130,89
-118,104
-124,91
-148,30
-152,-24
-121,-84
-84,-130
-49,-146
-29,-155
-35,-153
-42,-151
-42,-152
-52,-148
-75,-138
-112,-98
-139,-60
-122,-96
-116,-107
-125,-95
-130,-88
-142,-62
-144,-60
-149,-37
-156,9
-157,6
-154,23
-154,31
-156,10
-157,-5
-147,-36
-125,-87
-139,-69
-151,-42
-149,14
-135,77
-139,69
-150,46
-147,57
-141,69
-137,74
-148,30
-156,6
-155,4
-132,-57
-96,-119
-117,-103
-145,-49
-154,13
-131,78
-97,122
-98,121
-110,112
-91,125
-105,107
-133,81
-126,93
-139,66
-152,33
-145,-32
-121,-95
-118,-101
-137,-74
-116,-99
-68,-137
-62,-142
-112,-105
-135,-82
-140,-72
-136,-79
-128,-92
-126,-96
-128,-91
-106,-111
-61,-141
-33,-151
13,-147
50,-146
0,-155
-13,-157
-12,-156
-40,-150
14,-145
87,-122
135,-63
154,0
155,20
155,23
151,38
140,66
138,76
133,83
137,75
144,58
153,26
156,20
157,-6
154,-31
143,-63
126,-93
108,-115
82,-134
61,-144
84,-131
111,-111
111,-112
90,-129
59,-145
31,-153
-37,-146
-109,-109
-141,-71
-152,-37
-154,21
-145,59
-125,92
-111,111
-109,114
-104,115
-128,79
-148,48
-147,56
-142,64
-150,38
-157,21
-157,11
-157,-4
-157,2
-155,18
-156,-7
-152,-36
-153,-34
-158,-5
-155,11
-142,62
-136,80
-118,103
-102,119
-48,143
15,154
2,154
-49,145
-22,149
46,146
46,146
99,116
130,90
127,92
128,87
109,110
108,112
127,86
90,120
62,142
20,150
-7,154
23,156
21,157
7,158
13,155
81,122
116,101
70,134
38,151
28,154
12,155
11,156
55,146
86,131
92,126
79,133
86,130
71,137
59,144
18,151
-34,147
-88,126
-99,122
-85,131
-53,144
-51,145
-31,152
-17,154
-49,146
2,151
63,143
76,138
61,147
48,148
-10,149
-64,141
-95,121
-130,82
-143,65
-142,69
-121,98
-104,116
-63,139
-36,150
-92,113
-138,71
-146,58
-150,45
-154,32
-155,31
-148,48
-138,72
-149,35
-156,17
-155,21
-154,21
-141,63
-115,102
-59,140
-10,153
-53,138
-116,99
-144,45
-154,22
-147,54
-141,68
-150,34
-156,-1
-155,-22
-154,-21
-156,19
-153,22
-151,-19
-155,-8
-153,-15
-153,-32
-151,-42
-143,-62
-123,-96
-104,-118
-98,-124
-105,-117
-110,-108
-82,-132
-106,-113
-130,-89
-109,-108
-93,-126
-95,-125
-95,-124
-97,-123
-111,-111
-86,-124
-33,-150
-41,-150
-89,-126
-116,-105
-112,-109
-98,-123
-114,-104
-149,-43
-155,11
-142,61
-148,40
-151,36
-145,57
-133,80
-95,119
-12,149
51,147
75,137
93,126
122,89
147,50
130,76
77,129
43,151
26,150
-55,132
-125,85
-118,96
-88,128
-97,121
-113,107
-84,130
-67,142
-72,138
-81,118
-132,14
-144,-53
-154,-27
-156,-3
-156,-2
-157,-9
-157,1
-157,15
-157,11
-152,-23
-124,-84
-103,-118
-84,-129
-30,-150
-13,-156
18,-153
59,-144
18,-151
-20,-153
28,-149
87,-122
110,-110
94,-126
111,-108
113,-106
70,-137
24,-151
67,-126
133,-75
144,-55
143,20
139,70
137,73
118,99
126,91
150,45
155,-6
147,21
147,47
155,12
146,39
122,93
128,88
142,68
141,74
141,71
135,69
68,123
19,155
-4,152
-73,130
-89,128
-100,118
-127,93
-119,103
-99,123
-80,135
-91,121
-132,77
-149,15
-145,-47
-147,-54
-152,-36
-157,-10
-155,17
-154,22
-145,57
-144,60
-147,56
-138,71
-145,17
-154,-22
-147,35
-135,78
-146,45
-153,-8
-150,-38
-153,-32
-152,-36
-152,-5
-152,34
-149,48
-151,36
-154,29
-151,44
-142,66
-144,44
-154,-11
-155,-3
-153,20
-155,-15
-153,-36
-144,-61
-135,-83
-135,-80
-146,-19
-131,78
-114,108
-120,97
-144,51
-154,31
-143,62
-124,96
-117,105
-84,128
-39,150
-48,149
-43,152
-57,144
-96,122
-108,113
-104,115
-125,92
-126,92
-133,75
-141,65
-137,73
-98,118
-54,148
-30,154
1,157
-21,152
-42,150
-16,157
12,154
70,135
90,127
61,140
49,149
76,136
66,139
32,152
-3,156
-42,145
-103,108
-141,67
-149,43
-152,-5
-152,-29
-141,-49
-112,-105
-99,-122
-91,-128
-95,-125
-119,-102
-119,-101
-130,-87
-132,-83
-121,-101
-104,-118
-85,-131
-105,-115
-121,-101
-125,-97
-128,-89
-121,-99
-128,-93
-111,-107
-82,-134
-73,-141
-52,-147
-9,-153
-25,-150
-99,-114
-133,-85
-130,-89
-117,-105
-125,-90
-153,-34
-157,-9
-153,34
-149,49
-153,12
-150,-35
-151,-46
-153,-40
-155,-29
-158,-12
-157,9
-151,45
-150,46
-142,66
-136,78
-149,43
-152,40
-127,87
-115,105
-135,77
-145,55
-152,-1
-152,-42
-151,-50
-151,-49
-151,-45
-154,0
-154,30
-142,66
-102,117
-86,130
-103,116
-68,138
1,154
31,151
-22,151
-64,144
-86,132
-97,123
-80,135
-85,131
-108,112
-131,79
-145,60
-151,37
-155,20
-155,-6
-153,-34
-152,-33
-148,-48
-150,-48
-145,-62
-135,-79
-134,-84
-135,-82
-135,-82
-148,-47
-156,5
-155,16
-154,20
-151,-24
-141,-68
-134,-82
-142,-63
-151,2
-144,59
-143,61
-103,108
-76,136
-85,133
-92,128
-99,121
-117,104
-126,93
-111,108
-133,62
-155,5
-157,6
-156,16
-150,47
-150,48
-151,46
-148,54
-145,62
-141,67
-151,27
-156,7
-155,20
-157,17
-157,14
-156,22
-146,57
-122,94
-55,139
-2,153
-53,139
-73,136
-20,152
-12,156
-38,151
-66,139
-99,119
-95,124
-120,91
-147,24
-153,-21
-152,25
-145,58
-131,82
-90,124
-64,142
-65,141
-51,146
-98,112
-128,87
-141,36
-141,-52
-139,-74
-149,-51
-152,-33
-128,-70
-75,-132
-59,-145
-51,-146
-65,-141
-35,-144
47,-143
79,-137
87,-132
62,-139
-5,-154
-18,-157
10,-155
73,-127
127,-85
140,-65
152,-17
158,4
154,-10
137,-71
125,-97
130,-88
141,-68
151,-29
155,12
156,13
155,18
156,8
150,1
133,71
136,78
151,42
156,10
157,-10
157,5
150,26
117,93
77,135
57,145
38,152
50,148
59,145
56,147
76,136
83,133
43,148
10,156
-5,153
-74,127
-117,102
-112,111
-124,92
-147,51
-151,42
-139,73
-133,86
-141,72
-146,58
-136,79
-127,94
-96,122
-34,152
20,154
58,145
63,143
103,112
144,59
154,32
157,-5
154,-31
151,-32
150,-30
114,-100
51,-146
24,-155
65,-137
112,-107
110,-112
79,-136
85,-125
135,-60
154,-28
148,-49
152,-39
147,-56
138,-75
138,-76
125,-95
107,-115
61,-141
4,-157
-40,-152
-69,-142
-49,-148
-53,-148
-79,-134
-112,-107
-94,-118
-65,-141
-94,-125
-105,-116
-109,-105
-147,-17
-151,44
-137,71
-121,95
-143,41
-154,23
-121,85
-56,142
9,154
3,153
-65,136
-112,110
-126,96
-118,103
-95,126
-96,124
-122,92
-130,85
-137,75
-147,45
-150,-20
-150,-48
-153,-40
-152,-34
-148,-51
-154,-13
-150,-12
-122,-84
-86,-128
-61,-142
10,-148
50,-145
12,-156
-4,-158
-22,-155
-17,-155
27,-149
71,-138
78,-136
88,-125
129,-79
140,-68
102,-112
56,-146
33,-154
37,-151
73,-138
94,-124
123,-95
138,-63
148,13
153,30
151,17
149,26
148,-40
140,-69
134,-79
80,-127
19,-155
0,-156
18,-154
0,-156
-14,-155
14,-152
64,-141
75,-139
61,-144
84,-128
84,-132
71,-139
110,-105
137,-76
133,-79
148,-34
152,-17
123,-84
66,-138
64,-139
98,-122
112,-110
134,-75
143,-62
142,-64
151,-25
140,50
110,107
59,138
-9,151
-2,155
50,147
74,137
28,146
-20,154
-3,157
-12,156
-59,139
-114,104
-137,74
-147,56
-136,78
-92,124
-55,148
-20,155
21,156
37,153
75,137
94,124
71,139
65,144
58,146
52,146
32,153
3,153
-48,147
-65,144
-82,133
-87,129
-63,143
-58,144
-15,154
18,156
54,146
82,136
100,121
124,96
132,86
142,68
144,63
145,59
140,62
149,-10
138,-70
87,-121
14,-154
-13,-158
-8,-158
17,-156
19,-156
14,-157
50,-144
93,-125
98,-123
119,-100
139,-72
135,-81
113,-110
88,-131
87,-132
94,-125
120,-85
150,-13
157,-6
156,5
156,9
152,-28
152,-36
155,-32
148,-57
147,-55
153,-39
147,-51
140,-69
139,-72
132,-84
107,-111
75,-137
46,-149
11,-157
-14,-155
-65,-139
-64,-136
3,-152
55,-145
67,-141
63,-143
81,-134
73,-139
42,-151
16,-154
25,-151
23,-154
0,-157
-21,-155
-18,-157
-35,-154
-53,-148
-73,-137
-127,-85
-143,-66
-141,-70
-149,-52
-148,-56
-144,-63
-149,-50
-153,-36
-147,-50
-106,-101
-34,-147
5,-155
19,-154
-40,-147
-102,-117
-128,-89
-150,-42
-155,10
-141,63
-112,106
-119,99
-114,107
-95,124
-113,91
-148,7
-155,-11
-146,38
-140,67
-140,73
-140,54
-133,-42
-119,-98
-132,-81
-132,-84
-123,-95
-124,-96
-128,-90
-116,-106
-116,-107
-103,-118
-101,-119
-82,-126
-30,-151
-55,-144
-70,-137
-36,-151
-23,-155
-59,-140
-127,-79
-155,-24
-157,-17
-157,-22
-156,-25
-156,-21
-153,-34
-152,4
-150,45
-146,2
-99,-96
-70,-139
-109,-110
-117,-101
-91,-127
-109,-112
-132,-84
-143,-68
-144,-64
-118,-89
-35,-138
50,-143
92,-125
95,-124
95,-123
116,-104
127,-92
134,-85
128,-92
126,-93
141,-57
155,-17
151,-40
144,-64
147,-56
144,-60
111,-105
31,-146
-54,-145
-64,-138
19,-144
92,-122
130,-88
134,-83
115,-105
129,-72
152,-4
140,55
129,89
116,101
63,135
59,143
97,122
131,85
135,80
127,88
89,124
40,149
11,157
-17,150
-93,109
-142,62
-152,33
-156,21
-156,14
-153,-16
-143,-60
-133,-80
-145,-47
-154,15
-154,18
-157,4
-156,17
-158,3
-158,-13
-157,-11
-147,-42
-124,-90
-104,-117
-107,-114
-75,-134
-62,-145
-54,-147
-59,-148
-76,-140
-73,-138
-37,-152
-19,-155
-14,-156
-8,-157
-25,-153
-54,-145
-41,-150
-72,-136
-109,-113
-106,-115
-83,-132
-63,-146
-69,-143
-73,-140
-72,-139
-55,-147
-48,-150
-57,-147
-65,-142
-104,-113
-144,-57
-157,6
-150,45
-131,85
-114,107
-118,104
-83,129
-40,152
-40,151
-47,149
-54,145
-90,127
-96,126
-91,129
-102,118
-109,113
-84,134
-67,143
-51,150
-41,152
-68,138
-99,122
-86,132
-63,145
-42,153
-44,151
-72,138
-87,131
-71,140
-39,152
-71,130
-120,99
-124,98
-122,99
-102,119
-85,134
-82,134
-72,139
-70,140
-29,153
-12,158
-14,158
-16,157
-23,155
-47,148
-27,155
3,157
50,143
122,85
152,38
155,-11
149,-49
141,-71
134,-82
102,-115
57,-145
62,-144
89,-125
131,-69
146,12
133,78
141,71
152,44
156,25
154,31
154,32
157,11
154,11
143,57
136,75
132,80
152,30
153,33
154,22
153,-9
149,32
151,40
148,45
124,87
106,112
78,134
74,140
84,133
69,140
31,151
19,155
16,156
-34,151
-72,138
-62,143
-57,146
-69,140
-63,142
-31,153
-17,155
9,157
-7,157
-37,150
-81,129
-116,103
-135,78
-138,74
-137,75
-138,74
-107,109
-27,146
34,151
4,150
-58,144
-65,145
-68,142
-94,124
-120,95
-146,34
-154,17
-153,-16
-154,-18
-138,58
-100,119
-45,147
15,155
60,145
72,140
37,147
-46,138
-120,93
-145,60
-141,68
-132,79
-147,33
-156,2
-157,4
-156,17
-157,3
-158,3
-153,13
-133,77
-113,108
-84,132
-80,135
-75,138
-72,139
-70,140
-34,154
-26,155
-52,145
-69,138
-6,152
33,155
53,147
106,110
140,70
133,80
127,91
145,56
149,43
121,87
100,118
132,82
148,52
128,77
89,126
80,135
61,142
-1,152
-49,148
-85,125
-126,88
-123,96
-93,125
-82,134
-79,136
-38,148
10,154
-29,149
-55,145
-88,126
-94,123
-67,142
-31,152
18,156
22,153
-30,148
-93,113
-136,15
-139,-68
-147,-57
-153,-27
-150,35
-145,49
-155,4
-157,5
-156,24
-153,37
-154,33
-150,48
-142,67
-132,82
-137,71
-141,72
-140,75
-123,96
-86,132
-61,146
-55,147
-57,146
-48,150
-71,134
-125,74
-154,26
-153,38
-150,44
-155,21
-158,3
-154,15
-136,73
-111,108
-79,134
-61,145
-40,153
-8,156
25,154
46,148
100,118
116,105
95,124
118,98
130,84
115,106
132,85
141,71
145,59
146,54
139,73
144,63
154,13
153,-31
147,-52
109,-105
58,-145
69,-141
103,-114
133,-81
146,-52
149,-46
154,-17
154,18
152,-19
154,-31
152,-39
137,-76
129,-90
125,-94
82,-132
38,-151
-5,-158
-10,-156
17,-154
4,-157
-33,-152
-42,-149
-9,-155
-15,-155
-46,-148
-63,-140
-48,-149
-51,-148
-30,-152
-7,-156
2,-154
39,-149
20,-156
24,-154
78,-134
94,-128
68,-143
37,-151
49,-146
76,-138
91,-126
124,-85
151,-27
156,-19
156,-18
156,-19
156,-11
154,21
157,7
156,-24
155,-27
156,2
156,16
151,27
135,74
141,64
155,4
156,-13
158,-11
149,-51
130,-88
115,-107
118,-103
73,-131
-29,-144
-112,-104
-145,-59
-156,-27
-158,-7
-150,-32
-142,-65
-143,-63
-150,-48
-149,-51
-142,-64
-125,-92
-139,-60
-152,21
-138,74
-125,94
-116,102
-143,48
-157,-4
-154,-30
-147,-48
-110,-101
-60,-136
18,-149
39,-151
4,-156
-3,-157
5,-156
-17,-156
-29,-155
-21,-152
25,-151
35,-151
82,-127
120,-100
120,-101
128,-85
148,-34
153,16
143,60
129,85
84,123
34,150
19,154
58,145
65,142
71,136
123,89
148,44
153,-19
149,-53
146,-58
149,-43
157,-1
158,6
155,-25
154,-28
154,-18
143,-58
139,-73
137,-77
134,-80
119,-102
130,-86
148,-47
146,-49
121,-96
127,-88
142,-43
151,22
156,8
154,-29
153,-38
150,-37
121,-92
122,-96
138,-75
142,-63
152,-21
153,25
131,73
102,116
125,88
150,11
154,6
157,3
157,2
154,28
148,50
125,86
90,124
114,102
137,77
114,103
74,135
80,135
109,113
121,100
111,112
117,105
92,121
45,148
23,156
17,157
3,157
5,157
33,151
84,131
74,134
37,152
30,154
14,156
12,156
36,153
29,155
24,156
18,157
20,156
52,146
78,137
82,135
79,135
51,140
28,149
77,136
102,120
132,86
148,53
157,18
157,-1
156,-12
152,-39
151,-28
154,16
154,2
146,-55
136,-77
89,-121
25,-154
4,-157
-20,-155
1,-155
6,-158
-1,-157
20,-154
25,-154
30,-153
61,-143
63,-144
34,-153
22,-152
69,-138
71,-141
35,-154
34,-153
41,-151
-1,-155
11,-150
68,-139
60,-145
51,-149
27,-155
13,-158
-15,-156
-62,-141
-119,-101
-144,-66
-144,-61
-130,-85
-100,-118
-105,-114
-139,-72
-151,-25
-149,41
-148,42
-157,19
-157,13
-155,-14
-155,-29
-150,-49
-149,-49
-146,-47
-124,-90
-113,-108
-88,-124
-81,-132
-126,-83
-154,-10
-147,53
-144,67
-151,39
-152,37
-145,60
-143,60
-105,112
-48,147
-17,156
-6,155
-36,151
-21,154
33,153
62,144
95,123
115,108
130,90
138,78
123,97
114,108
105,116
113,110
105,116
57,137
-14,153
-27,155
24,153
51,149
22,155
-4,157
-32,152
-53,147
-16,154
39,151
55,147
61,144
82,133
101,119
107,115
99,121
82,134
84,132
85,131
96,123
99,120
81,133
51,144
15,153
81,122
136,77
151,45
151,41
143,66
148,52
155,31
153,40
153,34
153,18
134,70
131,85
151,30
147,-41
116,-103
84,-134
68,-144
59,-147
55,-148
57,-145
92,-123
99,-122
78,-137
81,-134
108,-110
131,-86
119,-101
85,-131
28,-150
-3,-151
78,-119
130,-88
136,-80
138,-74
147,-53
138,-69
113,-108
99,-122
83,-134
59,-145
60,-145
34,-150
-48,-145
-111,-108
-144,-54
-152,14
-145,-21
-114,-98
-103,-119
-94,-125
-68,-141
-60,-146
-59,-143
-9,-150
55,-137
120,-93
137,-77
136,-78
131,-88
129,-88
145,-60
148,-56
139,-74
136,-81
134,-82
141,-66
150,-46
153,-41
152,-22
148,39
137,75
132,85
146,57
153,15
143,-54
145,-58
149,-52
132,-85
119,-104
119,-105
110,-115
123,-98
131,-89
140,-50
148,29
150,45
152,37
147,57
141,69
129,89
132,84
152,38
157,1
155,-3
147,45
125,90
116,107
123,99
114,108
110,113
111,111
96,122
116,100
134,79
110,108
112,108
133,71
155,15
157,-1
154,14
147,50
139,68
110,106
101,119
97,122
123,97
113,105
85,131
86,132
96,125
119,101
143,62
140,69
125,95
96,121
87,129
82,132
69,141
93,126
113,109
79,127
29,153
18,156
33,153
46,150
15,155
-17,153
-41,149
-9,157
7,158
24,156
9,156
6,157
31,154
40,152
21,156
47,149
97,123
108,116
114,110
113,110
96,122
82,134
85,131
127,88
148,49
157,1
156,-15
149,29
149,48
156,25
155,29
153,36
137,65
103,113
116,103
130,85
151,39
157,7
158,1
156,-22
155,-30
150,-47
151,-34
147,28
109,101
58,143
59,146
71,142
66,143
63,144
74,138
60,144
88,129
86,129
43,148
36,152
24,155
44,148
81,133
91,127
113,107
143,50
156,1
155,12
151,43
146,59
151,41
157,0
156,-18
154,-23
153,-26
151,-28
156,10
155,6
141,-53
94,-120
94,-120
131,-83
148,-56
145,-60
136,-74
150,-31
155,-1
143,46
104,105
65,138
87,130
92,128
94,126
51,141
-24,149
-79,128
-109,111
-72,137
-66,138
-116,91
-148,18
-154,-26
-153,-33
-153,14
-150,45
-154,33
-150,44
-142,59
-143,-18
-130,-85
-112,-110
-120,-101
-141,-70
-151,-45
-153,-27
-154,21
-136,73
-103,117
-88,126
-124,86
-144,60
-139,72
-138,74
-121,100
-116,102
-128,86
-86,126
-26,154
-14,157
-1,156
35,152
84,131
114,103
145,25
155,-19
156,6
152,36
150,41
154,3
147,30
125,91
103,116
108,111
89,125
83,132
45,145
24,153
39,150
-1,155
-13,158
-1,157
-35,149
-91,114
-138,67
-136,78
-116,104
-111,111
-123,98
-135,79
-124,95
-91,127
-73,139
-102,115
-132,81
-133,78
-91,124
-53,147
-24,153
-51,146
-50,148
-38,152
-32,153
-13,157
-32,153
-58,146
-50,149
-50,147
-87,130
-89,130
-106,112
-124,95
-125,96
-113,109
-93,126
-60,146
-47,150
-27,154
-31,154
-49,149
-76,132
-91,127
-87,132
-76,137
-77,137
-67,143
-47,150
-68,137
-100,119
-74,137
-82,132
-110,111
-128,92
-142,64
-141,68
-107,113
-63,143
-43,148
-6,153
-1,156
-1,158
17,155
61,144
68,141
32,150
-12,153
-52,148
-43,151
10,155
41,151
67,142
108,114
127,94
141,66
153,36
155,28
158,15
156,-12
137,-71
138,-73
138,-74
137,-77
140,-70
138,-72
141,-66
129,-89
119,-101
97,-124
82,-135
92,-123
130,-83
119,-97
80,-134
87,-129
77,-137
93,-127
119,-100
124,-97
89,-128
37,-151
-22,-154
-55,-146
-62,-143
-106,-113
-140,-70
-152,-44
-155,-25
-142,44
-116,101
-60,138
-1,155
-21,151
-46,150
-45,151
-18,152
64,136
109,111
76,126
-3,152
-34,151
6,154
-3,154
-29,154
-23,156
-45,146
-89,127
-78,135
-93,118
-125,95
-121,99
-98,124
-86,133
-63,141
-16,155
15,156
0,156
-48,145
-108,107
-143,61
-153,37
-137,71
-81,129
-27,155
-38,148
-108,97
-138,66
-127,85
-147,44
-143,56
-120,99
-91,126
-96,124
-88,131
-77,137
-101,117
-129,80
-150,40
-153,22
-157,-4
-158,-6
-157,5
-157,-1
-156,23
-154,33
-154,-10
-141,-63
-140,-67
-155,-24
-158,-10
-155,25
-138,73
-121,100
-96,122
-64,142
-58,146
-51,147
-81,133
-106,115
-92,126
-67,140
-52,145
-75,136
-69,139
-89,125
-123,93
-107,111
-77,138
-74,139
-107,105
-147,39
-154,-14
-145,-48
-95,-107
-43,-148
-66,-142
-64,-144
-63,-144
-86,-131
-64,-139
-26,-155
-2,-154
21,-153
-27,-152
-87,-126
-130,-87
-135,-80
-137,-76
-147,-57
-147,-56
-144,-66
-146,-61
-154,-26
-155,14
-155,20
-154,27
-154,15
-157,4
-156,18
-152,38
-127,83
-62,140
1,153
81,123
116,103
109,112
126,93
132,86
114,105
103,119
75,132
35,149
88,123
117,104
114,108
128,91
137,81
136,82
134,82
129,87
80,113
-33,139
-100,119
-115,106
-120,101
-110,113
-87,131
-55,145
-33,153
-58,142
-99,118
-126,91
-134,80
-126,93
-120,100
-99,121
-82,134
-91,128
-86,129
-28,150
-32,149
-79,135
-96,124
-108,112
-119,102
-123,94
-146,39
-157,-3
-157,14
-153,31
-151,-10
-146,-53
-143,-65
-143,-65
-138,-74
-147,-47
-153,18
-120,92
-80,136
-74,138
-107,105
-143,60
-152,42
-147,55
-137,75
-131,84
-110,110
-118,100
-128,86
-79,131
-66,143
-68,142
-25,153
25,155
55,147
80,135
94,125
52,139
-10,151
-58,143
-73,139
-82,134
-82,135
-78,138
-73,140
-68,142
-51,148
-76,129
-127,84
-150,36
-157,12
-154,30
-136,75
-116,107
-86,129
-21,153
-11,151
-94,106
-145,55
-153,30
-156,7
-156,-12
-156,-1
-155,-25
-152,-44
-149,-51
-153,-38
-154,-28
-151,-38
-147,-50
-143,-66
-140,-71
-121,-98
-102,-121
-112,-112
-121,-102
-128,-92
-130,-87
-136,-77
-142,-66
-148,-47
-140,-64
-132,-85
-143,-59
-154,4
-136,75
-106,117
-95,124
-108,113
-97,122
-71,140
-43,151
-49,148
-79,133
-115,102
-142,48
-154,28
-150,45
-140,70
-133,84
-136,79
-115,98
-26,141
46,149
40,150
-5,152
14,153
55,148
88,130
106,116
137,70
149,30
102,97
89,124
127,92
94,117
43,149
51,147
37,149
7,153
-48,143
-93,119
-136,44
-124,-61
-77,-133
-53,-148
-13,-155
41,-143
106,-109
114,-104
135,-68
151,-39
152,3
155,18
157,9
150,34
135,78
137,77
142,66
123,94
98,120
88,121
-3,138
-65,141
-34,151
23,153
77,134
115,104
140,72
151,45
145,57
129,88
121,99
135,78
146,56
155,18
157,-7
150,-41
140,-70
148,-49
154,-11
146,45
123,90
91,125
64,140
35,152
7,150
-69,132
-76,131
-14,154
-3,157
-17,156
-45,149
-32,152
-1,156
-31,151
-67,141
-73,139
-66,140
-7,149
67,138
115,106
123,99
132,80
155,13
157,-18
156,-18
157,0
158,3
158,-7
157,-7
152,-29
138,-70
110,-109
108,-115
103,-119
100,-121
72,-138
38,-152
26,-155
55,-143
103,-115
133,-69
144,19
128,86
137,76
144,66
143,69
152,33
152,-27
131,-83
127,-92
127,-91
138,-75
146,-56
144,-59
117,-104
110,-110
135,-74
139,-74
132,-87
105,-115
105,-105
146,-38
154,-22
153,-36
155,-26
150,-46
149,-51
143,-64
141,-71
143,-61
155,-25
154,-27
147,-55
151,-44
155,-9
143,48
123,95
131,76
150,6
144,33
135,79
127,91
115,107
120,103
123,96
82,126
51,148
64,143
27,151
13,156
54,146
73,139
73,139
83,134
86,133
75,138
69,143
71,137
15,151
3,157
21,155
26,154
82,129
110,113
113,110
127,94
128,90
94,119
57,142
100,110
128,89
134,82
137,78
144,61
152,40
154,27
149,45
150,41
143,62
138,77
140,73
140,68
137,77
148,55
155,34
157,15
157,-6
157,-5
151,30
140,71
140,73
128,89
92,123
63,144
54,149
55,146
12,151
-27,154
-1,158
3,157
17,154
61,146
86,131
118,101
138,77
145,61
154,20
156,-20
158,-13
158,6
153,33
154,13
152,-40
146,-60
137,-77
124,-97
101,-119
54,-145
5,-156
-19,-158
-11,-157
31,-147
61,-143
43,-152
36,-152
-9,-155
-36,-153
-53,-148
-24,-153
-17,-157
-15,-156
-24,-154
-37,-152
-54,-148
-58,-147
-82,-130
-134,-72
-154,-23
-155,-27
-149,-49
-146,-56
-150,-45
-156,-19
-157,-9
-145,-45
-114,-103
-100,-121
-99,-122
-116,-102
-148,-47
-157,-14
-158,-3
-157,3
-154,38
-144,66
-143,62
-151,47
-149,55
-150,42
-155,18
-154,30
-144,59
-132,83
-122,99
-111,111
-127,88
-132,86
-123,99
-108,114
-96,124
-77,137
-70,139
-4,151
76,131
133,67
153,2
156,-2
157,-5
144,48
122,96
138,70
153,36
155,25
139,63
107,110
73,139
74,141
94,127
88,128
31,145
-42,146
-32,152
-3,158
9,157
-38,143
-88,125
-32,145
19,154
-15,155
-15,155
-47,143
-88,130
-57,143
27,149
87,128
66,136
-3,151
-34,153
19,148
108,104
128,92
128,93
136,81
121,96
83,130
46,149
9,155
-18,156
-29,144
-95,117
-112,112
-97,124
-96,123
-125,95
-133,85
-124,95
-102,118
-85,131
-84,129
-122,96
-135,80
-115,103
-46,141
46,144
100,121
105,113
60,140
54,146
84,132
58,144
6,152
-56,142
-88,128
-109,110
-113,106
-86,132
-74,140
-72,140
-101,115
-119,98
-83,131
-65,144
-74,138
-86,131
-115,98
-145,59
-151,41
-156,-2
-152,-34
-148,-41
-152,-23
-129,-79
-106,-116
-129,-88
-141,-68
-142,-67
-154,-12
-152,42
-143,66
-147,55
-125,92
-94,126
-96,123
-124,85
-149,14
-151,-38
-139,-68
-131,-85
-123,-98
-124,-97
-144,-60
-151,-45
-141,-68
-133,-82
-147,-51
-139,-65
-106,-112
-84,-134
-77,-140
-102,-120
-133,-83
-150,-11
-138,70
-77,129
-10,156
25,156
28,154
64,140
102,117
125,95
107,112
62,140
68,137
107,115
128,89
138,73
123,96
100,120
108,113
111,112
120,101
102,110
20,145
-28,153
3,156
38,148
110,105
146,47
152,-20
155,-17
157,-12
153,7
143,59
147,28
153,-21
154,10
151,34
155,15
155,21
156,2
155,-10
154,25
155,33
156,11
155,-26
152,-27
155,13
151,37
136,75
132,86
143,60
155,3
152,-37
143,-64
120,-98
104,-116
123,-96
139,-73
143,-68
144,-56
155,-12
155,0
148,39
148,51
154,21
157,-14
157,-11
157,1
158,11
158,3
158,-10
149,-43
118,-99
107,-115
122,-99
130,-90
124,-98
120,-99
81,-132
53,-149
38,-153
63,-140
80,-134
13,-151
-52,-148
-61,-146
-58,-148
-59,-144
-30,-151
-39,-151
-44,-151
-30,-154
-46,-150
-38,-152
-20,-157
-42,-151
-89,-129
-104,-117
-67,-138
-58,-147
-75,-140
-68,-142
-72,-139
-103,-119
-123,-97
-145,-45
-152,31
-150,51
-153,41
-134,76
-113,110
-109,114
-84,130
-11,150
43,149
24,152
55,139
89,128
65,143
48,151
66,143
103,119
125,97
93,118
52,148
32,152
-7,157
1,157
21,156
8,156
-2,157
11,156
29,153
-21,145
-82,131
-105,116
-115,107
-124,97
-134,79
-152,45
-155,16
-152,-26
-148,-49
-127,-79
-89,-128
-64,-145
-39,-153
-3,-155
35,-152
66,-144
84,-132
102,-118
131,-73
152,2
154,36
156,26
158,-3
157,-13
152,15
154,21
158,-5
158,-11
157,-5
153,20
153,32
156,-5
156,-9
144,-56
115,-106
93,-126
61,-141
-3,-156
-10,-155
24,-153
11,-154
30,-148
70,-138
97,-122
107,-115
119,-91
143,-1
143,61
151,30
155,5
154,26
147,51
122,92
103,118
123,94
141,71
124,94
94,124
40,146
-12,155
-12,156
-18,156
6,157
44,150
67,141
38,150
-11,152
-20,154
-23,156
-16,157
14,155
17,155
42,151
17,148
-61,139
-61,143
-57,143
-115,96
-134,79
-99,118
-79,135
-91,128
-85,131
-63,144
-82,133
-109,109
-130,89
-138,75
-140,75
-142,66
-150,45
-133,80
-115,98
-143,30
-153,-23
-130,-75
-106,-116
-99,-122
-104,-116
-81,-132
-54,-147
-46,-149
-2,-151
29,-154
4,-155
-21,-154
-5,-156
-28,-155
-33,-154
-23,-155
-35,-154
-26,-155
-13,-157
-10,-156
39,-145
78,-135
83,-132
108,-113
114,-110
99,-124
67,-139
-1,-153
-36,-154
-62,-144
-64,-143
-52,-149
-35,-153
-53,-146
-93,-125
-131,-79
-136,-73
-97,-116
-90,-127
-99,-121
-79,-135
-70,-141
-64,-143
-63,-143
-37,-150
20,-152
45,-149
86,-126
128,-78
152,-34
150,-50
144,-64
144,-60
152,-37
155,-22
155,1
135,55
64,128
8,156
13,157
13,158
18,157
44,150
74,137
77,132
30,151
14,155
-13,154
4,156
36,154
45,150
23,152
-3,157
14,156
-1,158
-9,159
0,157
0,158
24,154
73,138
98,122
124,91
146,56
141,61
113,106
100,122
120,98
138,76
150,41
158,1
158,-8
155,-27
147,-56
136,-82
102,-116
50,-148
55,-143
100,-117
129,-87
143,-60
130,-83
130,-85
147,-38
153,-22
140,-64
146,-45
150,18
146,59
150,47
153,31
150,46
151,42
142,60
146,53
154,22
153,34
158,8
151,-35
141,-68
152,-40
156,-21
156,-14
155,11
155,24
155,25
155,17
155,-15
148,-46
149,-48
143,-64
132,-88
119,-105
96,-125
44,-148
7,-155
35,-150
17,-154
-25,-154
14,-151
61,-145
77,-137
97,-122
107,-116
120,-100
129,-91
133,-80
145,-56
123,-93
99,-121
88,-130
84,-133
82,-133
50,-146
8,-156
-11,-156
6,-158
-15,-156
-62,-143
-81,-134
-73,-139
-84,-133
-109,-113
-116,-106
-115,-108
-126,-90
-153,-22
-156,-3
-153,-29
-157,-5
-158,6
-158,-1
-148,-33
-118,-97
-101,-121
-58,-140
-19,-154
-64,-141
-87,-129
-68,-140
-53,-148
-41,-152
-40,-153
-26,-155
6,-156
11,-156
42,-147
86,-128
120,-88
149,-36
146,-52
134,-82
131,-87
132,-87
101,-116
27,-147
-12,-156
-47,-146
-106,-114
-112,-111
-108,-115
-122,-101
-133,-85
-151,-37
-158,1
-154,-19
-140,-67
-124,-97
-133,-83
-150,-44
-153,-31
-153,-33
-152,-35
-123,-82
-84,-131
-80,-137
-114,-104
-143,-66
-147,-52
-152,10
-118,89
-55,144
-40,151
-64,139
-24,150
8,156
-33,148
-61,143
-41,151
-61,141
-107,98
-148,11
-146,-47
-108,-101
-48,-143
-25,-155
-39,-153
-43,-152
-22,-154
7,-156
40,-142
98,-119
90,-129
103,-110
143,-32
156,15
155,21
151,43
149,48
107,95
23,146
-29,154
-31,155
-19,156
-64,133
-120,98
-142,63
-144,63
-121,99
-120,101
-134,68
-155,13
-156,-9
-154,-13
-149,-23
-149,-38
-157,-2
-157,-6
-154,-25
-157,0
-152,-2
-145,-45
-148,12
-147,52
-153,0
-152,-40
-153,-25
-156,16
-157,3
-150,32
-142,64
-147,53
-147,56
-152,40
-156,11
-156,-17
-148,-50
-143,-64
-153,-35
-140,-49
-76,-121
7,-150
66,-141
86,-131
115,-100
130,-87
112,-111
121,-100
127,-90
137,-55
152,11
143,56
132,84
147,28
143,-57
126,-95
97,-120
43,-148
-6,-157
17,-150
74,-136
97,-124
107,-112
139,-63
154,-34
151,-49
148,-55
146,-59
152,-33
154,17
154,21
141,-50
111,-109
117,-103
118,-102
71,-135
-2,-155
-15,-157
5,-156
31,-147
90,-125
101,-121
92,-129
67,-142
71,-135
122,-82
148,-39
139,-73
140,-71
145,-62
149,-47
155,-14
157,1
154,19
153,35
152,27
126,74
72,134
59,146
36,152
29,154
60,145
83,134
92,128
90,125
23,145
-42,149
-41,147
47,142
114,109
129,92
121,101
115,108
104,117
105,114
124,93
87,121
8,143
-79,129
-92,128
-99,123
-104,119
-77,135
-38,152
-36,153
-25,155
19,154
17,155
-12,158
-14,158
-13,158
20,153
70,139
78,137
95,122
140,53
150,32
139,69
144,60
157,17
157,20
150,41
135,79
117,104
105,113
70,136
76,137
111,111
85,124
36,151
43,151
24,150
-11,153
43,146
38,143
-52,138
-102,117
-126,91
-137,69
-152,37
-147,52
-107,106
-71,140
-72,139
-39,151
-44,148
-13,153
26,155
12,154
-8,155
-26,154
-43,152
-25,155
-26,156
-36,153
-68,139
-94,124
-88,129
-53,146
-67,139
-57,146
-20,155
17,156
43,151
77,134
106,115
106,114
88,127
49,145
39,151
51,148
64,145
72,141
64,143
21,148
-43,149
-54,148
-58,145
-88,129
-115,102
-135,80
-129,86
-90,126
-87,128
-112,110
-116,107
-97,124
-71,141
-42,150
14,154
41,153
26,155
27,154
66,142
68,139
44,150
74,138
83,133
73,138
62,144
82,135
90,130
86,132
60,145
57,147
65,143
57,146
77,132
111,110
103,119
110,114
127,94
138,76
127,90
143,56
156,17
157,16
142,51
109,110
114,110
139,74
139,67
108,108
61,140
39,150
89,126
102,118
67,140
54,148
69,140
102,116
82,129
43,150
-4,149
-93,106
-147,46
-157,14
-154,-15
-151,-39
-155,7
-142,63
-125,95
-129,89
-144,61
-150,39
-153,-6
-156,-12
-156,-3
-154,-23
-152,-37
-151,-33
-132,-77
-112,-111
-125,-92
-150,-48
-151,-42
-139,-69
-143,-65
-148,-53
-126,-87
-105,-115
-130,-72
-156,-9
-156,-13
-156,-1
-155,4
-155,21
-155,22
-156,1
-158,-10
-156,-7
-144,-50
-134,-80
-147,-57
-153,-39
-154,-26
-149,38
-134,84
-129,92
-117,105
-98,121
-121,85
-150,41
-137,72
-136,78
-132,85
-117,104
-89,128
-53,147
-10,156
0,157
-12,154
-8,154
47,146
102,119
134,83
149,52
147,52
155,26
150,39
146,56
121,86
62,137
29,154
51,147
80,135
110,111
125,95
126,94
112,109
96,123
51,144
-9,153
-5,154
45,149
36,149
2,156
-14,154
6,153
5,153
7,154
53,148
27,148
-23,152
-16,156
-39,151
-50,149
5,153
17,151
0,156
27,155
32,153
57,145
32,152
25,155
40,151
35,153
46,150
34,152
26,155
31,154
30,156
13,157
5,156
-24,154
-6,155
-6,152
-22,154
-7,157
23,153
68,141
71,138
58,146
99,119
102,118
78,135
88,127
127,88
145,61
150,46
156,20
154,33
144,57
135,76
145,59
136,72
127,93
126,94
103,116
66,140
51,150
84,130
121,94
99,117
86,133
94,125
121,99
140,71
148,51
155,26
155,4
148,-49
138,-75
136,-76
146,-59
140,-74
129,-88
137,-72
129,-91
111,-112
117,-104
139,-69
152,-39
151,-44
148,-53
126,-87
115,-103
140,-72
126,-91
80,-132
44,-151
63,-144
61,-144
-2,-154
-33,-154
-4,-155
35,-154
6,-155
-59,-143
-79,-135
-65,-145
-76,-140
-77,-134
-28,-150
-26,-155
-31,-153
-44,-150
-78,-136
-57,-144
-36,-152
-69,-139
-110,-113
-133,-82
-117,-99
-105,-116
-118,-103
-135,-81
-139,-75
-141,-71
-150,-49
-156,-8
-152,-11
-152,-36
-153,-20
-144,43
-143,57
-146,55
-149,53
-151,45
-148,53
-124,92
-90,128
-88,129
-119,100
-136,79
-140,69
-150,40
-153,37
-154,28
-156,-1
-156,8
-152,42
-147,57
-153,31
-157,12
-157,-5
-153,-32
-151,-47
-154,-38
-153,-31
-138,-67
-140,-68
-155,-22
-158,-2
-157,-6
-156,24
-151,47
-149,50
-129,84
-101,119
-69,141
-65,143
-74,137
-27,151
13,158
28,156
47,150
83,132
105,118
107,116
102,118
79,135
49,142
-38,141
-71,140
-69,140
-82,132
-115,100
-136,80
-120,100
-83,133
-79,136
-97,123
-113,108
-104,115
-60,144
-40,152
-54,147
-36,148
33,150
49,149
52,147
82,134
87,133
98,123
114,108
120,98
139,75
136,80
122,99
116,105
116,105
100,119
93,126
124,89
152,39
151,42
153,41
144,59
142,66
153,35
156,23
156,-12
156,-24
157,-16
156,-26
140,-65
98,-120
49,-149
2,-159
-31,-155
-69,-140
-92,-126
-102,-121
-76,-137
-79,-137
-62,-141
-24,-156
-34,-155
-26,-155
-20,-156
-2,-158
25,-157
14,-157
-33,-154
-64,-145
-87,-130
-69,-138
-94,-120
-139,-67
-148,-47
-142,-67
-148,-55
-155,-31
-157,-5
-154,24
-154,28
-157,16
-158,10
-153,34
-146,57
-130,88
-88,128
-19,152
46,149
39,150
-12,154
-36,153
-25,155
-43,148
-61,144
-63,143
-81,130
-110,109
-121,101
-126,97
-130,90
-115,108
-89,131
-86,132
-80,135
-37,153
-39,152
-73,139
-97,121
-120,102
-123,99
-129,88
-142,68
-143,69
-147,51
-150,36
-128,86
-88,128
-45,149
25,145
109,108
132,87
131,85
146,31
154,-33
154,-36
156,-3
147,47
131,85
99,111
62,140
94,123
102,118
45,140
-2,157
-14,156
-35,153
-28,154
-32,152
-83,120
-140,62
-155,21
-156,-2
-147,-49
-138,-79
-145,-57
-151,14
-153,29
-153,31
-149,11
-149,-43
-151,-48
-154,-37
-152,-37
-151,-13
-133,69
-133,78
-144,63
-140,73
-141,69
-147,57
-136,78
-123,97
-133,77
-149,25
-143,-47
-107,-106
-68,-140
-50,-148
-15,-155
-5,-157
-18,-156
-22,-155
-9,-156
15,-155
50,-146
88,-130
79,-136
4,-149
-77,-135
-100,-123
-90,-128
-95,-124
-86,-130
-81,-135
-72,-136
-28,-152
13,-153
68,-134
82,-133
53,-149
49,-149
83,-128
94,-126
91,-126
112,-108
115,-106
122,-98
137,-74
148,-55
151,-38
154,4
150,37
151,37
153,37
155,30
149,49
148,54
145,59
145,56
155,7
148,-48
143,-67
147,-57
153,-33
155,-33
154,-33
156,-12
158,-7
156,-22
156,-5
157,13
159,1
158,-16
151,-45
144,-65
137,-74
109,-111
88,-131
77,-136
103,-116
118,-103
96,-124
64,-144
63,-143
57,-141
-16,-152
-73,-137
-97,-124
-116,-100
-151,-38
-157,7
-150,46
-149,51
-150,49
-152,33
-156,12
-156,-2
-156,12
-156,19
-158,0
-158,-5
-158,8
-156,21
-154,25
-152,-18
-151,-38
-140,-52
-103,-114
-98,-124
-102,-119
-114,-106
-145,-53
-153,-25
-150,-45
-149,-48
-140,-64
-124,-93
-104,-113
-90,-129
-112,-111
-90,-125
-49,-148
-62,-144
-84,-132
-108,-113
-109,-114
-116,-105
-89,-123
-55,-146
-28,-154
-34,-154
-21,-155
6,-157
14,-157
-10,-157
-40,-153
-65,-140
-108,-114
-122,-101
-110,-114
-123,-94
-152,-24
-154,32
-152,45
-152,35
-154,26
-150,48
-151,45
-149,48
-149,44
-147,-13
-118,-93
-109,-113
-130,-87
-143,-68
-143,-66
-127,-87
-113,-109
-126,-95
-130,-88
-144,-60
-143,-61
-131,-85
-132,-84
-140,-69
-143,-64
-140,-71
-149,-49
-156,-12
-156,15
-149,45
-133,81
-119,102
-93,126
-105,117
-126,95
-120,100
-79,135
-60,146
-62,144
-57,146
-77,137
-75,139
-33,154
-8,158
25,157
45,152
47,149
52,148
86,128
134,72
152,41
148,51
154,25
157,17
156,11
157,-17
144,-48
111,-108
103,-119
117,-106
105,-118
71,-141
44,-151
13,-157
6,-158
11,-156
61,-128
133,-68
143,-64
138,-76
126,-95
118,-106
110,-113
111,-112
109,-115
123,-96
143,-48
155,6
152,30
147,53
138,76
141,70
150,45
145,59
149,42
151,-29
147,-30
137,53
133,77
152,38
155,23
156,4
150,37
149,50
135,74
108,112
66,135
10,154
21,155
49,150
45,150
24,155
31,154
80,131
111,111
93,126
78,133
31,150
48,145
105,113
118,101
101,120
92,127
65,139
24,154
28,156
14,155
-25,154
-25,155
27,148
105,111
137,80
143,67
133,78
110,110
91,126
54,143
13,155
30,152
81,130
93,126
115,107
130,89
128,89
116,106
124,94
144,56
150,40
150,-19
144,-56
153,-11
154,-22
138,-74
134,-82
145,-64
130,-86
94,-125
74,-137
94,-118
116,-105
90,-128
82,-135
79,-138
70,-142
78,-139
88,-130
110,-114
127,-91
144,-62
141,-71
137,-76
116,-105
112,-110
99,-123
91,-127
115,-104
109,-111
90,-126
113,-107
80,-128
41,-149
70,-139
46,-150
3,-156
-35,-154
-51,-149
-55,-148
-85,-131
-119,-103
-123,-96
-123,-99
-118,-104
-103,-119
-91,-128
-95,-123
-123,-98
-131,-88
-148,-41
-156,16
-157,6
-154,-22
-152,-39
-155,-7
-155,-9
-153,-35
-156,-29
-158,-12
-157,-4
-155,-23
-157,-16
-156,19
-147,50
-122,95
-123,99
-130,89
-131,89
-127,91
-146,52
-156,15
-157,-7
-157,7
-154,21
-154,-10
-155,18
-149,51
-142,70
-147,53
-126,86
-95,124
-58,144
-52,147
-68,139
-87,129
-57,144
-21,155
-45,151
-66,142
-99,118
-110,111
-101,120
-119,96
-146,50
-155,3
-153,-32
-154,-29
-158,4
-157,17
-156,2
-152,-19
-137,-68
-136,-81
-142,-68
-148,-55
-148,-51
-127,-89
-119,-102
-136,-76
-115,-97
-61,-139
-32,-153
-45,-150
-43,-151
-50,-149
-38,-151
-78,-130
-123,-93
-118,-101
-124,-98
-136,-81
-144,-64
-146,-50
-156,-4
-157,15
-157,19
-154,35
-152,23
-144,-40
-135,-78
-138,-66
-149,10
-152,35
-152,41
-148,54
-134,80
-132,82
-143,61
-152,34
-128,74
-76,131
-87,125
-91,125
-107,112
-112,110
-109,114
-82,134
-69,141
-86,131
-103,113
-133,74
-149,10
-149,-44
-153,-35
-157,-11
-151,-33
-143,-66
-152,-39
-157,-19
-154,-25
-149,-43
-124,-89
-111,-112
-121,-99
-139,-72
-152,-39
-157,2
-153,36
-154,25
-158,9
-156,10
-152,-27
-151,-37
-154,15
-154,10
-147,-46
-131,-83
-129,-89
-145,-59
-140,-70
-135,-81
-145,-56
-156,-16
-157,-13
-157,-6
-150,43
-151,39
-154,32
-135,73
-106,115
-97,125
-101,122
-102,121
-85,128
-3,149
45,149
69,140
115,96
148,49
151,41
155,27
158,-5
156,-21
151,-10
137,62
134,83
132,87
120,102
121,100
141,70
150,46
150,46
153,8
150,-17
141,50
131,84
133,81
147,55
150,-10
131,-82
90,-123
28,-151
27,-152
80,-119
138,-58
139,-69
140,-69
142,-56
144,15
130,81
124,93
143,59
137,72
129,88
113,107
118,101
124,89
87,124
25,143
0,152
59,144
91,129
97,126
91,127
42,146
-1,157
3,157
-1,157
-45,146
-80,135
-55,144
1,156
4,157
-3,156
-15,154
28,150
77,137
70,139
38,151
12,158
3,159
21,156
42,149
8,152
-39,150
-53,147
-50,149
-32,154
-44,149
-50,148
-51,148
-43,150
-75,133
-107,113
-120,99
-140,58
-155,3
-154,24
-150,49
-151,48
-132,79
-96,123
-91,128
-86,132
-88,131
-57,146
6,151
45,151
27,156
41,151
60,142
11,151
-8,154
53,144
89,129
73,137
64,145
81,135
103,118
94,125
56,141
-22,148
-51,149
-42,152
-21,155
42,148
90,129
108,114
135,78
147,58
133,80
110,111
78,133
42,150
15,155
-25,152
-54,148
-72,139
-89,130
-58,145
-12,156
8,156
51,148
101,114
141,64
126,83
115,105
124,95
95,121
64,143
66,144
50,148
33,154
15,155
15,155
21,154
-17,155
-13,157
41,148
91,128
125,93
140,76
150,49
145,48
110,105
56,142
33,153
62,142
31,148
9,156
30,156
41,152
76,137
98,123
81,132
57,146
81,132
112,108
117,102
100,119
88,129
114,107
135,80
117,99
59,137
5,154
-1,155
-60,132
-129,82
-146,59
-149,46
-154,22
-156,16
-156,17
-155,28
-152,37
-156,13
-156,23
-155,28
-155,20
-157,7
-157,10
-148,44
-140,65
-154,18
-156,14
-147,56
-137,79
-131,89
-128,91
-130,84
-148,36
-156,12
-151,40
-139,76
-132,86
-124,96
-93,125
-44,150
-24,156
-25,156
-28,155
-41,152
-74,136
-89,130
-77,137
-57,146
-45,150
-68,139
-50,146
15,155
43,152
71,138
96,123
124,90
150,27
156,-15
155,-1
147,43
151,37
155,16
151,-31
149,-47
154,-9
147,44
146,58
151,36
148,-38
127,-87
65,-136
37,-151
72,-135
96,-126
98,-124
113,-109
120,-102
131,-81
147,-16
147,44
137,74
143,60
105,100
64,142
87,130
117,103
142,66
151,44
121,88
101,121
92,126
70,139
50,149
65,144
85,132
98,123
95,127
99,122
68,138
30,153
9,156
25,155
40,153
44,151
88,126
124,99
113,106
78,133
52,147
59,145
83,131
130,77
154,29
157,16
149,43
139,74
148,52
156,10
153,25
148,55
141,68
126,91
122,99
126,93
126,95
132,86
140,73
151,47
156,26
158,15
149,37
129,87
130,90
118,101
85,129
77,138
91,129
100,122
128,89
152,33
154,22
143,59
139,72
147,57
156,20
157,-6
143,-60
127,-95
127,-91
138,-68
140,-72
143,-54
147,25
134,77
148,38
152,-29
147,-42
151,10
127,78
98,121
119,102
140,73
148,52
157,12
157,8
150,38
144,62
151,41
158,6
154,-11
135,-71
130,-88
113,-110
91,-129
102,-117
123,-98
110,-114
75,-137
43,-151
74,-134
107,-112
58,-139
-16,-154
-7,-152
52,-145
65,-142
74,-138
102,-120
77,-135
63,-140
106,-114
125,-96
139,-69
116,-97
52,-145
33,-153
38,-152
73,-137
114,-108
125,-94
136,-71
151,-22
138,54
132,85
146,28
137,-66
116,-108
113,-111
128,-88
138,-76
134,-80
129,-89
112,-111
76,-137
63,-137
118,-93
137,-79
122,-99
116,-104
136,-76
147,-56
149,-52
145,-57
92,-116
39,-146
92,-118
127,-93
141,-62
154,-17
159,0
156,-27
142,-69
118,-101
115,-106
136,-69
150,-34
131,-80
96,-122
77,-136
64,-143
60,-144
78,-137
65,-143
71,-140
91,-125
129,-77
143,-52
110,-107
94,-128
86,-133
91,-128
108,-115
87,-132
51,-149
57,-143
104,-113
132,-84
126,-94
89,-129
64,-142
22,-151
1,-156
2,-157
-20,-157
-26,-154
-1,-155
30,-155
22,-156
19,-154
19,-155
30,-149
72,-139
102,-119
120,-102
137,-73
147,-60
143,-68
136,-79
148,-47
155,3
139,61
118,101
113,110
103,116
89,128
64,139
41,151
78,135
73,136
20,149
-36,150
-42,151
-28,155
-2,155
47,149
76,138
83,133
95,125
76,136
38,150
-3,155
-3,157
37,153
68,143
89,130
95,126
114,107
124,94
148,47
158,11
157,-10
154,4
147,49
153,30
156,21
157,13
157,-15
153,-34
155,-7
151,32
145,60
152,31
155,19
158,13
158,8
154,27
152,39
142,59
127,91
134,83
131,84
105,114
55,142
-2,155
-14,155
-37,152
-17,154
17,155
12,156
-10,155
-27,153
29,149
69,141
80,135
79,136
88,129
51,144
8,155
-32,150
-51,148
-20,154
-2,157
11,156
54,146
93,127
105,118
122,98
138,74
145,59
141,70
128,88
110,109
135,74
154,25
156,-15
142,-60
134,-79
143,-66
128,-88
77,-133
44,-152
35,-152
68,-138
96,-124
104,-117
95,-124
99,-121
105,-116
81,-132
45,-152
-3,-153
-38,-149
9,-152
49,-147
89,-126
126,-91
120,-99
81,-133
61,-146
56,-147
72,-138
91,-128
83,-132
33,-151
-21,-155
-56,-147
-80,-136
-87,-131
-61,-143
-45,-150
-22,-154
-33,-154
-56,-149
-33,-150
25,-152
26,-156
23,-155
40,-153
30,-155
-4,-158
-1,-156
11,-156
-19,-157
-19,-157
-11,-156
-57,-145
-102,-120
-125,-97
-116,-105
-95,-125
-81,-134
-48,-147
-51,-145
-108,-110
-98,-117
-76,-137
-36,-146
29,-151
39,-153
-3,-156
-67,-135
-121,-99
-92,-113
11,-143
82,-129
125,-89
133,-84
126,-92
107,-113
101,-118
127,-87
130,-87
98,-116
126,-83
142,-71
135,-83
135,-75
151,-30
157,5
155,27
152,37
156,4
151,-36
152,-24
155,-23
153,-42
152,-43
149,-52
140,-74
126,-94
112,-112
97,-125
99,-120
127,-91
133,-84
105,-114
86,-131
104,-119
111,-114
100,-123
81,-135
51,-150
20,-156
42,-147
90,-124
131,-79
133,-76
86,-128
57,-147
-1,-150
-93,-118
-140,-71
-149,-54
-136,-79
-124,-95
-87,-126
-78,-134
-53,-146
-42,-151
-3,-151
53,-143
26,-153
-17,-156
-48,-150
-41,-150
-5,-155
43,-139
120,-86
144,-63
147,-8
120,83
122,90
150,44
154,31
153,-19
149,-48
147,-55
152,-40
156,-12
151,28
132,79
82,122
48,146
88,128
66,135
-2,153
-37,152
-59,146
-37,152
-47,147
-87,130
-102,119
-96,122
-85,132
-108,110
-113,106
-82,134
-60,145
-27,154
-11,155
-10,155
10,156
-5,155
-9,156
-20,154
-48,150
-80,131
-117,105
-129,90
-145,52
-152,-12
-138,-66
-106,-111
-64,-140
-27,-155
-41,-151
-82,-134
-107,-116
-130,-84
-151,-32
-151,-37
-149,-53
-154,-33
-149,-48
-132,-81
-118,-101
-142,-64
-147,-56
-132,-84
-116,-105
-116,-106
-133,-78
-154,-26
-158,7
-155,24
-150,1
-148,-38
-154,9
-155,1
-153,-24
-153,17
-153,39
-150,49
-147,56
-138,75
-140,68
-151,21
-154,-25
-155,-26
-144,-52
-120,-97
-131,-86
-150,-51
-152,-37
-141,-65
-136,-76
-117,-98
-69,-135
-41,-152
-19,-154
25,-154
19,-155
-44,-149
-94,-123
-91,-123
-79,-134
-55,-144
-41,-150
-97,-117
-132,-86
-107,-108
-37,-143
33,-149
70,-140
66,-143
70,-139
64,-142
51,-145
97,-108
134,-81
133,-87
140,-69
153,-28
152,-34
143,-69
138,-78
130,-90
126,-82
135,17
115,101
120,95
142,64
141,66
128,89
137,76
138,71
117,102
122,98
110,102
58,143
33,153
2,154
-42,148
-71,141
-73,139
-28,153
11,156
6,157
-7,156
-55,138
-119,93
-142,69
-137,80
-131,87
-137,72
-151,44
-142,65
-115,103
-100,119
-61,139
-5,158
20,158
49,149
97,123
126,96
143,66
148,51
140,68
135,79
129,86
151,40
158,7
155,-24
156,-12
158,2
149,-36
131,-85
130,-87
136,-76
139,-70
102,-114
73,-138
106,-111
124,-95
116,-107
119,-99
108,-107
51,-146
37,-153
23,-153
-5,-155
-14,-153
15,-151
57,-144
56,-142
108,-86
140,21
126,91
132,78
154,22
138,42
64,123
-13,153
-44,151
-62,145
-61,146
-74,136
-93,125
-85,131
-88,129
-61,144
-36,153
-17,157
-3,158
-12,157
-5,157
-15,156
-14,158
-11,157
-1,156
29,156
36,154
12,155
22,155
67,141
105,114
104,113
58,140
45,148
3,150
-21,153
43,144
97,119
85,130
92,127
102,121
101,122
98,123
113,111
115,109
116,107
114,106
89,128
61,142
1,150
-18,154
-7,156
-45,147
-80,134
-69,141
-59,146
-85,130
-115,107
-132,85
-139,73
-148,54
-143,62
-133,84
-136,80
-125,95
-99,120
-69,140
-74,137
-77,138
-100,121
-117,106
-111,112
-102,120
-112,109
-105,113
-65,141
-90,125
-122,101
-121,101
-96,124
-71,141
-95,121
-103,116
-60,144
-18,156
-29,154
-40,152
-19,155
-6,156
-41,149
-36,151
-10,158
10,157
35,153
45,151
72,138
118,102
132,88
134,84
138,69
97,112
61,144
48,150
32,152
-4,157
-29,154
-56,146
-58,146
-67,141
-97,121
-105,117
-67,138
1,156
54,148
56,145
14,153
-48,144
-61,142
4,153
38,153
39,153
11,154
-39,150
-53,149
-40,152
-50,145
-94,124
-127,73
-154,9
-157,1
-151,40
-151,19
-143,-51
-127,-91
-144,-49
-155,14
-155,35
-148,51
-151,35
-141,64
-135,82
-121,101
-102,119
-56,144
-55,145
-61,145
-14,155
2,156
-23,155
-42,149
-62,144
-81,130
-121,97
-140,69
-150,49
-150,48
-154,17
-157,2
-154,-16
-148,-54
-150,-34
-147,41
-144,61
-152,31
-150,38
-147,54
-153,11
-157,-5
-157,-7
-154,-28
-148,-47
-147,-52
-155,-25
-149,-42
-149,-49
-144,-63
-131,-85
-114,-109
-89,-127
-87,-126
-126,-90
-138,-72
-153,-21
-156,-13
-154,-25
-148,-48
-132,-78
-119,-100
-145,-50
-156,-16
-148,-48
-145,-62
-136,-78
-140,-73
-148,-56
-151,-48
-155,-25
-151,27
-149,43
-149,-16
-142,-65
-128,-89
-123,-95
-147,-50
-144,-56
-134,-81
-130,-85
-149,-44
-152,-33
-127,-82
-109,-112
-129,-88
-137,-74
-126,-93
-140,-75
-138,-77
-128,-94
-133,-84
-143,-65
-149,-48
-153,-12
-151,42
-152,33
-157,-5
-158,-12
-157,-15
-154,-27
-154,5
-155,0
-156,-3
-156,-4
-154,-33
-154,-32
-157,-14
-156,23
-148,56
-142,68
-127,92
-107,114
-123,93
-148,49
-155,33
-152,38
-148,47
-133,82
-121,100
-104,118
-112,111
-116,108
-118,105
-119,103
-110,113
-119,103
-128,89
-145,50
-155,32
-151,46
-135,80
-106,113
-60,142
-22,154
4,154
75,134
116,106
115,107
119,102
129,85
149,51
151,44
153,34
156,15
144,50
122,97
107,115
92,127
96,125
95,123
76,137
51,147
56,146
86,133
104,120
97,124
68,140
49,149
35,152
-5,155
7,155
36,153
61,146
88,130
130,77
151,-8
133,-81
115,-107
96,-126
75,-140
68,-142
54,-148
12,-157
-27,-154
5,-148
85,-119
133,-76
132,-85
114,-103
78,-134
101,-117
85,-130
66,-143
93,-125
106,-117
122,-77
131,41
99,118
72,137
36,152
10,153
-25,153
24,151
68,141
111,111
126,94
123,96
136,79
125,92
121,95
146,55
128,80
107,113
119,103
92,123
35,148
12,157
43,151
35,151
6,157
26,154
47,149
21,155
-7,155
-3,154
21,154
40,149
100,119
119,100
78,128
38,153
34,154
30,154
43,150
14,154
-16,155
-23,154
7,155
8,156
16,157
3,157
-1,157
6,156
45,148
59,145
77,137
104,117
109,111
101,119
126,89
144,60
121,94
104,120
100,123
90,127
35,148
28,153
61,145
72,140
92,127
132,80
152,40
155,28
153,14
144,-51
129,-83
72,-129
15,-156
4,-157
-15,-157
-13,-157
1,-157
37,-150
76,-130
129,-60
145,31
138,70
146,52
153,25
156,-22
156,-27
151,-43
143,-64
148,-32
143,48
136,76
123,96
111,114
107,114
97,122
122,95
150,33
148,-44
134,-79
147,-42
156,-9
155,21
157,26
156,26
151,39
139,69
125,93
97,119
75,135
46,148
87,127
102,119
98,124
121,94
153,26
154,17
139,61
113,104
106,114
77,126
-15,146
-31,149
38,149
42,150
39,152
79,135
107,115
128,90
143,64
124,89
66,134
3,152
-53,146
-97,119
-129,79
-152,15
-153,-20
-122,-83
-76,-135
-50,-149
-22,-155
9,-155
51,-147
60,-144
41,-149
68,-139
77,-136
62,-143
81,-134
88,-131
103,-119
116,-106
106,-116
99,-119
137,-61
154,-26
136,-70
116,-103
131,-82
127,-90
141,-54
155,4
152,34
153,29
146,53
142,67
129,87
129,88
123,96
110,113
113,109
138,76
131,84
111,110
83,132
54,147
27,154
-2,155
-39,152
-60,145
-32,153
5,157
5,157
1,158
27,154
80,132
102,121
105,116
133,80
153,29
146,-44
137,-76
131,-87
124,-95
141,-56
154,-4
156,15
157,5
153,-17
137,-63
147,-44
151,-38
153,-37
143,-62
119,-101
121,-97
142,-64
152,-35
148,-49
143,-41
132,55
99,118
57,142
24,155
25,154
44,151
61,146
86,130
117,101
105,109
62,140
79,131
127,88
125,92
104,117
104,118
101,120
97,124
100,122
84,132
37,149
-16,154
-19,157
4,157
-6,155
5,154
47,151
48,150
36,152
71,138
104,116
135,76
153,25
156,-18
149,-50
148,-46
118,-90
83,-133
72,-140
61,-145
82,-134
63,-142
27,-155
27,-155
6,-157
13,-153
72,-136
86,-131
53,-146
78,-133
110,-111
137,-73
153,-33
150,-46
151,-40
152,14
125,84
118,104
131,88
129,92
132,85
130,80
84,124
39,149
75,134
109,114
85,126
48,149
28,153
33,153
83,132
117,105
126,96
115,105
106,113
138,62
151,34
154,15
144,-50
129,-84
147,-30
155,19
155,-2
155,-14
153,29
150,48
141,67
124,94
88,126
39,148
29,154
56,146
29,149
-18,155
-40,152
-58,145
-84,132
-92,125
-127,81
-144,57
-119,98
-118,102
-113,110
-100,120
-90,129
-77,137
-81,135
-93,126
-94,125
-85,132
-103,117
-126,93
-133,85
-128,90
-121,99
-119,99
-102,115
-109,110
-138,68
-145,61
-132,87
-111,111
-85,133
-73,140
-83,131
-99,120
-114,105
-124,98
-131,87
-127,93
-88,126
-40,150
17,152
58,147
65,144
77,137
48,146
20,155
9,157
18,157
41,152
45,148
19,155
30,154
48,150
73,139
81,136
90,128
130,78
155,10
156,-23
152,-42
152,-41
143,-64
126,-96
105,-118
91,-127
66,-141
86,-126
113,-107
87,-127
57,-147
40,-153
24,-157
7,-158
11,-157
-13,-157
0,-155
55,-142
106,-111
132,-82
147,-54
146,-59
131,-88
121,-100
110,-111
112,-108
107,-112
78,-136
44,-151
49,-149
55,-147
76,-138
64,-145
58,-145
91,-121
124,-94
139,-67
153,-18
157,9
154,-23
141,-68
121,-101
114,-111
116,-104
127,-89
75,-130
31,-152
53,-148
52,-149
49,-150
32,-155
1,-159
-7,-159
-29,-153
-42,-145
31,-145
67,-142
48,-149
21,-156
63,-138
103,-119
96,-125
80,-136
55,-149
30,-153
62,-137
90,-128
62,-144
48,-150
45,-150
20,-156
7,-158
-3,-158
-39,-152
-79,-136
-93,-127
-106,-117
-93,-126
-81,-134
-84,-132
-61,-142
-76,-135
-90,-127
-68,-141
-51,-148
-14,-155
-22,-153
-80,-134
-121,-96
-150,-26
-156,5
-158,-6
-153,27
-153,31
-156,-3
-155,-31
-149,-48
-154,-24
-155,-17
-133,-70
-96,-121
-72,-138
-30,-151
4,-157
-25,-154
-42,-152
-4,-153
46,-147
45,-152
45,-151
42,-152
26,-156
15,-158
5,-158
-23,-155
-78,-134
-84,-133
-51,-147
-49,-148
-92,-128
-115,-108
-137,-77
-151,-43
-151,7
-140,67
-139,70
-120,99
-110,114
-127,88
-150,43
-155,23
-156,4
-148,33
-145,34
-153,-24
-145,-56
-138,-74
-148,-55
-142,-63
-135,-79
-146,-59
-154,-26
-157,12
-154,-9
-155,-32
-157,-19
-147,-49
-140,-72
-138,-76
-148,-55
-154,-22
-155,28
-147,54
-151,33
-150,36
-153,23
-159,-2
-157,-14
-156,-6
-156,-5
-150,39
-140,69
-137,77
-136,78
-143,64
-120,98
-113,110
-106,116
-35,148
17,156
9,157
28,153
57,146
74,139
83,133
101,119
117,103
132,86
144,63
156,16
158,-20
152,-43
147,-56
153,-37
154,-16
140,51
121,100
133,81
153,22
146,-50
127,-93
99,-121
77,-137
82,-134
78,-137
94,-125
123,-92
143,-63
123,-94
116,-101
125,-93
123,-98
138,-72
150,-47
151,-47
151,-38
156,-24
154,-8
149,41
139,69
134,83
136,80
135,81
144,65
150,46
155,0
153,-39
155,-16
156,14
158,-5
149,-38
89,-113
-3,-152
-41,-151
-76,-137
-73,-139
-72,-138
-66,-137
1,-148
81,-127
118,-97
139,-15
142,59
140,67
93,115
9,148
-68,135
-93,125
-94,122
-127,90
-135,71
-140,-17
-132,-80
-150,-37
-158,-12
-157,13
-155,30
-158,16
-155,28
-152,38
-149,43
-139,-23
-121,-94
-122,-95
-148,-37
-157,4
-157,9
-157,8
-140,59
-117,103
-121,94
-145,26
-152,-33
-147,-56
-149,-41
-156,9
-154,29
-153,32
-157,-1
-156,-23
-146,-51
-118,-97
-93,-126
-55,-143
-21,-155
-1,-157
-16,-158
-31,-154
-14,-154
-36,-151
-57,-145
4,-149
39,-152
1,-157
-24,-153
28,-149
81,-133
104,-119
118,-103
129,-90
120,-102
117,-103
111,-109
56,-143
1,-157
-19,-155
-66,-138
-105,-118
-84,-130
-34,-150
-16,-156
19,-152
67,-140
73,-136
25,-153
-32,-150
-68,-140
-72,-139
-104,-117
-123,-97
-95,-119
-31,-150
7,-158
9,-158
-2,-158
-34,-154
-31,-151
-24,-152
-99,-106
-150,-43
-156,-4
-151,43
-120,93
-57,144
-12,156
39,148
77,136
38,146
-42,142
-53,143
29,148
104,115
114,107
115,106
145,42
149,-35
135,-79
143,-48
143,36
122,96
117,104
116,102
71,135
39,152
31,154
35,154
52,148
66,141
29,149
-30,152
-37,153
-17,157
4,157
55,145
87,130
123,95
132,85
106,106
30,147
6,156
71,133
127,88
149,41
135,71
127,91
122,95
145,53
143,55
109,107
99,118
54,140
21,155
42,148
25,152
-12,157
-27,154
-15,155
-41,150
-86,128
-114,107
-135,77
-144,56
-154,12
-150,-42
-143,-69
-144,-65
-151,-39
-156,10
-156,22
-152,-17
-135,-76
-117,-106
-108,-115
-102,-118
-130,-85
-148,-53
-153,-34
-154,-18
-139,-62
-131,-87
-128,-90
-124,-98
-123,-100
-122,-99
-130,-88
-145,-61
-145,-55
-129,-86
-139,-64
-156,-5
-156,-14
-155,-16
-151,36
-148,52
-156,24
-157,18
-158,8
-157,21
-154,32
-157,16
-155,25
-149,47
-154,25
-158,9
-157,-1
-157,-13
-150,-39
-138,-72
-135,-80
-130,-89
-107,-110
-43,-144
-4,-158
-1,-158
18,-156
-16,-154
-61,-145
-91,-128
-118,-103
-142,-67
-153,-29
-152,-35
-156,-17
