0,0
0,0
0,1
0,0
-1,0
0,0
0,0
0,0
0,0
-1,-1
0,-1
1,-1
0,-1
1,0
1,1
0,1
1,1
1,0
0,0
2,0
0,0
0,-1
0,0
0,1
0,1
0,0
0,0
1,0
0,0
0,0
1,0
0,-2
-1,-2
0,-1
0,0
-1,0
0,-1
1,-1
0,0
0,0
-1,0
0,-1
0,0
0,0
1,0
0,0
1,0
0,-2
0,-1
-1,0
-1,0
-1,-1
0,-1
0,1
-1,1
0,0
1,1
0,1
-1,0
-1,0
0,1
0,1
0,0
0,0
0,0
-1,0
0,0
-1,-1
0,0
1,0
0,-1
-1,-1
-1,0
0,1
-1,0
-1,0
0,-1
0,-1
1,-1
1,-1
1,1
0,0
0,0
0,-1
0,0
0,0
0,-1
0,0
-1,1
0,0
0,0
0,0
0,0
0,0
0,0
1,0
1,0
1,-1
0,-1
0,-1
0,0
0,0
0,0
0,0
0,0
1,0
0,-1
-1,-1
0,0
0,0
0,1
1,0
0,0
0,0
0,-1
1,0
1,0
1,0
1,0
0,0
-1,0
-1,0
0,-1
-1,-1
1,0
1,0
1,0
1,0
0,1
0,2
-1,1
0,0
1,-1
1,0
0,0
0,1
0,1
0,2
-1,0
-2,-1
-1,0
0,0
-1,-1
0,0
1,0
1,0
1,0
0,0
0,-1
1,0
-1,0
-1,0
1,-1
0,-2
0,-1
-1,0
-1,0
-1,0
-1,0
-1,-1
0,1
-1,0
0,0
0,1
-1,-1
-1,-1
0,-1
1,0
1,0
0,0
-1,0
-1,0
-1,0
0,-1
-1,0
-1,0
1,0
0,0
0,0
0,1
0,0
0,-1
1,0
0,-1
0,-1
0,-1
-1,0
-1,0
0,0
0,-1
0,-1
0,0
1,0
0,0
0,0
0,0
0,0
1,0
0,0
0,-1
0,1
0,0
0,-1
0,0
-1,0
0,-1
0,-1
0,0
1,0
-1,0
-2,0
-2,-1
0,0
0,1
0,0
0,0
1,-1
2,0
1,1
0,1
0,0
0,-1
-1,1
0,1
0,0
-1,0
1,0
0,0
0,1
1,-1
0,-1
0,-1
0,-1
0,-1
0,0
1,0
0,1
0,2
0,1
-1,0
0,-1
0,-1
1,-1
0,-1
0,0
0,0
0,1
-1,0
-1,1
-1,0
-1,0
-1,-1
-1,-1
0,0
1,0
1,0
1,0
-1,0
-1,0
0,0
0,-1
0,-1
0,0
0,0
0,0
-1,0
0,0
1,0
1,0
1,1
0,1
1,0
1,-1
0,-1
1,0
0,0
0,0
0,-1
0,0
0,0
0,0
0,0
1,0
1,0
0,0
0,1
0,1
0,0
-1,0
0,0
0,0
0,-1
0,-1
0,0
0,0
0,-1
-2,0
1,1
1,1
1,1
0,1
-1,0
0,0
0,0
1,0
0,0
-1,-1
-1,0
-1,0
-1,-1
0,0
1,0
1,0
1,-1
1,-1
1,-1
0,0
-1,0
0,0
-1,0
-2,0
-1,1
-1,1
0,0
0,0
0,0
0,1
0,0
0,0
0,0
0,0
0,0
1,0
0,0
0,0
0,0
1,0
0,0
0,0
0,0
0,1
0,1
0,0
0,-1
0,0
0,0
0,0
1,0
1,0
0,0
-1,0
0,0
-1,0
-1,0
0,0
0,0
1,0
0,0
0,0
0,0
0,0
0,0
1,1
0,1
1,0
0,0
0,0
-1,-1
0,0
2,0
1,0
1,1
1,0
1,0
-1,0
-1,1
-1,0
0,0
0,0
1,0
1,0
1,0
0,0
0,0
0,1
0,1
0,0
0,-1
1,0
1,1
0,0
0,0
1,1
2,0
2,0
0,1
-1,0
-1,0
1,1
1,0
1,-1
0,0
0,-1
1,-1
0,0
1,0
0,0
1,1
1,1
0,0
1,0
0,-1
0,-1
0,-1
1,0
1,0
-1,0
-1,0
0,-1
1,0
0,0
1,0
1,0
0,1
0,0
0,1
0,0
-1,-1
0,-2
1,-1
0,-1
0,-1
1,-1
1,1
0,1
0,0
-1,-1
0,0
-1,1
1,0
1,0
0,0
-1,0
-1,-1
0,0
0,0
0,-1
0,0
0,0
0,0
0,0
1,1
0,1
-2,1
-1,0
1,0
1,0
0,0
0,0
1,0
1,0
0,-1
-1,-1
1,0
1,0
1,1
0,0
0,-1
0,-1
0,-1
0,0
0,-1
0,0
0,0
1,-1
1,0
0,1
0,0
0,0
-1,-1
0,-1
-1,-1
-1,-1
-1,-1
0,0
1,1
1,-1
0,-1
1,0
1,-1
0,-1
1,-1
1,-1
0,0
0,-1
0,-1
0,0
0,1
0,1
-1,0
0,0
1,0
-1,1
0,1
0,1
0,0
0,0
1,-1
0,-1
0,0
0,-1
0,-1
1,0
1,0
0,0
0,0
0,-1
1,-1
2,0
2,0
2,-1
0,-2
0,-2
0,-2
0,-3
-1,-4
-2,-5
-4,-5
-6,-5
-5,-8
-8,-7
-14,-6
-16,-3
-18,4
-17,10
-18,9
-19,8
-18,12
-18,5
-16,-11
-11,-19
-17,-12
-19,-9
-10,-18
-5,-22
-13,-19
-18,-16
-16,-18
-21,-10
-24,5
-24,0
-24,0
-25,5
-25,-2
-23,-12
-23,-4
-17,16
-8,24
6,23
12,23
10,25
16,23
19,20
18,21
23,14
22,14
4,24
-11,27
-9,28
2,28
19,19
27,1
30,-6
32,-1
30,-3
26,4
14,23
11,28
21,22
26,17
20,24
13,29
6,32
7,32
14,30
14,27
-6,29
-10,32
0,34
-3,32
-19,27
-27,21
-22,26
-16,31
-17,32
-19,29
-31,14
-34,13
-32,21
-31,21
-28,24
-25,28
-25,27
-26,25
-20,32
-15,33
-27,24
-29,25
-23,30
-20,34
-26,28
-25,29
-26,31
-32,23
-36,20
-37,15
-40,1
-40,7
-37,20
-33,26
-16,37
-7,42
5,40
24,36
30,33
31,32
23,36
24,36
21,38
18,41
-1,42
-19,41
-24,38
-7,45
16,44
28,38
20,43
1,46
-9,47
-14,42
-38,20
-43,18
-42,24
-45,20
-48,13
-50,11
-50,7
-49,-4
-50,-13
-44,-26
-34,-38
-38,-34
-40,-34
-48,-22
-53,-6
-54,-5
-54,5
-53,1
-48,18
-39,39
-43,34
-33,44
-23,50
6,53
34,45
42,38
46,35
49,32
51,28
56,13
58,-12
53,-25
42,-42
41,-46
37,-50
40,-44
56,-25
60,-15
63,3
62,16
47,39
32,55
30,54
2,60
-24,60
-33,57
-31,58
-13,64
4,67
2,67
25,58
56,37
58,36
47,50
52,45
66,23
66,23
56,43
59,40
64,30
55,46
58,44
68,22
68,24
72,15
72,-12
55,-49
47,-60
38,-64
19,-73
-7,-75
-45,-58
-64,-38
-72,7
-69,39
-71,26
-75,-14
-65,-45
-63,-50
-62,-51
-74,-35
-79,-21
-69,-36
-63,-52
-73,-33
-79,8
-84,10
-85,14
-83,25
-79,31
-63,57
-44,75
-20,86
-4,88
-4,87
-2,88
27,84
57,68
77,48
85,35
77,49
81,45
91,21
93,0
86,-28
71,-62
70,-63
54,-75
15,-94
-16,-95
-45,-85
-72,-65
-88,-42
-96,-16
-95,24
-73,61
-41,90
-45,89
-71,65
-93,8
-83,-48
-58,-83
-46,-92
-7,-96
7,-100
-32,-99
-28,-102
-36,-102
-56,-91
-87,-48
-104,1
-105,17
-99,40
-87,62
-96,49
-105,25
-110,11
-109,5
-109,-3
-108,26
-106,33
-111,12
-99,44
-85,73
-94,64
-76,83
-50,103
-19,112
38,101
84,79
94,69
102,56
85,75
96,64
111,-2
88,-75
69,-96
87,-75
108,-48
88,-71
32,-113
36,-105
97,-56
98,-64
87,-57
102,39
97,77
108,57
123,22
123,18
122,1
95,-69
64,-108
71,-101
106,-48
119,-28
117,-27
119,33
111,64
109,71
95,85
69,107
73,108
80,104
62,113
32,126
44,121
92,93
118,57
130,10
123,20
105,72
123,38
132,17
118,48
101,87
109,79
95,84
38,124
24,133
74,103
122,56
118,66
95,95
108,79
117,71
127,39
122,-44
107,-87
113,-79
120,-70
133,-33
138,-20
129,-51
134,-26
121,-47
75,-112
84,-107
104,-91
72,-117
46,-133
-9,-132
-97,-87
-134,-43
-134,-41
-123,-61
-82,-105
-28,-134
-20,-140
-51,-133
-67,-127
-62,-128
-50,-130
-48,-131
-23,-138
-3,-139
9,-140
-34,-138
-3,-137
42,-135
22,-140
16,-138
69,-116
70,-123
40,-137
21,-138
-49,-127
-97,-105
-124,-52
-130,40
-117,82
-102,97
-91,107
-59,125
-9,143
-22,140
-64,126
-53,132
-27,141
-72,114
-120,68
-132,26
-112,-63
-67,-122
-54,-131
-72,-123
-71,-125
-106,-85
-138,-14
-142,3
-141,21
-142,4
-144,-3
-142,-10
-141,8
-142,10
-135,40
-135,38
-139,13
-136,5
-124,-60
-123,-73
-130,-52
-139,3
-140,-4
-141,-6
-137,-12
-137,10
-134,46
-131,53
-94,93
-10,134
31,136
-8,140
-10,139
38,133
27,136
-31,126
-96,101
-107,93
-106,94
-120,64
-138,24
-136,32
-121,63
-132,13
-137,-31
-138,-23
-139,21
-132,48
-126,61
-135,29
-138,-5
-137,14
-127,57
-127,56
-115,78
-77,114
-20,134
13,135
14,131
76,109
79,115
68,121
17,130
-68,111
-72,115
12,129
81,113
98,100
78,106
-19,120
-58,122
-32,132
-69,118
-86,108
-103,91
-112,86
-115,81
-124,57
-134,3
-124,-54
-103,-88
-61,-119
-82,-107
-112,-80
-125,-62
-129,-54
-134,-29
-138,7
-128,-16
-91,-92
-66,-119
-26,-132
-12,-134
-55,-123
-86,-106
-120,-63
-135,-31
-133,-39
-135,-35
-135,-25
-138,9
-135,8
-126,-38
-123,-62
-135,-25
-138,2
-127,-35
-116,-72
-125,-56
-113,-71
-121,-56
-132,-32
-119,-64
-101,-93
-79,-112
-57,-123
-88,-98
-118,-70
-99,-91
-53,-120
26,-124
34,-130
-42,-120
-114,-64
-128,1
-81,94
-39,131
-36,131
14,135
38,133
35,131
73,111
102,86
87,98
74,98
-20,119
-51,123
3,132
82,90
131,10
133,-7
134,27
130,35
112,73
67,101
-49,102
-112,74
-116,72
-115,66
-129,17
-135,2
-136,-3
-130,-34
-117,-70
-78,-98
21,-117
98,-86
125,-54
127,-46
132,0
132,23
125,-28
110,-79
119,-64
123,-10
82,85
60,121
94,98
118,65
129,46
131,17
122,18
120,47
133,-8
120,-29
84,67
52,124
78,109
86,103
37,128
0,131
-78,85
-128,34
-125,47
-120,45
-121,-37
-123,-53
-132,-12
-123,-44
-119,-64
-119,-63
-99,-89
-65,-113
-47,-121
-97,-88
-72,-105
-24,-132
-15,-130
-81,-95
-118,-68
-113,-76
-89,-101
-71,-118
-64,-120
-22,-129
52,-117
95,-98
119,-66
129,-39
132,-36
116,-62
78,-109
57,-123
63,-120
78,-111
87,-104
50,-119
-1,-134
42,-120
53,-118
11,-131
67,-106
108,-80
98,-94
110,-75
130,-29
136,-8
135,-21
136,-20
136,-6
125,41
110,78
76,101
50,123
55,123
15,127
-66,111
-100,93
-102,92
-99,95
-109,81
-122,61
-119,65
-121,63
-78,104
-10,134
55,117
116,64
130,-3
110,-75
89,-104
69,-115
31,-131
57,-122
81,-109
50,-123
17,-133
-8,-131
-22,-131
5,-134
-46,-114
-109,-79
-112,-79
-114,-73
-131,-29
-133,-23
-91,-75
-11,-128
34,-128
90,-89
127,-12
124,53
102,90
110,72
126,-7
125,-43
94,-91
63,-119
21,-133
11,-137
8,-136
-6,-134
-64,-118
-96,-97
-87,-103
-112,-55
-133,16
-115,-30
-51,-112
-21,-134
-27,-134
-19,-135
-37,-131
-65,-118
-56,-121
-61,-120
-107,-67
-116,39
-90,94
-10,127
35,133
21,135
26,133
36,130
4,136
23,129
95,85
97,90
51,120
-19,128
-54,125
-68,119
-48,126
-73,106
-108,80
-73,109
-57,124
-68,117
-96,77
-113,-28
-124,-46
-136,-5
-132,-30
-133,-33
-136,-20
-133,-25
-130,-44
-123,-59
-115,-70
-103,-84
-119,-63
-122,-60
-125,-54
-126,-4
-105,79
-104,85
-114,76
-95,93
-55,120
-90,88
-125,10
-132,-20
-132,-5
-110,-66
-91,-103
-85,-107
-78,-113
-43,-121
35,-125
74,-113
109,-71
130,-11
129,-3
117,-61
126,-39
135,9
135,-4
125,-11
105,69
83,107
70,117
39,127
9,131
60,113
112,62
130,-19
119,-62
127,-40
134,1
135,-1
114,-68
65,-116
9,-134
6,-130
76,-101
111,-79
116,-71
108,-83
109,-78
126,-38
135,4
131,30
131,20
129,-35
121,-61
113,-72
57,-114
-20,-131
-24,-134
-37,-131
-14,-130
47,-123
35,-127
28,-127
65,-115
37,-127
67,-105
113,-70
100,-92
74,-113
24,-131
36,-124
89,-100
91,-103
98,-89
127,-38
131,-6
111,62
109,79
131,23
131,30
124,57
127,44
134,8
129,32
105,78
41,116
2,131
75,100
121,62
123,42
122,-45
113,-77
88,-95
10,-128
-10,-136
-11,-137
-1,-134
45,-124
38,-127
-10,-128
41,-116
77,-113
91,-92
121,-47
93,-90
76,-114
78,-112
88,-101
62,-116
46,-121
106,-65
132,-34
125,-15
104,69
108,84
128,41
130,33
114,71
107,86
90,100
41,124
13,135
-22,129
-59,122
-35,132
-56,118
-98,87
-119,1
-115,-67
-113,-66
-75,-106
-56,-125
-39,-131
-25,-133
-45,-126
-16,-133
-28,-131
-76,-113
-96,-99
-104,-86
-126,-50
-134,-29
-136,-11
-132,-13
-116,-60
-106,-85
-87,-102
-94,-94
-125,-53
-124,-56
-110,-81
-94,-99
-96,-95
-59,-113
-26,-132
-40,-132
-66,-115
-115,-62
-134,-16
-135,18
-127,50
-114,74
-98,95
-75,113
-90,99
-86,103
-35,126
-22,132
-6,135
39,130
85,104
117,71
131,32
135,-11
136,-16
137,-3
132,2
106,65
99,93
115,74
131,36
137,-1
135,5
136,10
133,-25
106,-77
56,-121
46,-129
47,-128
16,-131
-49,-125
-82,-109
-109,-62
-129,21
-104,80
-52,121
-49,123
-82,108
-48,123
13,135
60,117
116,58
127,32
117,66
85,95
11,126
0,130
56,122
50,126
76,109
114,74
114,72
69,106
40,127
76,110
51,115
-14,129
-56,123
-37,132
-18,136
7,136
12,135
-3,136
-5,136
-37,130
-60,124
-62,119
-81,108
-33,123
35,130
65,119
108,77
129,45
119,65
121,63
128,43
122,52
104,82
35,112
-22,130
2,136
-28,127
-71,115
-87,100
-118,60
-114,73
-101,93
-97,94
-100,80
-125,49
-117,68
-126,25
-134,-16
-137,6
-127,32
-65,102
-4,134
1,133
-56,114
-86,102
-47,124
-48,121
-76,111
-39,128
-40,121
-100,82
-111,76
-107,73
-124,-3
-127,-47
-128,-46
-120,-62
-113,-76
-104,-84
-100,-81
-46,-116
9,-133
32,-132
29,-133
36,-132
24,-134
26,-133
23,-134
19,-127
88,-64
127,-12
114,-67
89,-98
19,-128
-43,-125
-98,-90
-110,-75
-86,-102
-107,-78
-125,-44
-74,-85
8,-129
-2,-135
-12,-135
-9,-136
10,-134
24,-134
-15,-131
-37,-129
-18,-135
-7,-134
12,-135
1,-137
-14,-137
-19,-136
-31,-131
-22,-133
-49,-125
-93,-92
-125,-10
-129,37
-134,6
-136,-9
-134,-17
-133,-29
-136,4
-136,20
-132,33
-104,81
-91,101
-91,100
-89,103
-65,118
-31,131
6,136
32,132
76,109
109,81
96,94
83,108
65,118
64,119
76,110
42,127
18,135
25,134
36,130
32,128
-9,132
-10,134
-25,130
35,118
115,56
133,29
129,20
110,-62
103,-86
117,-69
123,-55
132,-30
127,-16
103,67
63,115
85,85
123,17
101,70
99,92
118,69
110,76
92,98
111,69
124,48
97,88
45,118
-29,120
-102,53
-135,-7
-128,11
-87,91
-71,115
-84,106
-61,119
-7,132
7,127
-60,104
-118,39
-133,-5
-116,-55
-83,-104
-94,-93
-125,-41
-130,-27
-115,-64
-90,-97
-57,-120
-25,-129
-77,-84
-123,-31
-94,-86
-99,-90
-122,-23
-118,60
-99,93
-99,91
-113,72
-127,39
-134,15
-128,-30
-114,-73
-94,-91
-35,-123
16,-133
30,-131
60,-108
115,-27
103,68
55,118
15,133
41,128
60,123
68,118
99,88
124,58
123,54
97,89
55,121
12,130
-34,127
14,125
91,95
119,64
120,59
108,79
124,39
136,-1
136,1
128,14
120,45
124,-23
108,-80
105,-79
121,-47
92,-90
21,-122
-81,-93
-129,-40
-134,-18
-130,-34
-124,-53
-120,-64
-120,-62
-99,-88
-51,-119
25,-118
98,-27
94,81
36,124
-6,134
0,135
24,134
11,132
-36,128
-58,122
-57,119
-96,91
-93,97
-95,94
-108,80
-120,52
-130,30
-118,63
-94,97
-62,118
-69,98
-118,26
-84,71
-16,130
15,133
40,130
39,130
72,106
115,71
97,84
30,123
-23,131
-44,123
-67,116
-69,116
-82,108
-95,95
-117,48
-129,-11
-117,-61
-110,-75
-95,-91
-93,-92
-49,-123
-44,-126
-91,-93
-114,-75
-103,-86
-104,-87
-115,-74
-126,-49
-127,-44
-118,-55
-103,-85
-118,-59
-117,-61
-123,-51
-112,-61
-95,-95
-112,-73
-76,-93
-45,-116
-91,-95
-111,-76
-129,-30
-127,-41
-112,-71
-105,-87
-117,-71
-125,-54
-129,-41
-123,-52
-112,-74
-110,-79
-100,-89
-61,-115
-17,-134
1,-137
4,-136
13,-132
30,-132
13,-135
-8,-135
-13,-135
-38,-130
-73,-112
-106,-81
-126,-15
-112,64
-71,111
-23,131
16,135
17,132
-30,125
-83,102
-85,104
-61,118
-43,125
-51,125
-55,124
-35,129
39,109
121,26
134,-21
119,-60
106,-83
71,-112
65,-105
117,-55
124,-52
126,-21
87,69
38,125
32,129
-19,130
-74,104
-122,49
-134,24
-134,15
-134,-6
-130,-34
-99,-72
-12,-121
48,-126
64,-121
46,-126
-18,-129
-68,-117
-84,-106
-78,-108
-77,-111
-45,-117
32,-126
39,-130
3,-131
-77,-94
-126,-42
-129,-21
-120,49
-93,89
-16,124
-4,131
-21,133
16,128
82,100
62,108
-22,123
-67,111
-112,56
-128,40
-131,15
-132,-17
-129,8
-130,29
-136,1
-136,-9
-133,-28
-120,-49
-74,-104
-53,-124
-45,-128
-47,-126
-20,-130
-32,-128
-75,-107
-113,-68
-121,-60
-129,-41
-108,-69
-101,-88
-122,-43
-132,4
-127,-31
-124,-51
-123,-40
-76,-98
-59,-121
-70,-116
-57,-120
-96,-86
-87,-95
-45,-126
-3,-130
56,-119
98,-78
126,1
131,26
126,-30
108,-79
119,-59
128,-39
133,-10
136,-14
134,-26
133,-14
133,15
125,26
75,93
54,121
59,120
14,129
-5,132
-7,132
49,120
97,92
103,88
122,54
135,4
134,-3
117,48
97,90
120,46
135,2
134,6
122,48
82,96
49,119
103,70
133,25
133,-11
124,-53
114,-68
127,-12
109,56
47,117
60,114
119,46
133,-11
98,-75
12,-126
-55,-121
-79,-108
-109,-78
-127,-37
-134,-5
-133,26
-133,28
-119,56
-90,100
-90,100
-107,79
-120,63
-110,79
-114,65
-131,28
-127,-23
-117,-61
-128,-37
-129,-42
-132,-31
-125,-44
-114,-72
-123,-52
-135,2
-126,44
-79,99
27,112
116,47
123,-34
65,-106
-20,-129
-72,-113
-102,-83
-86,-101
-98,-76
-126,11
-132,12
-132,19
-125,39
-124,-20
-126,-42
-126,16
-97,88
-85,105
-93,90
-123,25
-130,-28
-124,-48
-88,-89
-13,-124
25,-127
74,-109
64,-116
86,-95
105,-84
72,-102
-17,-123
-88,-97
-101,-90
-101,-81
-128,-11
-132,25
-133,24
-129,-10
-99,-77
-38,-122
42,-119
88,-99
82,-107
97,-86
128,-38
136,-15
136,-13
132,-6
125,44
113,73
106,80
111,66
132,17
135,1
134,11
132,-20
111,-73
66,-114
54,-119
105,-67
121,12
86,91
74,114
47,119
-36,120
-89,99
-115,65
-109,65
-23,112
86,87
101,87
100,90
119,50
122,-36
104,-81
43,-119
-14,-134
-20,-132
4,-132
58,-116
86,-104
67,-118
37,-128
60,-117
83,-106
114,-64
132,-20
131,17
99,75
64,109
107,28
73,-88
-20,-124
-17,-128
-65,-105
-98,-90
-103,-84
-88,-97
-72,-114
-34,-123
58,-78
82,53
-5,119
-89,76
-118,-25
-117,-67
-111,-74
-98,-88
-36,-115
57,-106
104,-11
29,89
-91,63
-113,-33
-43,-111
13,-133
4,-134
-45,-126
-65,-116
-3,-117
86,-40
61,84
-17,128
-57,117
-106,68
-130,6
-123,-50
-127,-47
-131,-36
-125,-43
-47,-82
86,-62
128,-28
120,-63
115,-72
99,-89
57,-120
21,-133
-11,-133
24,-121
96,-65
76,53
-39,106
-109,36
-109,-62
-108,-81
-119,-65
-130,-33
-131,-27
-121,-42
-38,-95
79,-90
99,-84
17,-123
-45,-128
-62,-119
-7,-121
81,-83
127,-6
127,38
85,77
-34,106
-98,92
-95,97
-88,103
-74,111
-24,130
13,135
47,126
97,80
95,64
-2,116
-12,128
66,106
120,57
129,43
133,9
116,-57
98,-94
104,-78
121,-4
89,86
47,125
19,130
-4,128
45,124
70,117
93,94
127,33
130,28
68,81
-62,92
-111,71
-107,71
-126,31
-118,48
-76,106
-84,101
-118,60
-128,19
-106,-61
-34,-118
40,-122
99,-75
128,1
127,33
86,88
65,118
56,121
18,132
-3,129
-78,94
-121,49
-126,-10
-119,-57
-125,-47
-120,-61
-127,-47
-128,0
-110,72
-112,37
-102,-66
-106,-83
-115,-72
-118,-64
-119,-61
-101,-89
-111,-76
-99,-84
-64,-117
-29,-128
19,-130
-24,-113
-113,-39
-107,-53
-74,-110
-71,-117
-70,-115
-33,-127
-28,-131
-39,-125
13,-128
22,-127
84,-89
112,-72
74,-107
41,-130
27,-133
36,-128
32,-128
-28,-128
-47,-111
-105,-59
-89,-91
-63,-120
-26,-131
-37,-128
-99,-73
-132,-4
-115,49
-101,85
-120,54
-131,14
-128,-33
-129,2
-122,57
-92,94
-74,111
-67,117
-38,130
-48,126
-40,130
-30,130
-51,123
-48,128
-22,133
20,133
-3,128
1,129
68,114
72,112
41,126
-8,125
-76,101
-76,109
-26,124
69,99
116,66
101,82
68,115
78,102
121,19
120,-55
108,-83
89,-103
83,-107
109,-66
125,15
117,66
120,13
111,-60
119,7
112,73
102,88
82,104
82,106
83,106
105,79
127,0
122,-45
129,-2
117,53
125,48
133,31
127,45
98,87
89,91
126,37
118,44
37,105
-65,101
-118,23
-121,-52
-126,-49
-134,-20
-133,-14
-123,-50
-122,-57
-125,-49
-95,-89
-44,-122
7,-131
-34,-117
-105,-80
-126,-41
-132,-22
-118,-59
-114,-69
-133,-14
-132,25
-104,76
-67,115
-69,109
-92,93
-93,89
-66,96
37,120
76,112
67,116
87,90
125,-2
92,-82
55,-119
77,-109
45,-125
55,-114
92,-95
98,-92
84,-106
85,-103
76,-110
63,-117
103,-79
117,-66
114,-70
121,0
118,58
129,9
124,-47
130,-30
133,-26
125,-30
116,44
104,82
126,43
127,33
117,64
127,38
116,56
118,35
102,-69
91,-100
113,-69
125,-52
117,-69
117,-60
129,-42
115,-69
74,-111
53,-114
102,-16
115,63
130,25
136,2
131,-33
126,-53
117,-69
85,-100
24,-130
36,-116
97,-79
66,-112
59,-121
40,-123
-46,-122
-61,-118
-10,-133
-17,-132
-75,-108
-81,-104
-43,-121
-90,-74
-132,-20
-133,1
-134,-13
-127,23
-69,105
-24,134
-22,134
-3,134
11,130
37,127
30,129
76,109
95,95
115,70
107,75
90,96
121,42
132,24
124,52
120,62
127,28
135,-14
135,-19
135,-8
134,-14
122,-52
101,-89
95,-95
94,-91
80,-101
118,-46
135,7
132,35
127,42
120,-29
99,-90
113,-70
128,-41
114,-66
104,-79
125,-49
117,-66
86,-103
63,-120
84,-96
125,-43
131,-38
120,-65
75,-104
4,-132
-14,-134
-26,-132
-45,-126
-82,-105
-72,-113
-86,-100
-120,-60
-130,-36
-135,-13
-133,11
-103,76
-67,116
-96,79
-126,39
-102,80
-88,101
-73,113
-81,108
-94,99
-85,106
-72,116
-47,127
0,133
35,130
21,132
35,130
71,118
89,103
114,60
131,26
124,52
102,87
67,115
40,130
34,132
58,119
110,72
119,-17
105,-64
127,-23
99,-73
46,-124
-12,-132
-66,-115
-104,-86
-97,-92
-85,-105
-50,-117
25,-126
28,-129
-2,-133
-25,-129
-47,-127
-27,-131
7,-133
26,-130
-19,-120
-90,-97
-57,-112
6,-130
40,-116
104,-25
117,58
112,74
94,95
118,54
123,47
108,80
78,109
76,111
95,95
81,108
65,117
85,94
123,56
113,70
66,110
19,133
34,129
82,102
84,101
47,124
-1,130
-63,113
-81,108
-81,108
-101,83
-125,23
-115,-54
-95,-96
-88,-104
-94,-96
-121,-45
-129,-31
-125,-48
-123,-48
-133,-14
-125,37
-93,94
-84,104
-98,94
-94,98
-65,114
-31,128
-70,110
-110,66
-121,48
-70,106
-55,123
-40,129
8,133
74,105
85,101
92,97
116,62
130,18
126,43
130,12
116,-60
58,-115
17,-134
17,-134
19,-134
49,-119
105,-73
127,-45
117,-62
54,-110
-14,-133
-43,-128
-74,-111
-108,-77
-122,-60
-125,-31
-118,54
-107,85
-59,108
25,126
9,131
-36,127
-75,105
-98,86
-11,110
101,67
124,-19
62,-103
27,-123
80,-105
37,-117
-78,-88
-130,-28
-126,31
-125,48
-129,35
-115,65
-113,72
-121,17
-119,-53
-62,-96
38,-119
45,-126
38,-124
100,-67
115,-50
76,-100
107,-70
129,-26
130,-11
116,-39
100,54
100,86
112,68
94,92
88,100
86,102
110,76
99,85
86,102
104,79
70,106
30,129
2,135
-1,134
-9,134
-24,130
-58,119
-38,127
-57,120
-91,92
-123,47
-119,60
-109,78
-86,104
-93,98
-86,103
-75,108
-115,53
-133,25
-127,39
-131,6
-122,40
-83,103
-68,117
-64,119
-38,130
-22,134
-21,133
10,135
20,132
5,132
58,119
92,98
102,85
125,51
135,17
136,4
135,0
120,-52
87,-101
87,-102
88,-103
45,-126
5,-135
3,-135
-7,-133
-51,-122
-94,-97
-101,-91
-93,-96
-65,-118
-41,-126
16,-127
73,-107
97,-93
77,-110
44,-129
58,-120
68,-116
36,-129
4,-134
10,-133
-21,-131
-62,-117
-106,-80
-128,-25
-121,49
-95,94
-32,126
40,126
90,93
128,25
127,-24
84,-96
56,-125
46,-128
6,-133
-62,-118
-75,-112
-28,-127
1,-135
-1,-131
71,-88
129,-30
132,4
118,60
94,89
34,121
36,126
91,98
118,65
132,11
123,-49
117,-55
40,-100
-88,-66
-131,9
-132,3
-109,58
-24,120
64,110
117,19
117,-59
116,-8
76,94
18,127
-45,123
-34,128
-8,134
24,133
15,131
-37,125
-16,130
27,129
-33,115
-99,86
-127,36
-135,15
-132,-15
-132,-9
-128,21
-120,-38
-124,-53
-129,-5
-127,-5
-106,-71
-95,-92
-124,-47
-129,-3
-80,84
-7,129
-27,125
-31,128
36,122
-1,115
-90,84
-127,37
-128,43
-113,-16
-52,-109
14,-128
85,-94
110,-80
83,-101
94,-65
111,41
103,85
123,54
131,21
91,72
25,128
0,136
-10,136
-9,132
-68,86
-127,7
-131,-25
-128,26
-123,47
-122,-26
-127,-42
-133,-25
-132,-12
-123,49
-119,38
-119,-44
-121,-51
-132,7
-131,5
-95,-69
-48,-121
-79,-100
-84,-99
-66,-116
-29,-114
68,-103
53,-116
-29,-125
-62,-110
25,-115
84,-105
89,-101
65,-113
99,-75
109,12
44,110
16,135
8,134
-16,133
-45,119
-93,97
-82,107
-75,111
-105,81
-122,37
-117,-44
-103,-89
-91,-96
-58,-118
-39,-128
-49,-126
-80,-107
-82,-107
-102,-87
-117,-59
-97,-89
-112,-73
-127,-51
-121,-60
-117,-63
-118,-57
-109,-71
-104,-84
-126,-21
-126,12
-98,-70
-68,-115
-56,-123
-21,-128
48,-120
94,-95
119,-59
119,-56
126,-16
132,-15
120,-47
63,-110
10,-135
-38,-125
-93,-96
-105,-82
-62,-112
-19,-129
60,-104
118,-53
130,8
118,-30
60,-113
-8,-133
-70,-105
-122,-55
-129,-41
-126,-49
-130,-30
-134,11
-125,39
-104,72
-123,6
-125,-48
-96,-83
-92,-85
-127,-4
-123,52
-127,46
-122,56
-118,59
-97,79
-122,11
-128,9
-116,28
-82,-74
-64,-115
-77,-108
-111,-74
-121,-55
-131,-5
-128,34
-128,31
-127,4
-132,-19
-124,-24
-72,-99
-10,-131
-8,-131
-51,-124
-15,-127
53,-118
101,-83
102,-86
111,-76
122,-57
131,-13
125,40
115,70
117,69
130,14
127,-41
132,-24
136,-16
121,-51
95,-92
111,-78
118,-69
108,-82
63,-114
-22,-127
-62,-121
-69,-117
-102,-86
-127,-48
-124,-53
-122,1
-90,93
-79,111
-104,70
-129,15
-123,47
-82,102
-9,128
53,124
56,120
-22,99
-116,12
-131,-36
-117,-60
-83,-102
-65,-118
-18,-128
17,-133
27,-133
11,-134
45,-117
102,-86
80,-103
1,-127
-61,-119
-74,-111
-36,-127
-38,-129
-52,-125
-57,-118
25,-113
96,-93
99,-87
114,-12
114,66
124,36
129,-32
103,-83
81,-106
108,-74
120,-6
112,68
125,37
135,1
135,-15
133,3
131,35
127,47
119,65
125,50
115,60
102,86
97,88
73,112
103,79
117,59
116,64
130,42
128,49
110,74
50,112
-25,128
-50,124
-70,115
-79,108
-105,78
-126,35
-83,81
0,131
22,134
-8,128
-40,123
16,130
24,133
-6,132
-39,127
-17,129
-68,69
-125,-22
-131,-8
-125,16
-106,-60
-80,-102
-116,-56
-134,0
-131,36
-122,54
-123,5
-131,-28
-135,-14
-134,-22
-131,-7
-112,-52
-59,-113
-37,-130
-59,-115
-113,-47
-113,-53
-91,-97
-114,-69
-133,-29
-136,-5
-134,1
-128,-37
-131,-31
-132,22
-129,29
-118,-34
-114,-70
-132,-30
-134,-16
-134,-10
-118,-47
-84,-98
-110,-59
-131,-23
-111,-64
-37,-114
49,-119
87,-103
82,-107
24,-130
-10,-135
-3,-135
17,-129
75,-110
95,-99
107,-80
102,-86
87,-105
75,-112
91,-97
114,-70
81,-91
3,-131
-35,-132
-65,-118
-74,-111
-88,-95
-127,-34
-135,-6
-134,9
-127,45
-129,17
-131,-26
-123,8
-56,101
18,133
23,132
-2,133
53,109
119,22
107,-73
83,-107
96,-89
114,-3
82,94
15,125
-62,111
-101,89
-115,39
-115,-51
-121,-59
-122,-58
-121,-46
-122,25
-126,-2
-129,17
-117,64
-89,100
-90,95
-126,34
-134,-10
-131,-34
-127,19
-120,42
-126,-10
-127,32
-125,52
-129,41
-122,45
-127,9
-115,57
-96,93
-99,90
-77,112
-76,113
-79,110
-48,126
-32,129
-75,75
-85,-53
-8,-124
-13,-126
-96,-62
-132,22
-134,35
-124,54
-119,65
-120,63
-117,69
-113,72
-115,68
-118,53
-126,-12
-129,-33
-137,3
-132,35
-127,50
-122,59
-120,62
-121,56
-130,16
-134,3
-121,-42
-80,-99
-84,-99
-91,-99
-73,-113
-30,-129
-15,-134
-56,-121
-51,-120
-3,-134
-26,-132
-54,-123
-74,-114
-91,-102
-105,-88
-124,-47
-135,-3
-136,-7
-136,-8
-133,15
-125,-28
-111,-77
-104,-88
-121,-43
-135,13
-130,-15
-123,-56
-130,-23
-116,51
-89,103
-78,110
-40,127
13,134
32,131
62,118
73,114
50,127
14,127
-68,98
-99,91
-98,92
-111,75
-119,66
-122,55
-129,25
-94,75
5,124
77,107
97,94
112,69
132,25
133,8
116,-59
99,-94
63,-115
43,-125
79,-109
93,-97
103,-87
68,-115
37,-128
-28,-122
-107,-70
-134,-19
-116,-48
-74,-108
-49,-125
-77,-111
-80,-109
-47,-124
-18,-134
-1,-136
-31,-129
-80,-110
-100,-92
-107,-85
-115,-70
-101,-86
-91,-100
-65,-115
-51,-125
-94,-91
-123,-48
-92,-84
-43,-123
-13,-131
53,-113
64,-109
-22,-125
-97,-91
-122,-47
-114,45
-87,103
-60,119
-46,129
-35,131
-20,133
-61,111
-97,91
-87,97
-53,118
-86,97
-72,110
-81,98
-107,81
-109,70
-130,10
-131,4
-110,-51
-25,-112
72,-99
123,-31
137,4
137,-7
133,-25
117,-66
87,-103
75,-109
105,-79
113,-67
128,-14
131,26
130,34
125,54
127,55
131,41
133,27
128,40
129,43
114,57
45,111
-39,119
-21,125
51,124
70,116
104,55
121,-46
95,-90
-4,-112
-106,-66
-126,-49
-131,-35
-122,-52
-112,-72
-123,-29
-101,-48
-70,-111
-80,-108
-29,-113
82,-81
129,-12
129,37
107,72
66,114
8,121
-85,79
-120,-17
-86,-90
16,-103
115,-37
133,18
134,16
129,-26
113,-68
123,-25
110,53
66,113
53,123
-14,120
-97,81
-126,49
-131,31
-132,-4
-123,-52
-88,-92
-11,-123
36,-130
71,-110
112,-42
126,1
93,-82
28,-129
-46,-122
-94,-95
-95,-93
-81,-105
-98,-89
-125,-29
-126,0
-78,-74
49,-92
113,-71
116,-64
128,-1
108,71
75,111
32,127
-47,104
-109,0
-97,-87
-42,-121
33,-125
69,-115
83,-101
122,-53
133,-31
133,-8
133,-6
111,35
24,110
-59,115
-60,116
-12,131
-43,124
-72,113
-106,76
-125,7
-96,-78
-63,-117
-78,-102
-39,-111
26,-130
59,-121
64,-118
-23,-109
-116,-19
-131,26
-135,3
-135,11
-131,-10
-111,-65
-122,-48
-121,-50
-73,-98
25,-119
97,-86
124,-56
124,-55
129,-7
128,34
79,83
-35,106
-94,87
-20,113
-12,120
-92,81
-94,77
-2,123
51,125
52,122
-4,130
-40,128
-68,116
-89,87
-93,-32
-35,-117
58,-90
112,19
111,68
123,-8
125,-24
133,24
123,45
93,92
79,106
26,127
-35,118
-104,64
-109,62
-117,3
-127,-30
-128,32
-112,75
-121,52
-123,-8
-73,-93
9,-117
102,-50
117,31
45,109
4,135
-22,134
-24,133
-20,134
-23,125
-91,82
-116,21
-78,-83
-9,-127
60,-113
87,-105
73,-116
51,-126
47,-118
97,-32
76,89
33,129
-12,133
-38,129
-85,93
-121,31
-127,-32
-132,-21
-128,-43
-117,-62
-74,-105
-48,-124
-25,-130
-55,-120
-20,-124
-9,-130
-62,-119
-63,-121
-76,-112
-31,-116
67,-106
96,-90
122,-24
113,56
96,91
122,50
125,47
126,41
123,-27
89,-94
88,-96
39,-121
54,-119
84,-107
95,-97
112,-74
80,-99
29,-123
87,-71
108,34
24,108
-84,84
-126,44
-113,71
-87,102
-51,123
-64,117
-77,111
-57,117
-93,88
-119,21
-89,-79
-88,-97
-120,-56
-131,7
-120,60
-121,60
-128,46
-126,35
-115,-45
-76,-107
-27,-128
56,-97
122,-14
118,58
99,93
95,99
110,79
119,63
125,44
135,12
127,-11
96,-85
97,-89
125,-49
127,-46
118,-66
117,-70
115,-74
120,-57
128,7
119,61
103,89
104,87
76,109
87,96
113,75
112,76
126,19
131,-33
130,-38
125,-54
120,-64
96,-96
96,-94
120,-47
129,22
122,59
105,81
76,109
32,129
-12,133
-40,129
-67,114
-107,81
-110,75
-61,112
-34,125
-96,74
-123,55
-82,95
13,125
64,122
84,100
116,6
121,-57
110,-77
92,-100
99,-92
107,-70
113,15
58,107
50,117
109,41
112,52
115,68
133,14
123,-47
105,-84
105,-81
90,-94
115,-64
123,-40
116,34
48,110
43,120
107,38
120,-53
107,-83
99,-92
116,-31
108,65
97,92
82,104
49,122
20,134
-29,117
-109,63
-121,59
-97,95
-107,69
-132,18
-130,-4
-103,-73
-55,-117
25,-120
100,-74
125,-43
112,-74
100,-90
113,-35
116,54
122,60
116,71
112,77
122,28
127,-13
127,35
131,15
126,-20
95,-85
85,-104
80,-106
113,-57
132,-13
125,-43
127,-11
122,49
90,96
61,121
23,130
-40,123
-52,124
-22,135
-8,138
-14,136
-61,107
-118,62
-120,65
-109,78
-124,25
-131,-30
-132,-24
-134,-18
-133,12
-119,62
-122,52
-117,62
-93,98
-54,123
-32,132
-10,136
16,134
76,101
127,39
131,-11
112,-69
118,-59
105,-79
84,-106
44,-119
-38,-125
-75,-108
-41,-112
-28,-122
-74,-109
-21,-125
51,-118
84,-105
55,-123
68,-115
75,-106
37,-126
81,-89
124,-5
132,5
135,-6
138,0
131,15
101,77
48,118
-17,129
-25,128
-86,80
-123,11
-88,-81
-60,-120
-88,-100
-51,-118
-30,-127
-73,-111
-77,-109
-100,-91
-75,-102
-13,-132
3,-136
-34,-128
-72,-110
-119,-46
-135,-11
-132,4
-130,-13
-117,44
-94,92
-98,92
-89,102
-75,108
-112,45
-133,-17
-135,0
-131,35
-124,53
-121,49
-131,-5
-125,-46
-131,-20
-133,24
-125,-3
-120,-46
-120,32
-106,82
-120,47
-130,-14
-131,-36
-135,-13
-136,-8
-136,-8
-126,-38
-110,-78
-104,-89
-119,-64
-131,-17
-130,26
-127,-18
-100,-82
-55,-119
-17,-131
-59,-118
-62,-117
-4,-129
42,-128
59,-116
102,-80
55,-101
-63,-104
-116,-20
-117,51
-125,-12
-132,-26
-134,19
-135,13
-133,-1
-122,-47
-93,-93
-64,-121
-62,-121
-42,-123
14,-131
20,-136
8,-138
-14,-136
-28,-130
3,-132
56,-112
113,-66
128,-41
121,-59
122,-59
118,-69
103,-85
37,-122
-12,-134
-21,-131
27,-123
48,-124
17,-134
26,-134
46,-127
37,-130
-14,-132
-29,-132
-32,-132
-40,-128
16,-118
82,-107
93,-100
95,-99
82,-109
56,-123
53,-126
63,-123
40,-127
-20,-131
-32,-129
11,-134
16,-135
-33,-129
-87,-98
-123,-51
-122,-60
-127,-50
-129,-44
-123,-58
-112,-74
-111,-55
-118,41
-97,94
-52,123
13,127
93,90
117,69
92,96
57,122
28,133
16,135
-25,128
-53,122
-7,134
14,134
-24,129
19,119
106,45
90,-76
47,-125
91,-85
128,-36
111,-69
60,-116
2,-130
42,-118
87,-100
107,-31
75,86
30,131
19,134
23,132
5,132
-4,132
-68,94
-126,41
-132,11
-112,-40
-13,-108
20,-131
-14,-131
42,-117
99,-90
113,-77
122,-47
119,33
117,70
110,73
65,112
40,130
60,122
75,115
76,114
103,77
133,21
136,19
128,35
74,90
-24,117
-102,75
-125,54
-96,91
-53,123
-26,133
16,132
64,119
84,106
46,116
-16,130
16,132
48,127
68,115
110,72
132,29
134,14
134,-7
133,-24
129,8
113,64
122,55
132,2
124,-53
108,-82
89,-102
99,-89
102,-90
80,-108
32,-126
40,-126
57,-119
104,-75
127,-43
130,-27
134,13
135,6
131,-26
112,-67
115,-8
83,90
91,86
115,60
122,49
134,5
135,0
129,-35
124,-40
130,12
128,42
130,45
127,51
114,74
106,86
84,104
81,110
70,116
22,121
-81,74
-132,0
-130,13
-112,72
-114,75
-112,78
-111,77
-92,96
-62,121
-63,121
-33,129
21,133
70,114
88,104
82,109
96,93
98,89
67,116
94,80
131,27
135,8
134,0
129,40
115,71
121,59
106,75
92,96
121,46
99,64
73,107
115,42
131,-26
135,-12
136,-3
134,10
130,32
129,17
117,-56
111,-36
124,36
134,1
136,-11
134,-27
129,-42
123,11
67,97
20,129
68,110
49,111
-22,129
-16,134
7,135
17,133
40,128
25,131
18,135
28,135
50,127
26,126
-6,127
81,82
110,66
72,110
80,109
104,88
120,67
130,39
133,-16
126,3
107,64
31,115
1,134
35,127
69,114
92,96
118,67
104,83
91,100
89,101
57,114
-17,127
-36,131
-14,134
9,134
-6,136
10,136
14,134
-18,133
-53,124
-82,100
-120,24
-133,-2
-116,59
-76,109
-60,120
-84,106
-46,121
33,128
69,118
80,106
38,125
41,129
49,125
84,105
113,23
63,-94
-36,-125
-65,-120
-79,-110
-112,-70
-124,-51
-128,-37
-108,-70
-68,-114
2,-126
71,-112
63,-118
33,-132
-13,-132
-39,-129
-11,-134
3,-135
-16,-133
-69,-107
-31,-111
65,-111
54,-111
-53,-111
-59,-114
-8,-134
22,-132
60,-116
106,-70
130,-6
88,67
-2,124
-45,118
-104,68
-110,76
-61,120
-18,136
30,128
99,74
114,56
42,106
-67,99
-113,25
-95,-75
-110,-70
-112,-70
-123,-54
-132,-28
-110,-61
-93,-97
-89,-94
-37,-125
-34,-130
2,-134
7,-136
32,-126
80,-108
93,-95
118,-21
129,39
89,79
-2,124
-65,106
-120,23
-131,-27
-122,-58
-126,-54
-134,-23
-123,-46
-122,-59
-106,-62
-42,-118
-40,-125
-5,-131
-13,-134
2,-135
-14,-135
-30,-131
3,-131
17,-131
72,-98
123,-10
128,44
120,64
125,53
133,19
131,-33
127,-52
130,-15
126,41
112,73
95,96
93,101
91,103
100,90
94,81
40,121
63,116
84,106
106,74
120,44
95,87
117,64
129,40
127,-25
103,-86
64,-117
35,-131
20,-134
7,-135
9,-134
-32,-128
-48,-127
-56,-125
-49,-127
-18,-132
31,-126
77,-108
81,-103
49,-124
78,-109
90,-94
122,-37
134,-27
128,-38
94,-88
77,-111
64,-118
29,-133
17,-136
-20,-130
-93,-85
-129,-44
-129,-28
-125,26
-131,25
-126,45
-87,98
-25,130
-7,135
-9,134
45,125
80,107
114,67
111,75
118,65
133,28
132,36
134,15
128,-37
76,-101
-24,-121
-98,-90
-117,-65
-119,-58
-130,-28
-133,5
-94,78
-33,130
6,134
25,130
74,111
65,115
-5,126
-56,121
-43,127
-59,117
-101,84
-98,93
-106,74
-127,40
-113,73
-102,92
-111,74
-125,48
-105,81
-74,113
-77,111
-78,107
-33,130
6,133
75,101
126,43
126,50
121,60
132,24
132,10
128,-38
127,-53
126,-54
122,-63
119,-38
121,34
118,-19
76,-101
102,-61
124,25
117,68
104,85
111,61
132,4
106,50
54,119
26,129
-32,127
-66,118
-81,109
-36,118
37,124
-20,115
-73,109
-26,129
-36,130
-63,119
-106,61
-125,-25
-102,-80
-26,-115
49,-122
80,-82
122,19
110,68
68,110
87,102
113,76
124,47
130,-20
120,5
82,94
25,128
-3,136
7,135
29,130
-24,119
-82,104
-83,97
-121,33
-124,-36
-122,-58
-118,-64
-115,-61
-132,1
-133,-5
-115,-59
-123,-39
-124,17
-120,-34
-120,-53
-113,-69
-120,-59
-125,-46
-129,-38
-134,-7
-132,-19
-117,-62
-57,-109
2,-133
12,-135
37,-128
64,-117
101,-75
125,6
118,63
112,80
109,82
90,99
46,122
24,134
40,131
14,132
-43,122
-72,115
-50,127
-29,132
30,122
77,110
68,118
76,113
79,111
87,106
98,96
115,60
132,-10
120,-54
119,-9
126,47
132,33
134,-6
133,-24
128,-39
83,-95
38,-124
80,-105
92,-100
105,-79
123,-52
131,-35
132,-24
124,-45
104,-88
106,-58
105,50
105,75
128,27
91,76
39,128
70,112
118,66
134,30
136,-6
133,-21
120,39
84,100
100,85
124,57
124,56
104,81
55,120
41,127
55,121
49,125
27,133
6,137
4,135
25,134
66,115
93,98
95,87
124,29
113,61
61,112
42,126
45,124
-12,129
-21,133
-9,134
-46,124
-94,91
-119,61
-129,37
-130,32
-133,5
-113,54
-98,88
-120,60
-124,54
-114,74
-98,93
-67,118
-54,125
-85,101
-120,49
-129,14
-94,82
-51,126
-8,128
54,122
65,116
109,70
124,-7
64,-100
0,-129
53,-114
54,-114
-52,-99
-103,-69
-100,-75
-130,-17
-134,-14
-105,-58
-48,-119
-64,-113
-97,-94
-91,-98
-41,-116
36,-121
100,-83
120,-53
117,28
68,107
10,133
-27,132
-37,130
-56,121
-98,80
-129,23
-134,-8
-131,-30
-117,-58
-69,-106
-57,-123
-46,-126
-40,-128
-90,-96
-93,-89
-46,-125
-33,-130
-70,-115
-68,-118
-47,-123
18,-128
39,-130
17,-133
28,-129
82,-95
111,-74
72,-110
30,-128
-57,-105
-118,-59
-129,-26
-120,51
-118,62
-131,33
-134,-3
-124,-49
-69,-99
24,-123
89,-92
126,-24
133,19
124,54
128,47
133,32
133,29
135,7
134,-26
132,-19
120,45
111,72
126,37
112,69
116,75
127,52
133,33
120,53
97,92
72,105
-15,120
-83,100
-118,31
-124,-45
-123,-38
-124,37
-116,59
-73,108
-48,128
-45,126
-92,84
-125,42
-126,-19
-102,-83
-39,-115
50,-119
76,-109
112,-60
122,-60
119,-52
123,27
105,83
92,100
103,89
58,100
-48,109
-61,119
-46,120
7,131
-16,128
-89,91
-117,69
-110,78
-79,109
-78,95
-124,29
-130,20
-117,-38
-114,-47
-123,18
-110,-48
-108,-81
-120,-60
-130,-20
-125,42
-118,53
-58,106
-50,118
-108,50
-128,-27
-120,-57
-127,-44
-132,-20
-126,-46
-114,-62
-43,-109
49,-120
98,-91
116,-15
71,92
4,130
-49,124
-69,116
-84,106
-96,93
-118,44
-127,-25
-131,-10
-129,-1
-132,-23
-133,-10
-124,44
-119,67
-113,77
-110,70
-127,5
-110,-67
-108,-77
-130,-18
-136,12
-133,27
-134,11
-122,38
-86,102
-60,122
-30,133
-23,133
-47,119
-105,72
-116,67
-99,94
-113,70
-123,58
-121,63
-123,60
-125,49
-132,-1
-136,-14
-134,-27
-131,-38
-127,-51
-125,-57
-131,-21
-131,26
-105,78
-67,117
-71,116
-60,122
-74,111
-98,95
-94,99
-104,86
-106,86
-98,94
-79,107
-85,103
-84,108
-54,121
34,113
115,42
114,-58
58,-117
-1,-134
-27,-132
-28,-133
-64,-103
-122,-5
-122,55
-125,49
-128,14
-115,-60
-78,-103
-28,-131
-27,-133
-83,-98
-114,-64
-64,-108
-4,-132
28,-130
81,-70
122,31
103,82
69,116
60,122
45,127
33,124
-26,126
-12,129
59,116
89,90
13,117
-65,104
-116,62
-104,85
-93,100
-111,64
-125,-17
-95,-79
-22,-126
32,-128
64,-119
82,-107
72,-111
-11,-123
-102,-69
-120,-42
-93,-91
-105,-83
-108,-80
-116,-68
-109,-78
-104,-86
-89,-101
-47,-119
21,-126
65,-117
100,-84
126,-26
116,49
70,107
29,131
48,127
83,96
22,105
-87,86
-124,52
-108,74
-83,108
-76,111
-33,127
-6,127
66,108
34,120
-2,131
25,130
33,131
-9,120
-89,96
-110,75
-123,2
-117,-62
-78,-106
-32,-130
-23,-134
10,-130
46,-128
43,-128
-15,-120
-104,-79
-123,-60
-103,-74
-15,-117
56,-118
48,-123
-10,-134
-57,-123
-54,-120
36,-102
120,-29
126,41
116,71
115,73
128,37
133,-20
134,-21
136,10
136,5
126,12
84,90
76,108
111,75
115,74
117,69
118,13
80,-95
35,-132
27,-133
62,-104
121,-20
114,55
62,113
69,111
103,84
39,107
-73,92
-68,107
1,130
20,125
-40,123
-45,124
-90,91
-125,39
-130,-21
-100,-74
8,-102
108,-60
116,-26
52,72
-71,69
-98,-50
-44,-122
-29,-133
-18,-133
36,-107
114,-55
130,-20
131,29
124,46
99,86
75,112
82,100
125,30
133,8
115,48
54,113
20,133
1,136
22,133
13,134
-34,121
-103,42
-100,-64
-54,-121
-1,-123
69,-110
80,-104
106,-80
83,-100
75,-112
63,-122
42,-130
32,-133
-3,-134
8,-126
84,-97
80,-99
-12,-127
-52,-127
-36,-132
-29,-134
-46,-126
-84,-104
-90,-100
-77,-102
-26,-126
-6,-132
28,-129
26,-134
38,-132
7,-134
-44,-127
-28,-131
-26,-133
-68,-114
-64,-119
-23,-124
71,-99
87,-101
43,-127
67,-112
98,-91
70,-112
-17,-121
-84,-103
-93,-96
-105,-82
-80,-103
-104,-42
-85,83
-58,121
-92,90
-125,47
-117,-20
-89,-96
-49,-123
0,-130
61,-115
106,-67
126,13
99,80
66,115
78,105
5,114
-79,105
-108,74
-122,57
-110,73
-105,3
-92,-90
-104,-88
-93,-98
-95,-87
-123,-47
-127,-40
-135,-11
-136,-3
-136,-6
-130,-12
-84,-78
-4,-128
-20,-131
-55,-124
-28,-130
-37,-129
-46,-129
-21,-134
8,-132
74,-96
125,-31
101,-64
37,-127
27,-132
60,-118
51,-121
58,-118
47,-124
-27,-127
-61,-114
-2,-129
21,-134
34,-133
33,-134
33,-132
-7,-132
-80,-101
-120,-63
-129,-44
-104,-66
-61,-113
-86,-102
-105,-79
-131,-21
-128,39
-109,78
-79,110
-81,109
-104,86
-118,65
-126,5
-114,-64
-81,-105
-90,-100
-115,-65
-132,-3
-132,29
-88,81
22,115
66,112
-7,124
-76,107
-99,93
-111,80
-124,47
-135,17
-115,56
-100,88
-106,82
-122,60
-130,35
-135,7
-133,26
-114,69
-64,116
4,130
34,126
-17,131
-38,129
-47,127
-24,133
19,132
66,115
24,124
11,130
59,120
24,129
-10,133
43,123
46,125
-20,121
-96,81
-119,52
-100,84
-104,81
-122,25
-116,-56
-80,-108
-61,-123
-60,-122
-87,-99
-104,-75
-27,-112
36,-130
34,-130
70,-110
105,-86
104,-89
72,-113
12,-133
-16,-135
-6,-133
-59,-119
-89,-105
-99,-94
-98,-93
-110,-78
-113,-74
-123,-57
-133,-19
-117,52
-84,106
-79,111
-92,99
-113,70
-113,68
-108,78
-106,73
-52,115
-56,122
-44,129
-29,132
19,126
86,99
122,48
101,70
50,122
16,133
-24,132
9,131
50,126
71,113
16,123
-31,132
-8,135
31,131
78,98
123,51
107,79
99,85
129,23
134,-19
131,-35
136,-23
135,-24
134,-26
131,-36
120,-65
120,-65
124,-56
129,-40
133,-20
135,10
130,-25
92,-94
60,-124
37,-133
1,-137
-24,-133
2,-132
21,-133
-24,-131
-29,-128
26,-128
73,-110
55,-123
17,-136
7,-137
11,-136
-31,-129
-84,-102
-120,-60
-129,-44
-119,-55
-56,-105
-25,-132
-55,-124
-65,-120
-94,-92
-126,-45
-135,-10
-133,-16
-133,-3
-131,-7
-125,-53
-127,-28
-121,52
-101,91
-112,67
-129,39
-105,82
-59,120
-46,127
-45,128
-65,119
-89,96
-124,42
-133,-2
-133,5
-124,48
-125,47
-131,30
-132,-7
-121,-57
-122,-53
-116,-48
-89,-97
-107,-82
-126,-28
-134,-3
-134,-21
-131,-7
-125,49
-99,84
-80,102
-111,77
-114,76
-108,79
-116,25
-123,-51
-118,-70
-124,-56
-131,-31
-116,-60
-89,-101
-70,-116
-67,-115
-114,-61
-133,-26
-135,-4
-130,38
-112,75
-115,69
-118,31
-111,-59
-106,-82
-129,-41
-127,-42
-98,-86
-75,-113
-97,-90
-115,-70
-81,-103
-42,-129
-60,-120
-91,-99
-60,-117
-21,-134
-28,-133
-60,-119
-22,-117
60,-115
69,-116
28,-132
3,-137
-21,-134
-77,-100
-127,-19
-133,23
-126,41
-110,74
-85,98
-15,130
47,123
103,81
128,20
121,-49
126,-8
132,10
122,21
69,100
-1,129
-53,121
-75,113
-63,121
-73,111
-111,61
-125,-19
-111,-69
-123,-45
-134,9
-126,54
-127,50
-132,14
-134,-1
-131,27
-130,-13
-104,-74
-58,-116
-50,-124
-80,-110
-110,-61
-130,21
-123,56
-99,89
-113,45
-105,-50
-33,-120
-12,-135
-6,-134
-50,-109
-104,-66
-61,-107
-93,-88
-125,-56
-118,-68
-113,-71
-86,-96
-80,-111
-95,-95
-53,-101
55,-103
117,-56
122,-58
128,-39
134,3
122,49
79,102
79,102
126,37
120,43
68,106
34,130
73,113
119,64
133,10
133,-18
128,30
91,88
50,125
13,123
-78,87
-118,47
-90,93
-72,114
-67,112
-107,75
-130,16
-119,-47
-106,-79
-101,-81
-93,-97
-102,-87
-87,-96
-117,-61
-118,-65
-119,-57
-134,-1
-133,28
-132,21
-132,-20
-117,-61
-74,-105
-14,-130
36,-129
64,-117
103,-69
125,17
125,48
109,71
87,105
63,120
72,114
86,104
61,120
46,126
-7,130
-54,118
-94,92
-62,114
1,136
41,128
77,113
65,120
87,97
129,41
128,40
117,68
128,26
126,-47
97,-91
14,-122
-58,-122
-93,-98
-66,-109
-30,-130
-61,-120
-81,-108
-112,-73
-131,-27
-134,-12
-118,-57
-106,-83
-78,-109
-60,-122
-47,-121
-5,-133
-33,-128
-83,-107
-79,-112
-76,-110
-23,-126
15,-136
13,-137
34,-130
49,-125
-4,-122
-101,-66
-129,-2
-112,70
-92,99
-93,98
-51,113
46,118
105,83
111,75
48,109
-48,117
-95,94
-99,92
-69,115
-93,86
-122,27
-127,-34
-134,-20
-135,7
-119,-27
-82,-100
-44,-122
-7,-135
-40,-124
-101,-87
-99,-83
-54,-120
-71,-116
-108,-82
-106,-73
-28,-118
27,-130
11,-132
17,-129
54,-123
38,-130
28,-132
8,-136
22,-133
7,-133
0,-132
-31,-131
-25,-130
-75,-108
-98,-92
-51,-110
25,-130
30,-133
5,-135
24,-127
72,-114
75,-114
51,-125
80,-99
123,-37
134,9
132,-20
103,-82
55,-123
48,-126
59,-123
30,-131
-24,-130
1,-130
54,-122
79,-112
41,-125
-13,-136
-50,-123
-97,-92
-115,-64
-132,-17
-129,-36
-131,-36
-136,-6
-133,20
-131,28
-135,-10
-130,-38
-122,-58
-115,-66
-72,-106
-28,-130
-64,-109
-121,-58
-122,-55
-98,-90
-112,-53
-127,26
-127,-10
-116,-62
-105,-79
-128,-13
-127,43
-131,11
-130,-38
-127,-45
-99,-60
-28,-119
-61,-115
-72,-111
-13,-129
37,-130
52,-127
25,-134
29,-130
78,-105
113,-23
110,69
120,47
131,-22
128,-11
126,42
122,2
75,-98
55,-124
43,-129
54,-119
80,-105
36,-127
31,-131
56,-119
42,-118
1,-124
76,-100
105,-87
86,-101
75,-101
104,-71
70,-107
73,-106
4,-123
-29,-131
34,-98
116,-2
128,45
112,68
52,115
0,135
5,135
-10,134
-41,129
-66,118
-78,106
-113,61
-128,48
-128,54
-126,50
-135,13
-133,-17
-122,-57
-123,-41
-104,58
-89,98
-108,81
-95,97
-63,118
-28,131
-23,133
18,133
53,124
28,130
-1,135
5,132
-27,129
3,132
78,101
126,44
134,26
134,-16
121,-60
91,-100
93,-91
124,-14
135,16
125,-30
63,-108
-4,-134
-55,-124
-77,-114
-87,-105
-111,-79
-124,-58
-106,-78
-60,-116
-23,-129
38,-123
66,-119
63,-118
-5,-126
-73,-111
-62,-118
-16,-132
12,-135
0,-136
-30,-133
-45,-126
-74,-114
-95,-95
-111,-77
-90,-99
-65,-120
-76,-108
-121,-47
-135,-5
-121,-37
-73,-104
-76,-91
-121,16
-111,78
-94,98
-66,118
-78,107
-96,92
-75,108
-97,91
-116,66
-118,-5
-95,-87
-112,-72
-119,-59
-88,-100
-36,-121
59,-106
115,-68
131,-24
130,20
79,84
-13,126
-35,131
-59,119
-76,109
-48,122
20,123
64,119
83,99
125,23
121,25
105,78
117,69
105,86
107,85
111,79
109,82
123,40
127,-30
131,-17
126,-8
113,57
120,13
98,-85
100,-90
115,-72
94,-96
65,-115
101,-57
105,46
15,113
-50,124
-58,121
-62,119
-31,130
18,133
56,120
16,127
-52,119
-96,91
-101,86
-95,88
-53,122
-51,123
-95,82
-123,49
-112,73
-124,32
-107,-53
-29,-119
0,-136
12,-136
30,-133
5,-135
-22,-134
7,-132
65,-114
109,-75
118,-66
77,-102
-4,-129
-25,-133
-16,-135
-42,-125
-89,-102
-113,-73
-125,-55
-130,-38
-136,-12
-135,-13
-127,-43
-126,-49
-135,-17
-130,-33
-129,-33
-113,-60
-87,-103
-74,-112
-61,-120
-88,-102
-89,-101
-111,-75
-132,-27
-133,-11
-125,-48
-114,-67
-126,-38
-127,-45
-129,-45
-136,-7
-137,8
-136,8
-136,18
-131,36
-120,64
-126,45
-125,49
-98,89
-7,117
95,86
128,43
134,-2
107,-72
67,-119
44,-130
35,-132
32,-131
-31,-124
-79,-108
-61,-118
-42,-128
-87,-100
-122,-59
-127,-40
-122,-57
-130,-41
-135,-14
-136,-2
-128,-25
-121,-59
-133,-28
-135,2
-122,54
-83,100
-40,128
-19,130
44,128
67,120
93,96
125,52
134,14
135,-11
109,-65
71,-114
84,-107
105,-80
117,-57
52,-108
18,-133
21,-133
4,-134
-32,-126
-27,-125
43,-124
70,-118
88,-94
121,-32
100,59
95,93
118,68
128,24
127,-36
124,-2
124,53
132,36
136,5
131,-27
129,-24
129,18
121,59
129,39
137,6
133,-19
114,-69
69,-113
8,-132
55,-100
119,-5
129,38
134,5
133,-1
125,-35
126,-44
123,-48
114,-67
130,-27
134,1
129,39
131,39
135,26
130,38
114,69
95,98
74,113
82,107
86,104
39,121
-19,131
-3,133
-5,133
-31,132
-44,128
-22,133
-20,133
3,132
30,134
26,135
48,128
83,108
116,65
135,17
136,-8
126,-41
102,-87
72,-115
74,-115
77,-113
88,-104
107,-85
116,-71
93,-96
71,-117
78,-111
74,-113
53,-124
-7,-131
-84,-97
-127,-33
-128,34
-106,86
-83,110
-34,129
-16,126
-89,86
-106,83
-94,100
-103,89
-118,62
-129,38
-128,30
-73,92
-46,123
-52,120
20,127
63,117
64,120
76,114
58,115
-29,117
-94,72
-110,-37
-75,-106
-52,-123
-88,-98
-81,-105
-109,-67
-136,-18
-136,-10
-131,23
-96,87
-91,98
-74,105
14,125
96,86
106,77
19,106
-65,115
-66,120
-62,120
-91,95
-119,41
-134,2
-122,38
-106,82
-120,55
-108,-32
-65,-114
-70,-111
-121,-45
-134,10
-126,46
-116,72
-112,78
-112,79
-109,67
-110,-27
-104,-82
-104,-75
-30,-117
20,-132
62,-115
74,-114
55,-125
46,-129
32,-131
70,-98
126,-33
132,2
116,53
116,69
127,46
126,47
128,38
133,-12
133,-33
130,-1
131,1
111,34
37,115
-5,136
-7,136
34,129
81,101
125,36
137,2
129,24
127,24
127,-35
127,13
128,29
106,-56
35,-118
-22,-131
18,-131
58,-122
94,-92
117,-70
115,-74
121,-58
114,-74
118,-59
128,7
111,69
103,84
126,35
136,-9
128,-42
119,-66
124,-53
107,-82
104,-85
122,-44
129,17
111,68
77,108
62,122
90,102
106,83
88,98
99,86
72,108
3,126
-34,131
-37,132
-10,134
31,130
12,132
18,129
90,90
101,85
68,116
49,126
40,130
43,128
10,134
18,136
42,129
60,119
109,66
136,4
137,-14
136,-8
115,-53
36,-121
2,-134
38,-128
53,-124
50,-124
14,-132
-34,-126
-106,-54
-130,26
-116,-16
-18,-99
67,-114
69,-118
70,-116
84,-104
90,-101
79,-101
99,-1
79,100
74,111
44,125
83,98
123,56
125,53
123,55
130,-3
115,19
54,106
-16,131
0,132
-3,135
-3,137
31,133
74,114
94,98
58,118
12,130
-68,76
-125,-14
-90,-77
-19,-128
11,-135
-5,-134
-43,-129
-40,-131
-23,-135
-2,-132
64,-109
97,-92
95,-95
106,-84
61,-103
-61,-98
-115,-70
-125,-38
-131,28
-126,52
-124,26
-125,-40
-105,-83
-90,-101
-45,-106
62,-103
27,-111
-63,-109
-49,-122
-17,-122
80,-88
127,-49
118,-69
115,-65
118,15
63,101
-43,104
-116,26
-110,-65
-95,-95
-49,-116
-21,-132
-45,-125
8,-128
75,-98
124,-23
113,50
59,113
-5,130
-22,132
-45,122
-77,113
-69,117
-36,127
-74,83
-107,-33
-21,-102
95,-71
133,-27
132,-36
130,-32
135,-10
136,-14
123,-47
90,-96
105,-82
109,-77
98,-90
57,-121
18,-130
64,-108
82,-104
32,-131
0,-136
35,-122
104,-64
133,-1
135,20
135,24
130,44
125,54
91,83
46,125
53,125
14,125
-75,99
-120,47
-132,20
-122,56
-106,86
-91,101
-65,119
-50,127
-31,132
4,135
24,134
42,131
39,131
13,134
0,136
53,118
67,111
15,132
-4,136
33,122
105,60
127,-35
120,-68
117,-71
98,-88
106,-60
135,-15
135,10
131,33
98,78
31,120
-61,107
-109,79
-125,54
-126,31
-122,-35
-122,-62
-123,-63
-114,-76
-111,-77
-123,-50
-119,-64
-115,-70
-132,-22
-136,14
-134,3
-128,4
-94,86
-65,120
-89,96
-123,33
-127,-34
-107,-73
-53,-118
-13,-136
5,-136
39,-115
113,-54
122,-57
101,-90
112,-71
130,-32
125,-48
81,-103
13,-133
-27,-134
4,-126
80,-102
113,-74
127,-45
125,9
100,84
99,96
105,87
104,86
81,108
50,124
37,129
56,120
42,117
108,45
112,-50
23,-119
-50,-126
-55,-127
-64,-122
-68,-114
3,-122
47,-125
23,-133
45,-125
85,-82
107,32
94,89
125,18
134,-23
134,-16
118,40
69,110
39,128
-3,132
-49,105
-116,14
-97,-67
2,-119
39,-131
39,-131
77,-104
110,-78
104,-88
118,-56
110,22
20,109
-41,128
-45,129
-31,132
-53,123
-56,124
-47,128
-59,120
-104,76
-119,-3
-56,-98
-38,-126
-56,-125
-56,-124
-95,-93
-101,-87
-97,-92
-96,-95
-109,-81
-88,-84
2,-123
11,-135
-1,-137
0,-136
-1,-136
8,-136
-13,-134
-63,-116
-103,-71
-120,-12
-83,-83
-96,-88
-128,-45
-130,-34
-125,-52
-133,-21
-136,-10
-131,-35
-112,-67
-41,-113
50,-116
89,-105
93,-100
112,-75
108,-81
71,-115
37,-131
16,-135
23,-127
91,-83
130,-30
131,-38
125,-45
134,-7
131,7
111,66
101,84
129,19
131,14
97,79
42,120
81,92
130,24
121,-49
94,-98
92,-101
102,-71
129,4
132,25
129,40
126,49
103,82
97,88
126,26
134,-12
126,-50
115,-70
117,-67
125,-36
104,51
45,119
-26,129
-54,127
-66,117
-98,90
-123,50
-132,21
-124,-33
-116,-70
-124,-57
-120,-61
-109,-74
-127,-12
-132,34
-132,39
-132,31
-122,58
-105,80
-65,116
-42,130
-27,134
-35,122
-97,81
-86,98
-37,130
13,132
79,106
116,69
119,54
109,-39
44,-121
30,-125
90,-93
82,-106
41,-129
-8,-134
-60,-111
-120,-39
-130,-27
-75,-83
22,-123
30,-130
41,-126
79,-109
90,-103
97,-96
112,-73
120,-58
100,-86
106,-20
104,74
124,47
128,41
111,76
107,83
122,27
121,-46
131,-21
121,31
27,97
-19,122
57,117
86,104
116,60
133,13
131,2
130,30
132,38
134,20
133,6
108,65
71,112
82,108
109,75
132,16
130,14
102,79
92,92
118,1
119,-51
129,1
125,46
133,29
132,23
113,67
97,93
92,101
75,105
22,127
8,126
-79,86
-130,21
-137,-8
-134,14
-133,15
-131,-29
-128,-47
-127,-47
-121,-58
-130,-26
-132,2
-136,11
-135,7
-134,17
-133,12
-107,69
-54,122
-30,132
-24,133
1,136
-16,135
-8,132
61,116
72,114
39,128
-25,126
-51,127
-55,123
-86,104
-90,102
-94,100
-102,77
-116,-19
-112,-71
-127,-20
-118,-43
-89,-100
-95,-94
-126,-46
-135,-10
-135,-12
-121,-28
-58,-105
-66,-113
-107,-84
-112,-74
-124,0
-124,54
-121,63
-97,94
-47,125
-48,111
-108,11
-104,-72
-37,-120
37,-123
81,-105
40,-124
-16,-134
-17,-134
22,-131
22,-132
23,-133
0,-137
-38,-130
-40,-121
49,-113
72,-116
61,-118
16,-132
40,-125
69,-115
81,-106
45,-122
0,-136
-6,-137
-12,-137
-18,-133
38,-116
99,-88
115,-73
123,-54
132,-20
129,-30
103,-82
59,-120
15,-133
-35,-130
-27,-131
10,-134
33,-131
24,-134
25,-131
83,-99
104,-83
81,-107
80,-106
101,-85
121,-62
125,-56
121,-63
116,-72
118,-71
111,-80
112,-79
83,-104
54,-123
58,-121
3,-132
-19,-135
-8,-136
-25,-131
-66,-119
-42,-125
-32,-132
-79,-104
-123,-51
-133,-17
-124,-38
-126,12
-102,86
-75,115
-33,125
71,80
132,8
132,25
130,36
102,74
26,118
-62,108
-114,57
-105,77
-108,74
-128,41
-130,35
-129,29
-136,2
-137,6
-131,-21
-105,-76
-79,-109
-99,-90
-126,-48
-127,-42
-123,5
-92,89
-16,128
28,130
-14,131
-25,133
-19,133
11,134
24,133
46,128
14,131
-43,120
-103,77
-103,83
-42,124
-18,133
-40,129
-22,131
-41,127
-70,115
-98,86
-120,23
-102,-70
-98,-94
-86,-103
-73,-115
-67,-118
-58,-123
-21,-129
18,-134
-19,-127
-99,-75
-128,-42
-131,-27
-120,-60
-110,-81
-123,-44
-123,41
-98,93
-60,120
-39,121
-101,64
-129,6
-128,-32
-120,36
-58,111
-2,135
6,135
62,113
120,56
129,35
114,66
107,86
114,72
110,76
115,69
95,93
68,117
65,118
36,128
-19,123
-91,92
-117,66
-125,52
-124,52
-128,40
-104,74
-49,125
-20,134
-59,118
-79,111
-73,110
1,125
71,114
105,84
117,57
73,103
66,119
95,98
119,59
129,17
66,82
-15,129
17,129
74,114
77,113
53,121
30,132
56,124
65,120
72,115
102,86
91,96
59,121
55,127
76,115
97,91
128,24
134,-24
113,-72
97,-97
77,-110
96,-91
81,-103
-18,-110
-113,-67
-116,-61
-64,-109
-63,-118
-86,-95
-121,-14
-97,75
-100,83
-109,71
-103,-13
-47,-114
-2,-135
5,-136
20,-130
90,-69
132,-3
125,30
89,96
65,115
-21,111
-80,106
-70,116
-92,97
-117,61
-129,32
-117,-31
-84,-101
-96,-95
-93,-90
5,-107
103,-76
112,-75
107,-79
69,-111
41,-127
72,-113
81,-109
57,-121
41,-128
82,-91
127,-43
134,-24
136,-3
120,-41
59,-115
50,-125
58,-119
15,-134
20,-131
90,-71
130,-25
113,-70
92,-100
70,-110
108,-63
96,-82
82,-98
115,-69
94,-97
75,-111
80,-108
89,-102
62,-120
37,-126
89,-87
123,-23
133,14
136,-11
119,-55
113,-44
93,62
13,124
-51,121
-79,107
-109,50
-83,-62
-1,-127
56,-119
95,-97
111,-72
130,-13
135,22
136,2
129,-33
130,-28
132,-20
137,2
137,-13
135,-23
133,-30
135,-14
135,-8
130,-32
133,-10
130,32
132,34
135,14
129,-36
123,-59
115,-68
68,-112
31,-133
15,-135
13,-136
13,-135
11,-134
14,-135
-8,-136
-55,-119
-63,-116
-20,-134
-31,-131
-68,-117
-70,-114
-24,-128
25,-133
32,-131
-14,-133
-19,-134
-2,-135
30,-130
54,-125
18,-134
-28,-130
-90,-95
-118,-69
-123,-55
-132,-7
-131,-8
-123,14
-74,101
-30,132
-37,131
-42,129
23,122
103,84
128,39
135,-11
135,-7
124,37
93,94
105,78
132,19
128,-39
118,-68
117,-70
99,-91
49,-124
-2,-135
-12,-134
16,-133
56,-119
70,-117
65,-121
93,-94
118,-64
125,-55
123,-60
103,-88
94,-94
35,-124
8,-131
54,-121
13,-124
-61,-119
-75,-114
-98,-91
-125,-43
-132,-21
-130,-36
-120,-58
-85,-99
-45,-128
-23,-133
25,-126
44,-126
16,-136
22,-131
63,-117
35,-128
25,-129
70,-114
66,-119
87,-101
90,-100
37,-128
-12,-137
-24,-135
-3,-137
0,-137
-10,-134
-3,-133
-38,-130
-60,-119
-112,-48
-104,55
-1,118
83,106
102,91
119,62
119,58
125,47
130,35
132,19
120,56
88,93
4,122
-35,129
34,125
89,103
101,93
106,84
110,76
126,48
113,70
61,99
-65,80
-123,11
-111,-66
-95,-97
-96,-95
-114,-68
-79,-100
-31,-132
-27,-134
-10,-128
50,-120
0,-123
-51,-125
-51,-126
-91,-96
-125,-50
-122,-52
-110,-79
-104,-85
-48,-113
51,-109
117,-52
131,-34
129,-27
120,44
113,74
121,63
126,49
136,15
133,9
121,54
118,65
127,47
132,23
127,-34
99,-86
81,-105
72,-112
22,-131
14,-127
85,-96
114,-74
104,-90
62,-113
-2,-126
59,-102
92,-97
62,-121
80,-107
102,-86
114,-70
77,-101
-7,-130
-47,-127
-42,-129
-56,-124
-49,-123
-1,-134
22,-133
68,-111
112,-30
96,74
85,100
60,108
-13,129
-22,129
62,109
109,79
85,101
57,122
50,124
86,98
65,111
38,132
49,128
72,115
55,122
44,129
47,128
31,132
11,136
-6,132
-67,111
-75,112
-27,133
14,136
38,131
46,128
63,122
88,103
121,45
128,-36
111,-79
77,-105
14,-133
-30,-130
-95,-76
-121,22
-69,108
-11,136
0,134
6,129
78,103
74,104
33,125
78,96
43,108
-50,116
-109,64
-134,26
-133,20
-128,39
-127,43
-111,-26
-66,-110
-15,-127
62,-110
96,-96
111,-72
81,-92
23,-128
78,-93
113,-73
111,-74
126,-46
132,-15
132,18
134,-5
132,-8
108,58
43,120
12,136
30,134
33,131
-16,130
-79,102
-122,49
-134,3
-125,-44
-77,-94
-20,-131
-18,-137
-14,-136
-14,-137
-16,-137
-10,-136
-23,-135
-38,-131
-28,-124
69,-81
118,-50
67,-110
9,-135
-16,-136
-28,-132
-59,-121
-14,-127
49,-123
11,-121
-43,-121
-1,-130
66,-104
119,-57
126,-50
114,-73
116,-68
59,-100
-36,-125
-74,-115
-68,-117
-6,-125
55,-122
48,-128
12,-134
-24,-133
-74,-111
-78,-107
-31,-126
38,-123
62,-121
64,-120
17,-130
-45,-126
-66,-118
-101,-71
-123,28
-118,52
-126,42
-118,70
-114,75
-108,83
-106,86
-98,94
-99,93
-86,103
-41,122
-50,120
-106,75
-120,60
-98,94
-79,111
-22,123
85,70
123,-30
126,-40
135,-11
124,41
105,85
119,62
133,30
128,42
96,88
29,123
-39,126
-67,118
-39,130
-29,131
-61,117
-105,69
-119,58
-105,85
-114,69
-125,25
-126,-43
-125,-58
-132,-20
-121,45
-57,107
-2,135
0,136
22,132
-7,125
-76,107
-81,109
-6,115
100,68
106,77
72,112
71,117
87,105
73,116
61,124
27,129
-2,132
-50,97
-121,10
-126,-39
-102,-75
-68,-116
-43,-128
-7,-134
34,-129
85,-102
109,-77
120,-6
110,72
94,91
30,123
27,133
30,133
3,135
29,131
41,129
-3,132
-74,87
-128,6
-135,-13
-134,-24
-134,14
-115,71
-99,95
-115,54
-112,53
-54,118
-76,80
-126,18
-107,73
-64,118
-35,133
-32,134
-30,131
-79,96
-123,49
-134,24
-123,12
-72,-83
-60,-112
-112,-68
-130,-5
-130,36
-97,87
-80,106
-114,42
-105,-58
-51,-120
-38,-129
4,-126
37,-130
31,-133
28,-133
-27,-126
-80,-109
-93,-97
-114,-26
-123,42
-130,3
-93,-71
-35,-126
-51,-125
-52,-124
-55,-118
-93,-97
-81,-108
-58,-123
-47,-126
-77,-98
-120,-59
-107,-78
-83,-105
-93,-97
-87,-100
-105,-81
-127,-50
-124,-53
-119,-56
-104,-78
-124,-40
-127,12
-96,90
-76,114
-49,126
-13,137
19,136
47,128
65,120
76,112
43,125
16,135
-12,132
-28,132
17,134
51,127
81,108
114,74
121,66
115,74
109,83
107,86
89,103
72,117
94,94
118,7
62,-101
8,-135
-43,-121
-112,-61
-133,-23
-126,32
-78,102
-35,129
-83,87
-115,-12
-77,-100
-85,-98
-115,-66
-95,-92
-93,-99
-58,-113
35,-114
106,-80
112,-78
111,-32
105,68
109,80
76,99
-3,129
-45,127
-86,92
-125,29
-131,-25
-132,-1
-120,-2
-71,-95
-48,-123
-105,-61
-134,-27
-134,-8
-127,43
-120,59
-118,65
-101,90
-109,56
-125,-28
-130,-33
-111,-67
-98,-93
-110,-74
-73,-105
-4,-124
53,-123
70,-113
105,-50
105,59
47,117
-30,125
-78,108
-115,62
-127,46
-120,65
-125,45
-131,-9
-117,-56
-97,-88
-111,-78
-102,-89
-94,-92
-32,-119
30,-132
44,-129
62,-121
60,-123
44,-128
61,-121
60,-118
92,-96
85,-106
82,-110
67,-116
-2,-132
-50,-126
-80,-105
-36,-112
33,-129
31,-133
30,-133
9,-136
-19,-135
8,-126
78,-105
63,-108
29,-123
84,-99
103,-87
76,-113
60,-123
71,-114
106,-78
109,-78
106,-82
95,-92
86,-105
95,-98
115,-70
126,-52
109,-78
78,-110
52,-125
7,-130
-16,-132
-42,-124
-87,-104
-109,-83
-125,-59
-131,-43
-132,-41
-132,-32
-135,-16
-122,-48
-93,-94
-103,-78
-125,-4
-107,75
-38,116
65,111
116,59
123,-32
95,-98
89,-101
113,-72
100,-93
94,-96
119,-61
125,-39
132,2
127,-29
107,-83
98,-95
105,-82
117,-64
88,-93
104,-62
133,-20
128,-11
115,58
105,84
89,102
77,112
95,94
125,31
123,-49
117,-70
124,-56
104,-85
89,-99
60,-119
-3,-115
-106,-35
-122,53
-125,50
-125,52
-130,44
-128,50
-126,22
-105,-59
-40,-119
55,-94
113,11
96,92
97,87
124,-3
112,-75
103,-90
120,-49
127,20
84,90
-14,114
-102,46
-131,-6
-133,20
-132,-1
-122,-53
-118,-68
-117,-69
-110,-78
-103,-86
-70,-91
51,-100
94,-98
78,-111
85,-107
101,-89
81,-105
25,-127
-47,-124
-99,-66
-107,-36
-20,-111
69,-109
84,-104
28,-130
12,-135
27,-133
46,-110
111,-32
94,71
27,117
-75,92
-73,101
-20,131
-65,108
-114,73
-115,75
-123,39
-131,7
-130,27
-116,-26
-24,-107
36,-131
52,-125
92,-98
113,-79
122,-56
130,-23
108,52
53,115
-36,108
-118,41
-134,26
-132,31
-94,86
-52,124
-36,130
-30,130
-59,121
-74,112
-92,96
-118,51
-127,40
-95,91
-60,119
6,132
43,131
33,132
-2,132
-67,103
-117,50
-118,-35
-96,-93
-61,-119
-5,-131
25,-133
39,-130
64,-118
47,-118
-41,-124
-45,-123
15,-130
35,-127
76,-109
73,-115
91,-95
96,-93
38,-127
47,-112
115,-59
131,-16
132,16
111,-53
66,-118
35,-133
19,-134
-8,-134
6,-134
47,-112
80,-96
8,-128
17,-129
71,-113
112,-72
119,-65
87,-105
93,-88
128,-35
131,-35
118,10
64,103
40,129
66,117
93,94
125,46
131,-7
113,-71
92,-100
66,-119
76,-97
122,-10
131,31
106,78
69,109
-12,122
-71,112
-61,121
-26,130
34,129
26,127
-38,124
-7,130
39,131
40,130
34,131
-13,122
-71,111
-60,121
-46,127
-25,132
-56,120
-54,122
-4,133
53,124
70,118
61,123
84,101
122,55
123,54
74,89
-38,113
-94,96
-61,118
-34,132
-3,133
47,128
65,121
56,123
79,103
111,76
107,82
119,66
104,79
64,117
56,125
80,103
121,63
129,41
135,-2
135,-1
133,25
135,25
131,37
119,62
89,97
33,122
6,130
71,109
98,95
114,69
134,25
137,10
134,-10
121,-56
56,-107
22,-117
103,-67
132,-24
135,-3
125,38
123,52
131,-12
123,-57
104,-82
111,-28
100,76
86,106
95,94
106,80
73,109
73,113
101,88
68,106
-8,127
-86,88
-124,55
-112,74
-85,104
-80,110
-85,103
-99,88
-76,110
-50,125
10,125
41,117
-18,129
-4,133
14,134
56,112
113,74
112,77
112,74
129,31
126,37
87,96
70,115
43,123
-25,129
-61,122
-70,116
-72,117
-52,127
-16,132
25,127
-44,112
-114,61
-134,21
-136,22
-131,37
-89,90
-41,129
-15,134
5,131
-49,119
-73,115
-92,99
-113,74
-95,92
-45,125
-63,107
-107,80
-116,70
-127,46
-132,20
-116,60
-78,108
-26,131
9,136
31,130
-21,119
-94,92
-100,91
-82,108
-60,122
-47,124
8,132
25,134
30,132
-10,127
-86,94
-121,61
-129,39
-133,24
-127,37
-119,55
-131,12
-135,21
-122,56
-97,92
-88,96
-120,62
-130,32
-132,13
-125,15
-110,-57
-57,-113
-90,-80
-130,8
-117,64
-101,86
-37,115
65,106
125,19
133,-8
134,15
130,-23
129,-29
136,-11
130,-41
124,-44
126,21
133,10
124,-52
105,-88
89,-102
50,-127
39,-131
64,-119
78,-111
51,-123
81,-100
98,-95
53,-121
-1,-135
-14,-136
-48,-126
-66,-118
-85,-101
-107,-81
-93,-99
-76,-114
-100,-80
-130,-16
-132,-29
-132,-1
-98,78
-89,94
-124,47
-114,64
-51,117
16,133
59,121
59,122
61,122
66,118
70,115
56,122
41,126
22,131
73,112
98,97
108,78
98,86
123,51
134,14
130,-38
103,-83
34,-124
-22,-132
-10,-135
-38,-129
-92,-96
-114,-70
-127,-11
-87,78
-3,131
-7,134
-48,124
-18,130
33,133
39,131
4,130
-20,130
14,135
-19,126
-87,98
-105,88
-86,100
-26,128
5,135
11,136
44,126
98,90
123,59
91,77
22,125
59,115
67,112
36,130
46,129
79,106
121,35
110,-62
63,-117
80,-98
123,-52
132,-34
133,-32
131,-31
133,-6
123,45
114,74
124,56
119,59
78,101
44,128
40,130
33,132
14,133
31,131
-5,125
-76,107
-96,87
-128,33
-124,-24
-94,-91
-104,-80
-132,-31
-135,13
-128,45
-126,42
-82,90
16,125
48,127
36,125
-1,134
-13,132
-60,120
-65,120
-69,117
-73,116
-85,102
-113,61
-86,90
-88,99
-95,96
-107,77
-99,88
-68,117
-8,130
50,126
78,110
88,102
108,82
104,88
101,92
110,81
109,81
109,77
51,111
27,131
-17,119
-105,55
-134,10
-136,9
-128,37
-110,76
-123,32
-135,-6
-136,-4
-133,-25
-136,-5
-136,5
-135,6
-121,57
-110,81
-94,97
-63,121
-37,130
-1,136
-19,132
-63,119
-66,119
-23,129
16,134
-8,132
-54,123
-35,130
17,131
49,125
18,132
48,116
116,60
115,56
80,102
107,77
124,54
122,54
126,0
86,-88
29,-124
84,-76
126,14
95,80
35,127
-5,134
-34,132
-56,122
-92,97
-113,73
-107,77
-101,75
-122,-16
-109,-79
-90,-102
-101,-90
-109,-83
-99,-94
-112,-76
-127,-45
-121,-58
-77,-97
-37,-123
-88,-95
-124,-24
-134,4
-135,-16
-137,-3
-134,-18
-118,-59
-102,-89
-62,-109
20,-126
51,-126
53,-125
27,-133
11,-135
-30,-120
-113,-61
-136,-15
-136,10
-131,24
-126,-26
-110,-75
-68,-102
21,-124
81,-101
115,-15
123,54
130,46
134,28
129,27
103,80
73,109
18,131
19,135
48,125
61,118
44,127
82,102
105,84
105,84
109,80
127,30
133,-23
130,13
129,15
127,-45
117,-63
114,9
101,89
109,81
125,57
133,10
123,-54
107,-84
87,-105
86,-101
115,-67
122,-60
108,-82
105,-85
109,-81
114,-71
108,-77
123,-55
127,-49
119,-63
128,-34
131,-36
111,-75
66,-116
39,-130
-2,-128
-67,-115
-108,-63
-127,25
-99,91
-74,114
-56,122
-82,99
-109,80
-75,111
-61,122
-66,117
-96,90
-121,62
-124,58
-104,80
-52,121
-22,134
-14,133
-41,128
-63,119
-90,105
-101,89
-124,33
-129,-30
-119,-65
-123,-55
-133,-11
-120,41
-99,90
-113,73
-94,90
-43,128
-16,133
49,118
100,94
121,63
131,23
85,74
33,130
33,134
13,134
-29,131
-72,106
-117,28
-133,10
-120,61
-116,73
-124,49
-135,8
-131,20
-119,61
-71,100
34,122
48,121
43,126
102,77
126,41
95,85
73,113
101,89
114,71
96,80
14,122
-39,129
-45,128
-51,126
-34,130
-6,135
-15,135
-30,132
-63,112
-90,13
-12,-103
68,-114
73,-115
71,-115
95,-96
115,-69
117,-69
114,-75
97,-93
85,-101
120,-52
129,-44
89,-96
39,-131
8,-133
-58,-119
-102,-85
-130,-15
-109,68
-89,92
-122,27
-124,41
-105,85
-98,93
-100,91
-110,80
-124,44
-132,0
-117,-50
-82,-104
-44,-128
-10,-133
47,-122
61,-120
27,-132
17,-135
-12,-133
25,-128
80,-98
120,-56
133,-29
131,-38
103,-77
42,-124
45,-125
23,-129
22,-128
20,-129
-29,-132
-28,-131
21,-131
25,-133
32,-121
89,-97
91,-99
85,-107
106,-86
121,-62
131,-30
132,-3
128,21
132,-11
132,12
124,51
99,89
72,117
83,108
116,72
132,40
130,41
115,71
104,83
84,104
105,79
128,26
118,-54
72,-108
-6,-129
-67,-117
-82,-109
-96,-98
-98,-94
-91,-97
-53,-121
-57,-120
-28,-128
20,-123
90,-89
119,-63
102,-91
93,-102
56,-122
31,-132
83,-89
128,-33
131,16
105,71
21,115
-24,127
51,117
112,61
134,5
130,-33
123,-62
127,-49
132,-19
135,-2
124,-45
114,-70
128,-19
130,29
123,56
113,73
122,59
129,43
118,65
84,95
37,129
4,127
-80,92
-118,65
-100,83
-85,102
-97,94
-77,111
-11,124
79,105
111,80
110,79
107,82
128,33
134,-3
131,-28
129,-41
120,-58
108,-81
117,-68
81,-104
36,-127
65,-116
77,-110
107,-43
129,24
134,6
130,-31
125,-21
120,48
128,4
120,-63
91,-90
-3,-123
-71,-116
-79,-108
-14,-124
47,-126
85,-98
117,-61
129,-30
132,-17
99,51
0,116
-42,129
-1,133
60,120
101,89
112,66
57,109
-20,128
-53,126
-65,117
-93,94
-36,117
48,120
105,80
113,75
117,68
121,64
121,54
130,-12
124,0
111,67
124,53
116,64
118,60
133,30
135,26
132,35
128,47
130,43
125,47
87,97
65,118
70,118
48,124
28,133
65,112
121,51
134,25
131,36
127,41
114,66
125,9
114,-68
101,-85
126,-30
133,18
122,58
124,28
120,-57
112,-77
123,-53
129,-31
119,-47
80,-106
17,-126
-64,-116
-102,-91
-116,-67
-106,-81
-107,-82
-85,-102
-33,-123
-1,-134
-17,-135
-33,-132
-47,-120
-105,-28
-116,59
-126,39
-133,-1
-136,-5
-135,12
-129,-20
-120,-58
-133,-17
-127,-4
-84,-84
-58,-120
-103,-68
-134,-10
-133,-3
-121,-46
-125,-32
-120,49
-55,104
53,109
12,112
-90,86
-125,34
-122,36
-62,109
-19,135
-14,136
-4,133
-66,95
-119,11
-86,-85
-69,-115
-77,-109
-94,-93
-123,-60
-133,-28
-135,15
-129,40
-121,33
-113,-45
-36,-109
31,-126
92,-80
131,-33
131,-34
89,-88
20,-130
-14,-134
39,-116
109,-47
100,60
85,105
113,72
129,2
105,-77
115,-57
134,3
122,43
61,103
12,132
-30,121
-81,107
-57,122
-49,116
-109,46
-131,-18
-132,-31
-133,-7
-127,34
-121,-23
-87,-95
-92,-97
-122,-18
-128,22
-121,-41
-115,-68
-101,-89
-118,-47
-124,27
-125,-10
-116,-66
-125,-49
-111,-67
-57,-109
46,-108
87,-106
67,-119
30,-131
7,-137
-8,-135
-21,-134
10,-132
67,-109
107,-84
120,-61
120,-59
130,-17
126,41
118,61
109,-31
84,-101
96,-95
117,-55
131,-29
126,5
122,22
106,-69
98,-95
94,-98
98,-90
116,-67
81,-103
71,-114
73,-111
108,-74
130,-28
135,4
136,-15
136,-21
133,3
132,7
133,-26
135,-8
135,20
122,57
102,87
81,107
112,44
121,-51
109,-79
119,-66
122,-62
122,-61
111,-80
105,-88
103,-88
103,-87
105,-53
112,51
88,101
85,107
104,87
101,91
102,92
104,89
95,97
81,111
52,121
42,126
69,117
84,106
104,87
122,38
130,-32
123,-58
127,-48
134,-12
118,44
66,110
39,129
42,129
42,129
19,131
-26,131
-66,120
-59,123
-10,132
5,129
-44,126
-36,131
-37,130
0,134
-6,133
-44,129
-37,130
15,131
60,120
78,111
99,91
121,63
118,65
79,103
70,114
113,67
134,4
132,-27
132,9
130,-12
90,-89
71,-116
72,-110
100,-84
110,-80
114,-74
90,-102
83,-108
73,-113
43,-129
62,-117
49,-124
49,-123
90,-100
90,-99
107,-81
113,-79
102,-87
51,-123
31,-133
28,-132
24,-133
-6,-135
-1,-131
65,-111
84,-107
67,-116
24,-133
0,-136
1,-135
57,-108
117,-59
116,-67
72,-109
5,-132
-53,-123
-87,-106
-94,-100
-88,-104
-91,-102
-114,-69
-133,-17
-133,-21
-134,0
-131,38
-125,54
-129,45
-132,38
-112,71
-85,103
-44,125
-1,137
-9,134
-19,134
18,133
-1,132
15,129
82,103
104,88
120,58
131,-7
114,-70
97,-98
70,-116
14,-134
-36,-126
-55,-109
12,-125
-17,-131
-60,-118
-112,-69
-124,-52
-125,-15
-97,81
-58,123
-75,100
-114,6
-106,-78
-108,-83
-114,-71
-110,-79
-122,-55
-115,-59
-64,-111
-71,-114
-112,-73
-112,-75
-97,-94
-117,-68
-127,-51
-127,-42
-131,17
-129,29
-131,0
-119,52
-118,56
-131,-2
-130,-39
-124,-57
-127,-43
-132,14
-121,62
-112,74
-124,21
-124,-49
-123,-51
-130,4
-129,-18
-129,9
-103,80
-77,113
-75,115
-63,120
-78,109
-104,85
-121,59
-132,18
-137,8
-135,16
-128,44
-107,78
-38,121
7,137
22,135
49,126
97,89
119,64
119,61
86,97
71,113
102,85
62,108
18,134
27,134
24,131
51,124
76,111
114,70
131,39
126,52
110,76
77,109
86,103
113,68
130,26
121,52
123,53
132,28
136,6
125,39
108,81
109,83
106,84
79,108
95,97
115,75
95,91
45,125
43,129
54,125
33,130
-16,131
-74,104
-107,78
-72,111
-48,128
-30,134
-34,133
-57,124
-53,126
-40,131
-28,133
-22,133
35,127
97,90
132,29
137,4
130,-37
97,-90
18,-123
-80,-98
-128,-33
-124,27
-52,105
10,132
-18,133
11,134
60,120
99,87
82,99
26,129
14,136
22,135
4,132
15,130
2,134
20,135
35,131
-9,130
-65,117
-78,111
-39,129
-19,131
-79,88
-126,13
-120,-55
-100,-92
-108,-81
-123,-60
-125,-55
-125,7
-78,99
-48,127
-69,115
-98,93
-117,65
-117,57
-84,98
-110,68
-128,12
-76,-72
42,-109
92,-98
117,-59
132,-36
115,-70
90,-103
66,-117
-2,-128
-65,-117
-39,-106
80,-79
114,-72
104,-86
65,-115
11,-133
-60,-116
-76,-110
-19,-124
69,-105
114,-70
126,-44
119,-55
123,11
103,79
83,99
12,118
-12,134
-3,132
-15,132
-33,124
-86,99
-64,117
-17,134
-14,136
-31,132
-69,113
-92,99
-116,61
-132,3
-121,-51
-102,-83
-114,-71
-122,-59
-133,-36
-134,7
-133,24
-134,-6
-114,-60
-100,-92
-107,-80
-72,-112
-59,-122
-101,-79
-119,-60
-99,-92
-72,-116
-82,-109
-78,-106
-7,-122
80,-98
101,-86
61,-118
73,-110
106,-84
119,-66
128,-50
121,-61
82,-104
35,-129
55,-119
81,-108
43,-128
17,-136
26,-133
-15,-130
-37,-130
22,-119
106,-64
130,5
120,59
127,48
133,3
125,-50
119,-67
116,-66
89,-96
37,-126
-6,-134
17,-131
22,-134
-14,-131
-63,-114
-67,-112
-109,-74
-105,-76
-80,-110
-78,-112
-52,-122
-13,-134
12,-135
2,-131
60,-95
126,-34
129,-34
122,-59
114,-74
82,-109
73,-114
80,-109
63,-119
62,-119
71,-111
95,-91
60,-117
38,-131
62,-120
81,-109
58,-123
48,-124
96,-88
124,-57
129,-45
128,-45
129,-26
131,-11
109,-73
55,-117
-43,-114
-101,-83
-98,-85
-127,-31
-132,21
-91,83
3,126
49,123
33,128
55,124
24,125
-73,83
-129,4
-134,-18
-112,-60
-47,-116
16,-132
51,-118
104,-41
82,78
-7,121
-76,108
-43,125
12,133
49,126
29,128
-23,132
-60,121
-87,106
-76,110
-41,123
-86,97
-67,109
-12,131
-29,130
-69,111
-66,109
13,125
-7,128
-48,125
-91,79
-111,50
-75,93
-114,25
-128,17
-121,62
-126,41
-129,17
-91,87
-33,130
-15,128
-84,91
-121,19
-113,-65
-89,-100
-61,-121
-64,-121
-58,-123
-25,-131
33,-126
84,-106
97,-94
115,-64
130,-14
125,-30
55,-106
-14,-136
-38,-132
-47,-127
-52,-124
-68,-116
-57,-117
11,-128
49,-124
53,-119
101,-79
104,-85
90,-102
89,-88
120,3
100,81
101,87
101,88
66,113
54,124
30,127
-34,128
-53,125
-58,122
-62,119
-93,92
-122,33
-129,-31
-113,-67
-43,-110
45,-123
60,-122
69,-118
74,-115
48,-126
72,-110
93,-99
82,-110
95,-92
123,-42
134,-1
131,-26
128,-48
113,-67
27,-118
-37,-130
-70,-115
-89,-99
-119,-46
-125,-46
-122,-43
-129,11
-130,-22
-130,-28
-93,-79
-54,-123
-87,-94
-127,-20
-134,6
-122,51
-106,76
-126,32
-107,69
-76,95
-114,2
-133,-21
-133,-13
-113,-61
-67,-110
-8,-132
25,-129
55,-118
36,-129
43,-127
76,-93
127,-21
126,33
88,91
42,126
13,133
-30,125
-91,95
-115,59
-126,-20
-113,-70
-84,-104
-91,-99
-84,-102
-40,-126
-37,-130
-40,-128
-11,-135
-11,-135
-7,-134
6,-132
21,-135
-9,-136
-19,-131
-72,-108
-84,-105
-84,-108
-77,-112
-47,-124
-19,-135
-11,-134
-39,-130
-52,-128
-26,-127
47,-121
49,-126
-26,-121
-103,-82
-125,-55
-133,-17
-119,-43
-117,-62
-133,-1
-130,18
-104,-58
-86,-106
-96,-98
-102,-91
-115,-69
-86,-95
-48,-125
-4,-133
43,-127
62,-115
98,-87
91,-100
84,-108
87,-106
71,-112
-5,-130
-60,-123
-52,-124
8,-130
60,-121
90,-97
116,-70
99,-84
25,-126
-15,-133
-51,-114
-118,-50
-129,30
-128,46
-133,30
-129,38
-77,95
-37,117
-98,80
-122,57
-133,22
-123,-32
-82,-99
-43,-127
-27,-134
-12,-137
11,-134
66,-105
120,-51
133,-4
124,37
69,102
15,134
39,122
102,84
101,91
77,110
15,122
-28,128
0,134
-15,131
27,130
68,120
88,105
87,105
105,88
112,80
104,86
63,113
60,112
117,58
119,60
87,100
68,113
35,129
54,127
67,121
77,113
69,116
36,130
11,135
33,131
61,123
75,115
73,115
79,110
108,81
105,81
50,119
-1,133
-33,132
-24,135
-45,124
-97,84
-96,79
-2,121
18,129
-11,132
33,129
48,128
75,109
119,36
111,-61
47,-121
30,-120
102,-41
116,54
106,83
104,87
115,73
127,41
100,79
71,115
83,105
46,110
-60,105
-113,74
-121,66
-112,78
-88,104
-63,122
-76,111
-108,81
-109,79
-96,82
-111,-16
-98,-91
-90,-102
-94,-98
-119,-64
-126,-49
-118,-63
-131,-30
-132,24
-125,45
-132,-3
-133,-24
-125,-47
-131,0
-133,29
-135,7
-119,-45
-69,-105
-12,-132
29,-131
66,-118
95,-98
96,-99
69,-111
-35,-107
-121,-27
-134,26
-131,39
-128,42
-129,-6
-117,-65
-115,-71
-128,-11
-121,29
-90,-62
-24,-126
-37,-130
-70,-111
-115,-31
-121,56
-112,77
-95,96
-73,113
-73,108
-111,25
-110,-66
-115,-56
-134,-9
-125,-38
-114,-72
-117,-37
-110,60
-68,114
-78,89
-110,-20
-84,-101
-47,-124
-2,-134
44,-124
63,-121
68,-116
65,-117
2,-132
-42,-123
41,-94
124,-17
132,26
127,44
94,84
76,114
66,118
37,130
39,128
9,131
-51,112
-86,99
-75,114
-71,117
-64,121
-61,122
-88,97
-120,56
-130,38
-132,7
-97,-68
-38,-127
-55,-121
-101,-92
-116,-72
-130,-24
-131,30
-122,54
-80,106
-43,123
-86,53
-119,-47
-118,-66
-131,-11
-131,34
-126,32
-133,-17
-135,7
-133,16
-134,-10
-135,-1
-135,-14
-129,12
-110,74
-88,101
-85,101
-90,98
-78,112
-57,122
-1,134
15,135
15,136
12,136
18,135
51,127
53,126
47,127
33,127
80,102
96,96
100,93
111,65
132,-4
134,-20
135,4
124,42
74,101
-5,122
-93,80
-127,35
-131,-22
-130,-44
-129,-47
-130,-36
-122,31
-56,107
23,132
19,128
-34,127
25,120
108,78
131,38
131,-24
79,-92
3,-131
22,-129
17,-125
-73,-104
-72,-110
-20,-130
-32,-129
-90,-96
-124,-50
-123,-55
-101,-86
-32,-113
69,-101
115,-68
112,-77
115,-69
108,-79
73,-103
10,-130
19,-134
16,-134
-21,-131
-60,-115
-39,-125
-6,-136
2,-134
53,-116
109,-67
130,-32
109,-74
108,-64
124,21
127,43
124,54
112,66
43,113
-22,132
-47,128
-73,111
-107,71
-99,87
-71,115
-39,131
-6,135
48,121
110,71
128,36
91,85
51,125
41,130
65,117
106,80
128,7
122,-61
109,-81
70,-115
-1,-121
-105,-50
-132,-2
-97,-68
-72,-110
-116,-45
-130,31
-100,86
-57,123
-24,134
-16,132
-71,109
-97,93
-60,118
-5,133
-53,108
-108,81
-97,95
-28,122
68,110
67,104
6,129
44,125
84,108
91,98
50,115
69,105
125,35
130,22
122,60
96,90
49,125
38,131
59,122
7,125
-77,98
-121,38
-115,-46
-79,-104
-57,-123
-63,-117
-35,-130
-13,-128
44,-122
39,-127
65,-114
95,-96
114,-73
128,-38
134,-20
126,-48
129,-32
105,-71
91,-99
91,-100
109,-63
134,-7
135,-15
130,-42
113,-66
67,-113
24,-124
9,-124
70,-111
63,-118
-1,-130
-51,-126
-44,-129
-61,-120
-104,-86
-114,-76
-110,-82
-95,-97
-83,-108
-102,-89
-99,-93
-102,-90
-124,-53
-134,-3
-125,46
-129,35
-135,21
-135,2
-136,-9
-136,7
-124,48
-125,50
-133,39
-130,44
-125,54
-109,81
-93,101
-76,108
-45,124
-36,127
10,135
58,121
109,79
127,49
99,83
73,115
97,93
118,66
120,60
135,22
137,6
134,-22
119,-52
56,-113
-19,-132
-58,-124
-56,-126
-44,-129
-52,-122
-78,-110
-52,-124
-32,-133
-15,-132
37,-125
31,-127
-64,-101
-123,-52
-107,-78
-87,-105
-94,-100
-111,-79
-120,-66
-124,-50
-102,-82
-68,-114
-22,-129
3,-135
-10,-136
-20,-135
-66,-115
-114,-64
-130,-24
-121,-55
-117,-30
-95,76
-91,98
-114,71
-94,93
-38,127
-39,126
-83,105
-63,114
-7,133
-52,113
-97,93
-84,108
-90,101
-72,112
-55,121
-96,93
-95,95
-76,112
-75,113
-88,92
-124,44
-130,21
-133,-5
-124,47
-94,96
-50,122
-64,110
-109,77
-124,58
-125,48
-133,19
-122,36
-61,109
2,133
49,127
42,128
60,120
99,92
126,52
135,12
125,-33
102,-85
110,-81
103,-91
76,-109
48,-123
82,-104
97,-94
58,-120
61,-118
94,-94
113,-73
117,-66
103,-85
112,-73
114,-74
81,-109
51,-127
51,-126
50,-128
73,-109
118,-44
128,23
116,62
129,31
129,41
126,49
127,49
133,20
114,-54
67,-117
10,-134
-48,-121
-108,-77
-122,-61
-118,-70
-107,-83
-114,-75
-129,-43
-122,-56
-108,-83
-118,-64
-132,-7
-115,61
-100,88
-45,119
19,134
29,134
27,134
3,136
29,126
101,81
128,33
126,-35
125,-39
134,9
133,3
122,-52
116,-70
71,-103
18,-124
78,-98
111,-76
100,-92
108,-83
123,-53
133,-19
131,6
114,-56
103,-76
108,24
80,106
84,103
118,24
98,-76
5,-124
-68,-114
-28,-120
56,-115
72,-113
87,-102
77,-111
51,-126
33,-131
65,-113
104,-81
124,-53
125,-27
114,53
108,82
83,101
16,127
-15,136
-28,131
-67,116
-94,89
-119,2
-108,-75
-82,-104
-59,-120
-50,-123
-94,-96
-115,-74
-124,-28
-103,71
-79,109
-83,105
-46,120
-52,114
-107,80
-125,54
-94,87
-9,127
50,121
-5,124
-80,96
-121,25
-94,-73
-53,-124
-76,-111
-95,-94
-117,-29
-112,65
-114,52
-125,-23
-133,-9
-115,56
-104,82
-120,65
-114,75
-97,97
-76,113
-92,94
-116,56
-105,-39
-93,-97
-101,-91
-82,-107
-63,-121
-46,-126
-49,-126
-55,-123
-34,-129
-15,-133
11,-136
-14,-136
-38,-132
-56,-122
-99,-79
-126,2
-132,-2
-120,35
-110,71
-132,21
-134,-19
-120,-57
-127,-46
-129,-29
-92,-82
-46,-125
-53,-126
-72,-117
-53,-124
-42,-129
-73,-109
-93,-91
-50,-121
-76,-105
-116,-69
-129,-41
-116,-60
-96,-95
-71,-112
-44,-127
-43,-124
-1,-132
-42,-123
-87,-101
-44,-122
2,-135
-27,-130
-84,-104
-123,-47
-135,-12
-126,-34
-113,-63
-119,12
-121,57
-131,32
-132,33
-129,39
-107,78
-84,107
-89,101
-116,50
-135,13
-136,10
-136,1
-134,26
-124,50
-116,-5
-73,-96
12,-125
47,-129
19,-135
-16,-135
-16,-135
-45,-125
-110,-62
-137,5
-133,34
-116,70
-111,80
-99,95
-73,114
-84,106
-90,102
-73,114
-93,87
-124,49
-116,70
-123,43
-134,-4
-135,11
-114,65
-76,111
-63,121
-66,118
-90,101
-80,106
-7,131
46,126
83,102
64,114
59,119
56,123
96,89
129,10
134,-25
133,-24
130,14
128,41
125,49
123,51
101,88
72,114
45,126
4,133
-24,133
-75,100
-121,33
-127,29
-129,24
-126,-32
-121,-61
-117,-61
-73,-105
-20,-131
-6,-137
-42,-129
-43,-120
36,-120
88,-98
71,-114
65,-117
91,-100
102,-90
89,-101
49,-126
6,-133
16,-133
19,-134
5,-135
-52,-107
-124,-21
-134,25
-133,18
-132,-22
-133,-5
-129,42
-131,41
-131,40
-125,49
-114,49
-108,-47
-116,-50
-106,53
-69,110
-96,91
-58,114
14,130
85,95
105,80
48,115
-42,114
-109,54
-110,-45
-87,-103
-96,-98
-108,-83
-110,-68
-22,-103
44,-124
29,-124
79,-100
86,-94
105,-1
104,81
123,57
135,16
123,42
101,87
119,41
120,24
80,96
94,83
42,101
-32,129
-15,134
36,129
39,129
16,135
16,136
-1,132
-49,120
-79,103
-120,47
-131,-16
-118,-60
-52,-106
54,-104
106,-78
90,-101
98,-89
123,-17
112,62
48,113
19,131
73,108
110,78
118,52
131,-15
117,-63
123,-44
131,14
132,28
115,64
98,93
74,110
87,102
100,93
111,71
129,25
133,-7
134,11
133,-6
110,29
78,104
87,105
86,105
114,66
134,23
131,31
135,12
129,-34
113,-65
130,-31
132,-31
133,-18
130,-28
132,-9
131,-17
124,-53
130,-31
135,10
130,41
128,48
110,70
73,112
55,122
29,130
69,115
98,95
118,58
133,-11
133,-32
129,-46
100,-86
44,-126
27,-129
82,-98
107,-78
43,-117
-23,-132
-40,-129
-65,-119
-107,-79
-123,0
-93,90
-65,118
-42,129
-10,131
0,133
-58,110
-119,46
-131,30
-133,18
-135,-8
-130,-28
-121,-58
-113,-63
-37,-111
32,-129
27,-134
37,-132
76,-104
120,-60
130,-45
132,-40
129,-44
113,-74
102,-82
121,-6
126,49
122,60
96,90
48,122
30,131
73,113
109,81
114,72
117,71
126,51
128,-5
109,-77
94,-97
52,-122
-1,-136
-41,-127
-84,-107
-88,-105
-102,-83
-128,-32
-78,-83
-16,-128
-78,-80
-128,18
-129,19
-118,-53
-107,-82
-115,-70
-127,-48
-127,-7
-123,25
-125,-39
-85,-88
1,-127
25,-134
15,-136
16,-136
-10,-135
22,-128
89,-89
117,2
89,91
26,121
-2,125
81,100
118,67
125,-10
86,-93
-3,-125
-8,-124
79,-91
126,-13
102,61
4,113
-71,112
-69,116
-97,90
-122,53
-129,-7
-97,-76
-23,-123
48,-118
100,-33
113,61
67,108
-8,128
-84,87
-127,7
-127,-44
-130,-39
-130,-34
-113,-66
-49,-109
39,-125
46,-128
-3,-131
-76,-102
-121,-16
-132,27
-127,-14
-79,-94
-54,-124
-56,-123
-70,-114
-75,-112
-76,-113
-75,-114
-52,-121
7,-132
30,-134
9,-137
19,-131
85,-89
129,-25
136,-7
130,-36
123,-55
123,-46
131,-26
115,-68
95,-96
20,-115
-48,-122
-50,-124
-102,-79
-132,-33
-136,-6
-130,-24
-130,-16
-121,49
-58,110
-63,99
-120,7
-132,-22
-134,24
-133,18
-136,4
-134,-9
-135,-2
-131,-12
-83,-80
9,-121
37,-125
-45,-118
-85,-107
-93,-101
-90,-103
-74,-111
-71,-110
-116,-55
-93,-78
-15,-122
38,-126
85,-86
110,-73
57,-117
-16,-131
-68,-118
-74,-109
-7,-123
76,-95
124,-37
113,-59
117,-61
129,-45
121,-61
126,-42
135,-3
132,16
99,78
72,113
88,101
59,114
-18,128
-59,123
-62,123
-64,118
-69,115
-45,128
-19,134
-15,132
-67,114
-101,83
-127,41
-120,56
-47,112
27,131
3,132
-64,113
-105,86
-110,82
-116,68
-128,17
-135,-18
-124,-27
-48,-89
73,-92
123,-55
128,-47
103,-88
81,-111
83,-108
51,-125
7,-135
-20,-134
18,-125
81,-107
78,-110
20,-130
-9,-135
-30,-117
-112,-45
-130,-35
-125,-53
-126,-47
-81,-89
-37,-127
-88,-94
-129,-28
-134,22
-131,-3
-119,-60
-123,-55
-134,-26
-133,-13
-93,-65
-13,-125
42,-127
14,-133
-65,-106
-86,-91
-49,-124
-49,-128
-82,-102
-117,-63
-59,-96
27,-127
61,-121
62,-122
80,-97
125,-46
136,-22
137,-10
136,-21
134,-10
121,43
122,53
130,-9
112,-72
117,-19
120,53
122,19
119,-58
123,-58
123,-59
124,-38
132,17
105,69
64,117
27,126
-25,130
-61,116
-32,125
38,128
23,125
-58,112
-57,116
-28,128
-59,121
-81,105
-96,93
-112,63
-120,-20
-72,-103
-52,-122
-88,-95
-40,-117
25,-130
38,-130
48,-118
105,-77
123,-59
129,-46
130,-34
131,-32
108,-80
82,-107
105,-80
129,-35
131,7
128,12
104,-72
73,-112
49,-124
2,-133
-59,-116
-117,-47
-131,-29
-123,-55
-130,-19
-128,-18
-119,-60
-131,-42
-133,-26
-132,18
-102,83
-81,109
-77,111
-25,131
33,129
85,98
66,111
47,127
80,109
108,83
107,77
71,112
68,118
87,102
120,51
104,67
36,122
-12,133
-1,134
49,124
87,105
86,101
17,124
-11,128
41,123
-2,128
-34,130
-29,130
-22,128
-65,113
-17,129
38,130
65,120
84,108
105,85
112,77
125,45
133,19
128,-4
120,-60
123,-48
94,-88
36,-128
28,-132
7,-135
-36,-127
-90,-94
-126,-46
-127,-48
-81,-86
