                    0,                     0
                    0,                     0
             27172302,              -6300824
            293510777,            -879510650
           -334225820,           -1164943141
           -519396113,             255432888
           -532356480,             109432178
           -219405985,            -109682239
            -27941401,            -248393402
           1170199118,            -673149648
           -367456968,             669953082
            215701558,            -443599341
             63264015,           -2476479349
            -24390538,            2628530723
          -2071896680,            1132574279
            439820371,           -4102786077
          -1578635216,           -4084306179
           2987645486,            2886785769
           2268410925,            -650639663
          -4112482255,           -1412265011
          -1993496494,           -1651181886
           5668430420,            3698125760
           2661626029,            -674174840
          19453798246,          -17600560222
         -37157090859,           57851638644
         -16645976762,           53110798246
         -33488178476,            6369640253
          51931774776,           15485213237
          10841285537,            4703427815
           3916678857,          -12608557072
          -6785964166,           -6558657554
           -541401335,           -7592494608
          -4303081448,          -11830920634
            477527760,            3914337962
         -18142688132,           12795847782
          43226604339,          -17571358681
          34630857961,          -12593098695
          42689330141,           -8742052009
         -11258617937,           54707698403
         -36463674451,          -34433308143
         -48429769503,          -59509371559
          84110524193,           53960863639
         -38951868253,            6422592048
         -32264639131,          -20965957951
          -2879886045,           13141821141
         -17300209975,            -438226396
          10375197380,             656825040
           6096583443,            2744968344
         -14777337728,           25360325501
          12315963911,          -39627296889
          23821909048,          -29710163203
           1322938079,           39939915380
         -44426194025,          -21444577418
          -3571808183,           39667199292
         -26621053597,             923827362
         -17912895126,          -23624939215
          17865428492,           -2928653106
          -4606056118,           32181157174
         115371198581,          -56081009860
          39290048829,          -29636061496
          41791528706,          -48335195393
        -233981983780,           50932734518
         -96097399323,           71637337004
          66001638085,         -217247370377
          33075394222,         -206313267276
          96250072928,         -173935445490
          66720846269,         -102654681183
          16957910743,          -41514368567
           8633080312,          -47680115988
         -11227646194,          -10414802187
           6072699389,           54690874514
         -20886781481,            5172066588
        -235407023701,         -226198382719
         -51839912489,         -164615239035
        -189971640823,         -135422917234
         204647704983,           71908012539
        -300514542045,            9843840022
        -142090458317,           27912173962
        -146763832196,          -56125992091
          23134130393,         -335750081849
         -73030275225,          351665243156
         -40173754548,          346619738536
         -70955124279,          120818502263
          12882023296,         -163473318481
        -686808914803,         -932239060492
        3856587925795,         1997078059665
       -2558609505060,          440191377035
       -1604887597636,         -553346471830
         -70497688088,        -1028049088377
         312257354953,         6290773665981
      -14868743472546,       -19903624184988
      -10461748578852,       -14354886122424
       -8419907569886,        -4164671281237
        -746852014008,        -4919214477400
        5673716811180,        -5837826165905
       -6186694149886,         -611121277141
        2452328818244,        -5314961356758
        8161776384332,         1153874776671
      -39609061656069,       -27107062339592
       -6723321006702,       -28314063588603
      106043125503816,        70432225176016
       32679363813424,        -9279783620467
        -290018447234,       -28670367931997
       41751840125997,       -24294170267512
      162688346462752,       106720220975740
     -242023281349619,        79889485321498
      213313149806974,       -73167549358002
      163016932036839,       -97792556454956
     -206143328151239,      -943135476692348
      528985366500721,      1141852784349579
      476251263746699,       707596904758253
     -956912616238487,      -622297465793078
     -328196351467953,       861889248870253
     1129291080271926,      -318032420370976
    -1533993743009523,        42054016248009
     4121685278608323,      -972835955327780
     1952310203612548,      -304246410037524
      104588678934174,      1539042239476346
     2013710957848602,      1954549461968348
    -2405402573305250,     -6005644920798131
    -1566556715776221,     -5578521693168098
      119310508759507,     -6066360217734609
    -5756791774479758,      8427405004493423
    30923731992291539,    -13835812122094177
    -1724219352885094,    -13638788899384906
      936292286429572,     -5027326183147265
     6964209342564584,     -3707093781081701
    13916933139873849,     16126725691791125
    -4788939340399488,      4991458100342531
    10673226620857415,        48712353259203
    10476895578322100,      8965875950704905
    26616201793686078,     21484825532533396
   -41330885203670466,     -6385474949248364
    -9001619594785000,     -5575070508727483
   -15852054678679698,     -2515935994607088
    -3509372479436334,     -5514935119343604
   -10514273189805490,     22634415121373999
     6128212099920969,      2042103551160463
    -4204130608286259,     31995755101288185
     1337278276842238,    -18715299181222508
    25266726826484900,    -36685180986673157
   -16383061436107027,    -25059339228210042
     6375384883532345,    -37253755340700810
      278184155856914,    -33699862460435818
    16342010071554268,    -11292002036995800
     3871986097637735,      3461388297643918
     5409806934451686,      8363952237579006
    11458942832230101,     18679372349203738
    -1786625724573738,      7518085113035938
    20421113351807335,     -8779815861087090
    13842013110924730,      1691862502403038
     3107979120887335,      -485698072541022
     1814003301227764,      -145109429468070
     1181495917147987,       109814036437875
     1120401271484849,         3569054462563
      935169856402758,     -1156987181086984
    -1430339471258071,       491816254868250
     -989675107979316,       150580416796536
      486776561475349,      -135948334688971
    -1510067668772673,      1222857121181098
      317207938782054,      -602259460638561
     2111413858296692,       571107364021908
    -2787637169194764,     -2230813014106249
    31497215195133901,      6911077143575863
     5409135574545080,     -9923877050340800
   -29545661428811726,    -25626532699224331
   -17409733023526383,     -4459217974750700
   -12493657075601501,     -3626079189382007
   -12176972767520474,    -14461244003964614
     -965841884164720,     21296215974081838
   -23969649406682219,    -28970581593277350
   -16005124607831446,    -31202085321990358
   -21790497298678371,    -44097550247229867
    17829724517646380,     14029152707042044
   -11538856861567449,      1325692425864182
    13374056494515536,     11898715685359219
    -3336350288302688,     12278618345798578
   -17941790049390225,    -50023845346430894
     9747491717277911,    -12236028206755256
    -3305874962778427,       339479989926773
   -12064745297573452,    -18341463895013558
    15218227886609585,     23289044082287116
    10090379374175291,     -9882399397722647
     -243381174022013,    -46877510057204967
    -1924420222243872,    -15606955928103193
     4877290937869996,    -13082306295285083
   -19283908339240390,      7268560631652981
    11236178340638720,     14555778941293404
    14384830978883929,    -23393569482330224
   -23363547321136919,     42719014297634823
   -29180556060807611,     29214361665419972
   -41495020759104222,     15973353062922169
    -6198216336782458,    -12274955905072248
    22307090270421445,     61105069850373959
     2210829422096243,     16454995949641271
    -8761266448708976,     19296752727109790
    10528939917455866,     24190306065532391
    27505430645428566,     -3438064639694354
     8340647826761923,    -37574394033769988
     5615177237993734,    -41593128384070606
    32030821875862203,    -23545045098200615
    60207424508539456,    -16305134894396112
    26784709356749087,     15952957657988861
    15014943311162179,      2387013144102982
    -9368953903972156,     -2969029827736561
    -2066310871296088,     58857319667587289
    -7204698051150400,     35718778325089505
    -4484642638651751,     28092788054553069
    -1268850737715710,     -6266192856907483
    -7099134741515397,     -5187674154863568
     5180071792700424,      1662268516983716
    -6921484025294381,     11534371103934537
      332919380966879,    -24659907174939928
   -29880969688818249,     -2082935087972080
    -4818453888533060,     16134557553129492
    -7416985707232147,     -4006333176447295
    -4795342296042650,     -6457500729698453
    -2440430105472195,     -2720631918139205
     -639848314280635,     -2563672230533824
      341892034105709,     -5120606984297790
     1368902907954126,      9346826777005148
     2669288576922754,      8594924351219710
    -9550321391031975,     -1651640077155454
   -14474904877211514,    -15736372196837000
   -11517878387625315,     -3273926777808405
     5839321727949308,    -42927366133973973
   -41081559727005988,     10202596888778882
   -20623871830616624,      1292424097933818
   -18015929580009092,     13900454429633539
    10387390013707493,    -16271441381796844
   -10339790546762564,     -3488910261831577
   -22528527974534342,     -6290409205340468
    14809264395771812,     33371446115071180
    34825836470214992,      4448190278178668
    31073356850562659,     25279862711763826
     -810216166131500,     20820257808571117
    13136195359866353,     19986870879596858
   -38582609524462303,     -9859044851611078
   -14241160938061940,     -1038877480368359
     -140190689117290,     -4374116713141648
    -1198030725316615,      -364373776213509
    -1266770897016206,      -546366168253011
     -966769461375812,       156220583392043
     -256350908124880,       424595719924048
     -395081603244831,        26101664231884
      -22806348575702,      -117507013526952
       21633826815295,       123218159135892
       12232274451376,        21837523354966
        4577353973737,        22895343567186
       14898083484652,       -15747074929454
     -219813437998655,        94919978272732
      -92314097187954,       -52371393952068
      278832291164326,       432939200363093
      209374733469952,       318696347979261
      252949391159411,       270154116871914
       29125007791696,        82149107090683
      -21629980461411,          915266241104
      186926285692385,        89269086387742
       80983260166446,        19419297462020
       52702569425683,       -22209047881826
       -2270477634820,        -5119548644520
       -8507108680616,        -1244658354204
        6727765496904,         4936646532702
        7385502244634,         5813958477010
       -2181904294368,         3119779083016
       -9650200748601,        -1615578904108
         290983116127,          370512601107
         257825507499,          307799506688
        -161363914646,         -133424030028
       -1053094796090,          874544107294
         820742384198,         -313535489385
       -2178219351056,        -1635073941325
         118399978164,          174340563490
        7844750228339,        -1140023256328
       -2241402430710,         -514296908398
        2447451393292,        -2064038455574
        2773059771940,         -283543926170
        1545134944302,        -1941841890713
       -1343931074766,         1770264410171
       -5855254672660,         4407853287188
        4680679600273,       -12548125011903
       -1434545995793,        -5439623710480
       10938473504173,          606470450513
       -3032932571214,         5261241145763
         -53048837639,         8431127426250
        4452056596208,        -4334330738965
        6597997011123,        -4043823610806
        3690308044071,       -11688453461366
       -1406183606345,        -3880774873199
        1339126328572,        -5624943774848
        2611734265662,         -652927988720
       -3939047093469,         9070329186838
       -2800409970318,        -6498565147961
       -3772305432340,        -7408144790790
        1565421948994,        -2836983762725
        -659197047551,          310730265035
        2739191662221,         4762786855858
         166475033924,         2064561761284
       11347900010293,        -6090319971277
         997543760589,        -1471937802788
        1419933206186,        -1621640161314
         517431991081,        -3194173330153
        1336767383563,        -1724559396080
        2533869958166,        12166705135993
         387797436824,       -12341758273765
        2583930343692,       -11397387291794
         945643000776,          963962575309
        1964944206014,         1293594358823
       -1209443910434,        -1361773337842
      -10342729309840,        10019622734791
       16235466423861,        -6233805986894
      -57720972731143,        15218833883117
      -33202344181427,         8949653471944
      117941056547971,       -32853087798198
       70081262477679,       -20185422821065
       49577736452480,        11057406474893
       43387924500706,       -60316378412660
      394486766622287,      -239420136656994
    -2947008543207611,      1379547315769881
     4509929713991875,     -2457671689521648
     4417277356436895,     -2570974834764242
     4562385923785519,     -1305081528882951
      439109149719181,       108500870481277
      226712574486679,      -629959972093586
      781947868370492,      -236758132217331
     -309604695366090,        38159484214815
       42636665171236,      -188444046175178
     -157872257696627,      -156364178723857
      -73436286717818,      -139846961338376
       30724248803713,       -64089451848259
     -105972615566984,       -18411065294190
      -46137209394323,        21325242678348
      -10940623252700,         5832224110659
      -10821836160305,         9983140210458
         812228474852,          227976365389
         718004225451,        12861194259358
        2364610149523,       -13028279516293
        5332334677562,        -6262534592970
        4270435650289,         4268582202653
        -686509478341,         4454617674303
         319222164172,          540949132307
        -390112902461,          417765972840
        -186491696354,          579621105110
         -69839337242,         1000392150547
         -75519435976,         -851028156202
        2711041872248,         1225106392470
       -3300683518984,          908069746051
        -459393651323,         2407399755907
       -2336384136782,        -1753858017530
       -4750808125074,         2657982150284
        1981920993119,         2447842378004
        3381818862278,         1369340667036
         699340847061,         1152381411707
        -507206315338,         1096474853408
       -1179282791967,          134900661419
        -660738710300,          437512188054
        -237496466894,          -83434528552
        -577412248654,          206446660316
          12875985680,          125016044533
         852959354534,          334574585686
         129239872773,           52013475704
         149630938255,           62394198284
        -243954193016,         -169505626813
        -204647191258,         -129179861312
        -252995766181,           55659923352
        1196187559312,          -62845537816
         427269037210,           90478748131
        -566424791627,         -946894892046
        -143782367904,          123342676552
         920020931720,          120667435320
         166088278381,          134031531030
        -929623659719,          996093392824
         343736433563,          334997701218
       -2288815023131,          805915718109
        1179650015503,        -1511215877859
         637396387138,         -208360442098
         356077475373,         -454032890802
        1067777053335,         -216835621190
       -2168458129067,         -126130731426
       -1903887562029,         -238706254536
       -1967770427710,           60719328047
         595432370607,         -240579223011
         270228798237,         -455028507421
         363791231863,          546749534403
        -435805799133,          393530529429
         -11121357157,          277262710865
         143866847462,          227036269553
         362030752450,          700145478552
        -548041753706,        -5446492158970
        -761127194845,        -3052608469276
        1195325801308,          908353618212
       -2192905453841,        -9986100393576
       -3704527250939,         8755236022323
      -19204346784429,        -4202261533612
        3598611708754,       -14285020338339
        4172636086950,        -7987121724797
       -3325348304724,        -9519918885743
       -7587139395400,        -7989211056189
       -7104199721323,        -3150149594408
       -7973403280874,        -7493903582165
        -238162510630,         2392548552434
        9260022762911,         1337300932097
       10616424627053,         1845160392776
      -17241427306131,         2476319145500
       59213272448972,        59122326571431
       20980557830909,        84111837718285
       19760037805113,       -22902630607414
       43214097795899,       156935144713031
     -337513940878659,        85800143258086
      372439096978836,      -388205454210228
      405953232169312,       -35938005173449
      -32498710737969,       135899296657063
      -71081205465818,        13515229590732
     -127744884424664,         1974313719245
     -138298395408206,       -69763345577441
       46646541780445,       -23110699338561
       35622827528695,       326317297287728
     -303944763229273,     -1014955839218741
     -205833243025722,      -945338879043702
     -228461091609533,      -222528659750164
     -339300745190313,      -364647203551390
      204124973773586,        23736226944165
      404218969340443,       370208648446045
     -229376376418782,      -250645518990342
     -330041540594522,      -174979301350662
     -149563372179809,       142296220461826
      106351743252144,       184253570277771
      -40352948574850,      -348344482506355
     -151308193463321,      -128310379442225
       91006847580044,        67390333506202
      154950254794203,       107330112053484
     -320817009128618,      -233010270402206
     -238947180224580,      -179402022465156
     -365165301843697,      -270745049283574
     1105375605696850,       830238273668452
      721540302501071,       648062675912381
      483145562871747,       608001795017397
      304080083551412,       527746450756112
    -1963045898649960,     -1755516855020165
     3373626466970150,       711413355781844
     -843265898698658,      -303752115171231
     -716417771350534,       770943859949933
     2119675826095868,      -705357709401613
      596047374521071,      -681584032520231
      882646226787716,      -383153607207045
      724464945713674,       137061418147279
      548960914199167,       188411102462202
      782000002453499,       110319154222593
      -54687003333254,       -96182924462230
     -242438753909424,       355123293815451
       46295935654734,       -30451441472438
      100917930434420,        18630775436557
      -13857754991199,       -55317248941510
      143077634558046,      -196041687356942
      -97192225331433,       153611609665629
     -260625634051254,       -30302700138332
     -155689475656611,       254557713812948
    -1172024509235838,      -177389716627860
     2084682692605613,      -998209694222492
     -848619166932224,      1825821183538899
    -2403094046864465,      2267102287192942
    -6271917285571698,      2756929498770807
     9645091324335496,     -3383169439336157
     8733394322231612,     -2811015294374981
    -5842573910951565,     -6996701331668734
   -22405719249630626,     16741026065929192
      209399464076358,     -1440053327810845
     2789295937663510,     -8551927410841109
     -374304971637308,     -8018313079572074
   -19549407464329287,      6216118070635893
    24154114203389824,     -5105969762038622
    23971255739374168,     -3870521508713521
    19154920600030083,     -4783150546623184
    20734758108974361,     -4038551529887966
     3031995924952050,     -3041407816846111
     4328205973386891,      3217695922249617
     6131864152142043,    -17243550497962292
    10777810540528341,    -21624993925261645
    12641929821222966,       105596857349086
   -10945238737186230,    -15329646395516515
    -9470009023024550,    -23139316729570679
    17810816796428144,     -3455198708854085
    -3095890229950020,     -5503997608586081
    -6417736614813385,     -1677345007841306
     4601038997298230,      4974346312516118
     -348208629267925,     21536378943709720
     9529874580903610,    -51420303706560536
    -1529431191245174,    -36682727049314966
   -11620672315322405,        28929481552214
    -6066347435103966,    -13892543657150007
     5744297398527057,    -13752886276237625
    -6412236656209747,    -12671893782542309
    23020883698803457,       628195971555071
    -3161125533389801,    -10724622634955921
   -12557432694699282,     -4319671407344361
     1170940844492721,      4560919259406677
    -7673325273833622,      3455533011248715
    13728311650988605,     -4265815282630654
     1719425918403988,      4156916766134722
     9482753307411563,     -3680599038995602
    -2244191177963910,     -3102678937909993
     8151479807281041,     10113942969753260
     6037139569496714,    -16834629558175673
    -8727156451050651,    -15118400097268173
    -7101419892149141,     -6750971473767185
   -10747631312716132,      3223152753400332
     1625038744529825,      -700870933391664
    -2107177060968488,      2165275661170220
    -1000619955055061,       140208287470615
    -1132604570301261,      -532203912014595
     -242698306560751,       593381679971594
     -700333172279584,      -724029852523036
    -5963832397762397,      1519728812987119
    17513820608503276,     -3681974897862637
    11523049517911407,     -4202171254450398
     4303199320719898,     -2414343269509815
     -525332773102938,     -2901516773715862
    -2207194260050395,     -1642238293856807
      344251121526983,     -2283124636260256
     -254736613809864,      1379868473311287
     -215701669439205,       778003646217491
      365858234190543,       238417107911940
      183512749408446,       -24615942813989
      153645119352378,       -26662486553571
      132414963732770,       -22394177334142
     -165846816669620,        31956907750863
     -170115107373183,        43005009683012
     -141848785566702,       -62818766155119
     -155545347683943,         2733508627104
     -107210565536263,       124559669995003
     -180777211999497,      -239194170023803
      540260494563569,       804730187181509
     -320597361690376,       548190517216747
     -584235396640437,     -2551576044371505
     -256747710370597,      -696263726362960
     -904807598222277,     -1207226580515904
     -913268251671135,      -411725990181003
    -1030022386757907,      -329619026466384
    -1345501688454719,       -56581765366847
    -1148126489644411,       157113928663372
     1905269859960009,      2253293542842829
    -2811711873181234,     -1150409037849871
    -2150171536225503,        92769403079811
     -926809592426220,      -586850267759152
     1857956483529878,         8319394418000
     -439251309850375,      -682017945793598
      510456112762468,      -343482229555462
    -2183672622009825,      3349568609444342
      497296881132182,      -927687429174620
      511945797838275,      -970782313498883
     -409390422035827,       340993646849064
    -2792796079168425,     -4555777687139917
    -3023314244585330,     -4535726527368214
     2473633966450496,      -105424114543557
    -6345684168333766,      2448074196004490
   -55522032717296267,     -7375871217298796
   -19415506228874804,      4986412063466440
    -8126274941081973,    -18015402859819400
    25953105141704330,     29328829097840247
    -9466869177703846,     15358398911857719
   -22933410370517251,    -10913848013134004
    -8353253606165979,    -17167943315201882
    -2649427800564012,     -3047734737628207
    14257150951315242,     18516648715429409
      571565255126212,      3223483030321720
   -11197230054353784,    -20357701740793522
     3294134024580653,    -13327580968763619
    -5458562192350352,     -7228678799953936
    -8514719090950292,    -12585167896839471
   -10361371052537560,    -11244056487406725
   -14251439385397506,     -1130462765239530
     6067201199884518,     14858470899929521
   -36479105611544346,    -23595487992655439
   -13528599081133377,     -6461610533317069
   -16318805088833164,     -8776361897714975
    -2271725337078690,     -8479223900669823
    -2927768943386236,     -2113883842201945
    -3435527864662367,     -4264620679331467
    -1024311821277445,      1238330216173841
    -4169645081419183,     -3959945970743658
    -1772728991975855,       729860305638423
     2148540083193759,      2865742117629287
      548598763067025,       950218624149053
      476148964496699,      1055013541151381
      193079525891320,        -6865384197422
      848674035521648,      1521735424141214
        4006857100802,       442201961885925
      281781819884603,       -35873512058517
      -43163518227379,        45437996539238
      158036075538125,      -105283967342535
      -78481888571393,         2974829891457
       16325246425412,      -268811451867787
      -34539606739448,       -69492715321064
      -20285050628716,       -59453913474178
      -20461308526417,       -50561643690792
      -45179851227605,        12386496242040
      -22892438890851,       -31203719565642
      -49154940746270,       -19090306737818
       47763353786193,        28818140202558
      -85396603056684,       -39794958465947
       74931910503543,       104215540155518
       43985720119940,        27367214494161
       65218141742708,        33710827119081
       -7713029118096,        -4651961919089
        -180120586946,       -45127764294221
      -13543939908475,       -17306822170344
       59139693777103,       -20022450841260
      -88609975410058,         9961162166027
      229946673199366,       -51827079793759
     -770688716820738,      -368637851074907
     -311671787557466,      -273228390800677
       90756452598795,      -259677325402459
       13249101772330,      -311394642883390
      154381879187344,      -194337562961469
      -26474737609876,      -119807682138802
       97123034271778,        82310440798670
     -247836005846977,      -286206199288448
     -319389012627920,      -274635159593934
      133621654774341,       -84381148057028
     -230951810078770,       174678268313751
     -355152878515688,       -58670975071702
     4164266661481709,      -504487121473669
     -529188388987770,      -613675215986929
   -10447428781515359,     -2554963871663785
    10999419417259622,      -200837852089837
    -9623304049204519,      7054349869486352
     8098463936611877,    -17019120579007648
    11745110848002146,    -10937384706087399
     1419107626902390,     -2974795227702660
    -5165187073740262,      2602734441461618
     -991823034503848,      4687047729224501
     4801400819272717,      3841187210924733
    -7041683202303325,       779193821254127
    -4409966373581339,     -6502307920655852
    -2390620753132278,    -25984145251674201
     1837849032708802,     28393353880964492
    -8224558102202459,     20272791675269415
   -15959363256752044,     -2884921949660556
   -39976648879179795,     16549558282427707
     5111497117775270,     12201534903530231
    17535807638405782,      7507378323320512
    71724124797321814,    -68694959886967040
    54508043473936725,    -27912597373082625
    44202145488834341,    -22843232833057016
    30760876281337208,    -10727360935648044
    25750337472094075,    -11777212045079625
     9550670337100358,     27794360131932881
    43277253373700821,       135731984810465
     6644454116979780,    -34704968882679158
     1476600574220870,    -17205816003533617
     -553935699356218,    -15170715053175592
     -693489573263741,     -1918150344133538
     -300271676032526,     -1683884831137149
     -354480122821515,      1667377989020480
      655632791461179,       998173724564664
     1116958207514865,     -1935763205791316
     8917794933987693,     11680257604224909
      437761306826142,      4573562430559814
    11500886947690767,      1781531506946029
    -1814883701866858,     -1031331950311826
    -2722537877816956,     -2104114699638375
      502630990481835,       423896505346645
     1430425734700588,     -4886282315524352
      612957675744111,     -3384911340922965
     -618184401276173,     -4619111240049382
    -3126121535421144,         9727440909353
    -1494200883114226,      -502316417771596
    -2524105795395462,      -533393169654424
    12550068933952347,       109299578004736
   -16511203688364032,     -3282976379425925
    20677933748920145,    -28167095195869922
     2410684830118606,     -6488094105352455
   -15956296461496973,       928003094955660
    -5823134203303148,     -2997617954987907
    -3972244160049669,      -265767166119457
    -2882465549847714,      -932435565526983
     1572983128634140,       208769135206496
      916858790740509,       779910370936123
      194462422431393,      -947550647700594
       77580793334394,     -1199284897586271
      359005511228994,      -262813759333892
     -720419423964568,        37342178934982
     -193459684221065,       -49891605750835
      -16088969891991,      -120910252707996
      -88657610175218,        55792907982110
      -89885807325384,        18623213229250
      -83417387265198,       123678749742191
      274119507359405,       -82791499111283
     -306708925652804,        86948047587731
     -221058352507186,        84069401413358
       65670254024587,       -17811632858739
       32026599507910,      -400956205252761
      -77335434876723,        31645251249836
      330775676139124,       371648270097924
     -395729241081793,      -212009183922603
     -457550995636474,      -211683709358657
     -206708967593906,       -40556655074815
     -142278807250637,      -111413395312229
        -794488370761,        63558504272574
      -49479325330057,        20169719154388
        3585149499496,       -15370876538605
       17598511457764,       -27176261260583
      -62171039511418,        -9162366013791
      -60859479220468,        29793179947729
       -4555165741528,       -36240176752028
      -47027442313427,         8062780907955
       29014616196304,       -12536216240220
     -448124010766805,         -835178081425
     3266538919993647,     -1114662622678909
     -156213211120731,       361530984237679
   -14583107453772425,      5955725613740225
    38204470132494111,     12926528183774473
    29191358851089582,      3995096284975971
    34933176318849189,     -5161699239406752
    16284968533962051,     -9932079936172434
     6569368139188131,     17534691216393465
   -25322713029909597,    -50482944883733031
   -35149565014912744,    -56792915672529316
   -40093691505293545,    -18349474533058395
   -34459546280347412,    -56216139481098684
   -21975528353810952,    -49046220935817728
   -20288683280031577,    -73128666448039076
   -15824608271092908,    -23320086810951985
   -48060543140024725,     -1964157215118938
   -18543449045839547,       -17422368488784
   -10348936195229653,      -671995925119769
   -18373122438862774,     -4209946789852969
    19509183959270982,     10331901131220390
    16236236123798917,      9386351655154992
     4343847745609353,      3819297037755735
     2661572663011788,    -14124333926109522
   -10028874485948247,     -8985439079998471
     4909282483196900,     59998315214719234
     5288404825569429,     41897348497960482
    -9166292231790426,     22718181409598113
   -11212468388621658,    -10373388067778783
    -1722377754197648,     -4236508819470261
    -5117944213000557,     -1549763343791911
   -14861013668297904,    -33971754988200988
     1407623430448574,    -11985033081060882
    -3754245582420905,     -4614447220646166
    -1224523292244123,     -4260559359304493
     2425935585647216,      1691938771474475
     1202487946954592,      -321588314270050
    -1944265714802711,       811289751817144
    -8003493893931248,     -4828281771485330
     3733492654962275,     -5061633554985993
   -52994381712255814,    -22585564420070693
   -30180211544160177,    -34945032569582089
    -8578607752976608,    -30390788197054305
   -17067988747219192,    -24135821007659318
    -2726590282293722,     -3152624375123418
     6601777192352814,     -3709786696813702
   -17010093107719411,    -21640759076185089
   -20640087846412925,     -7624543747720980
   -13733126263481628,     15186191017776566
    23800189111425049,     10481208446435401
   -27282937600379122,    -40039312328847729
     -485147422161371,    -35244814865267008
   -21090821957821506,    -20551451433779300
   -58021070180354353,     18072982745795521
   -56180631462960763,      3125249131824006
   -55752566451621394,      6555879453450436
   -22203670059806838,      -516331490398375
   -15006782340460662,      6821671674425177
   -10720797898850057,    -10782301097981450
     5413954494012168,    -18825071668928054
    27458084134259056,    -25439907828984347
   -28388558199893270,    -16576798666160041
    -6904488473308132,     -5451829801105682
    13564597329803113,      9678695858741315
      420525332077605,     -5366184103121208
    -4361851062691173,     -4668173153468622
     2025246320005437,     -1244513838629982
    -1576412619401919,      1923158573057222
     -440134578272159,       -98770809616557
     -748855072161597,      -696773546785910
      215049214526448,        97853253054189
       12293560427920,       113664914145612
      134267292900512,        16698584699103
       44032221737812,       -20825276946328
        1950680866185,       -20944141778348
       36929044005257,        10572589931073
       30390452288877,        -4845209113243
       23092506458175,         1420020038933
       24449030342052,        -8075703507797
       -8152448685369,        -1202059253894
       14415443137459,         2979523573157
      -26203525618015,       -19094594421139
      -33594219227733,       -23472490238738
      -16011518357283,        -4067333353139
      -32687185145533,        39254243906580
      -30146141106228,         1448795269655
      -10675335810326,        22265452352601
      -15081164667222,        20423133649406
       15807454301331,       -33507496500518
        5798955301108,        24601416255814
      -11717242752941,       -32030371452088
       14541929871552,        71677337680193
       43049448443971,       -19282446308616
      -58949602206818,        60574247870608
      -66731238371047,        27873090301189
       40405799052412,       -37790372211799
       53697476730108,       -19074590817169
      -15827925312436,       -42825876257832
      -72995260664266,       -37474187886785
       82927059607568,        33279192676633
      263428978398510,       517627907031256
    -1365258401794366,     -2731174511036518
     -233926425174773,     -1452250925430978
    -3379799460854991,       890940219422533
      -81523193796834,       341109426096770
     1210192310935408,      1506878507240419
     -965791396906916,       419209824417464
      995418596541591,     -5790344747171696
     -178511364959462,      6165050193623393
    -2710414824896984,      4148142764550056
     6780004981072219,    -16070912271249275
    31698643452666730,     57230033058945615
    19911991701019112,     43979290689550049
    24283733264144529,     26695013535766914
     5797609906608273,      1717579686271362
    -4372142536708743,      -755725668595258
     1170500433193215,       736078910305179
      108941510185468,      -194922416891426
      316691582211858,       -53246194486139
      -51487389431309,         6616089881563
      -20641582541705,      -169258876468015
       -5065576477324,         1787607678811
      -19373727708716,       -14225237250356
      -19132812101143,         3307359222277
        5400923602216,        16877207313502
        6354099445899,        -1512390511285
        8320032597253,        -3325147110603
       13557187082673,         4474878199453
      -14347507401679,        -2830860437130
      -13010404065253,        31691940296511
        2619447017457,       -17322130116145
        8624424456223,       -16337183474816
       17449543945268,        -6757216438897
       23375243664565,        -2760724612047
      -16616981406856,        -1029939335170
      -12500827904635,         2349223004910
       -4900105669530,         6940339600456
      -34159684111229,       -14116541449864
       50392891328916,        14011052033335
       44410560866845,         9619077564758
        4107827036015,        16103621826343
       72113158115490,       -25406763834530
      -15065977189246,         5068872823995
      -14083242223314,         4599376003537
       -8765951945883,         3749070762252
        7390777154137,        -6364322255267
       -8105788781000,         1064714857513
       -8746328770725,          576720054008
       -7440328953483,         1610441605623
      -10729826677793,        13790602476173
      -13000282949832,       -28885880753439
       19359074497833,        39807940309603
       19112843656388,        42675738233313
       -6141265348504,         3292731411668
      105277128275878,        11208532690351
        5307326783711,         4996690574754
       69184318197362,       -84593612200916
      -23400819443569,       -10817704069418
      116799041450992,      -196351298719480
       14362722310594,       -10508361211376
       34808869530508,       -14034257993868
       -4113523595012,        35662493526983
       20482642020900,        36017992459232
       50708802470441,        18153051225687
      -48308617200719,        40697277235790
       89435202671226,       -66663725743281
       19871477755756,       -31838492610899
       20496684309732,       -15593946892751
       23602792348723,       -15821525990129
       13565851720177,        -5990969393284
        5587683446683,       -10045886849097
        3463288023775,        -7736467424887
          -1935386448,        -5495129538406
         355641226800,        -2301322978666
         570786356845,        -2184576427486
        1680741846850,        -2372296024053
        -931329902729,          377607550465
         261698901922,          630102731956
         -99858954430,           80935441269
        -172465556920,          644686487927
         179889287399,        -1042239494811
         189559102050,         -412068544946
       -6145950117757,         1611299708257
       23712576662808,         1920369671397
        7106682104087,         2499327854748
        7600821533318,         1653448054091
        6797292279430,         4862247034175
        -573122232469,          204527093333
       -1025600464756,         -546563626268
        1270237459824,          120116383601
        2433742788129,        -1365105269431
       -7372686217955,          878015752099
        1920382840067,         -107975449144
      -51234657517186,        11809773682247
       40096600354812,       -17612579797921
       31342500091126,        93195405535195
       29332719731770,        46755183798682
     -198259594410112,        -6712091271955
      -39968290393368,      -108720719218127
       43223471525226,      -127034020689941
      -45605347230823,      -287679920506294
     -250574813457908,       242246482503209
     -299993678604212,        84624952567097
     -447220471426088,      -165326626798280
      655390702914104,        52180855159831
      258043442859227,       276508124581785
      778998564905369,       105841804388911
     -998542473386539,       718334179094904
     -704575504382776,       940110478709927
      625827976115303,       337573546315353
      932334036623581,      -350136355653393
    -1042094976297783,      -789037286642451
      687692441698965,      2051014568125531
     -934346499049881,      1889897709234382
     -245186363277150,     -8287510666047789
     4522682664916692,       635512677769041
    -8701917406264872,     -9369515694741148
     2441422217179504,      7372041858329702
     5464779604367304,     -2245098199874046
   -60718362717075096,     59422351530514434
   -33594419905065716,     34001038759376405
   -20108002438772162,     58410679554871968
     3336520080606672,     33678135764750074
   -35283592703039281,     12439316170319201
    -9318352790673457,      5948007014416289
     8651276325536079,     -8653044504988651
      133272787066795,      8008941960669779
    -5516838912938535,    -11356375288715459
    -4604188275711131,     -1584643818260205
     2310559180553732,    -13963161249113592
   -20165794963778947,    -15656585517837180
    59776104899154556,     11649253182035075
    37057033321536575,      5427315563465512
    32149507628181350,      2109677500779377
    -4313790158798374,    -11143610492107801
     6104301606447466,     -7239998728110284
      785547866573524,      5074712934880533
     5720029728650478,    -18983183239609468
   -33981079670849887,     31823195852639501
   -18093893225034030,     25507514097101859
   -14218387104835705,     17016323010401895
    -1494940024493527,     12112926025075583
     9717150651690623,    -37304072404717776
    -1995428472049321,     -9645446245810488
    -9881541883870816,     -3553312212554270
    -4138466331975035,      5907401906297746
    -5224204858064278,      2897379699280209
    12667725096966826,      5595970913014009
   -36691204253074857,     -7653614176294817
   -25708716451738956,     -5486537728155435
   -12431581005922179,      3796623115450752
     6125812774159584,    -21059457559789744
     9653695545916751,     18029517709617919
