-7,-14
-7,-14
-5,-15
-4,-15
-3,-15
-3,-17
-4,-16
-4,-16
-3,-15
-1,-15
0,-15
-1,-15
-2,-16
-1,-15
1,-15
2,-17
2,-15
3,-15
3,-14
3,-16
3,-16
2,-16
4,-16
5,-15
6,-14
5,-14
5,-14
7,-13
8,-14
8,-14
9,-14
9,-15
8,-15
8,-14
10,-12
11,-11
12,-10
12,-10
12,-10
13,-11
13,-10
13,-11
13,-9
15,-9
14,-9
15,-9
16,-8
15,-8
14,-8
13,-6
14,-5
16,-5
15,-5
15,-4
14,-4
15,-4
15,-4
15,-3
15,-1
17,-1
16,-2
16,-2
15,-1
15,0
16,1
16,1
15,1
16,2
17,4
15,5
14,4
14,4
15,4
15,7
14,6
14,5
14,7
13,8
13,9
14,9
15,8
14,10
13,10
12,9
12,10
12,11
12,10
11,11
10,12
10,12
10,11
9,12
9,12
10,14
10,14
9,14
7,13
7,13
8,14
7,15
5,15
4,14
4,14
4,15
4,16
4,16
4,17
3,15
2,14
1,16
1,17
1,17
1,17
0,16
1,15
0,15
-2,15
-3,15
-3,16
-3,16
-4,15
-5,15
-4,15
-5,14
-6,15
-7,15
-8,16
-6,15
-6,14
-7,14
-9,13
-9,13
-9,13
-9,13
-9,13
-9,12
-9,12
-9,11
-11,10
-12,10
-11,9
-12,10
-13,8
-11,9
-12,9
-14,8
-15,9
-15,8
-15,8
-14,6
-15,6
-16,5
-15,5
-16,4
-15,3
-15,3
-16,3
-17,3
-15,1
-16,2
-16,2
-16,1
-15,1
-14,0
-15,0
-15,-2
-15,-2
-17,-2
-15,-3
-15,-4
-15,-5
-15,-4
-15,-4
-16,-5
-17,-6
-16,-7
-15,-7
-14,-9
-13,-9
-13,-9
-12,-9
-13,-9
-13,-8
-11,-10
-11,-11
-12,-10
-12,-12
-12,-12
-11,-12
-11,-12
-10,-11
-9,-11
-10,-12
-8,-14
-9,-14
-9,-14
-8,-14
-7,-15
-7,-16
-7,-14
-5,-14
-4,-14
-5,-14
-5,-15
-4,-16
-2,-15
-2,-15
-2,-14
0,-15
0,-16
-1,-15
0,-14
0,-15
2,-15
1,-16
1,-15
2,-16
3,-16
2,-16
3,-15
4,-14
4,-13
6,-14
6,-15
6,-16
5,-14
6,-14
7,-14
8,-15
9,-15
8,-15
10,-13
10,-13
10,-12
10,-12
10,-12
11,-11
11,-11
10,-11
11,-11
13,-10
13,-10
14,-10
13,-9
13,-8
14,-7
14,-8
15,-6
15,-6
15,-5
17,-5
16,-6
15,-4
15,-2
16,-4
14,-4
15,-3
15,-3
16,-2
18,-3
17,-1
16,1
16,1
17,1
16,1
14,0
16,2
17,3
17,2
15,3
15,4
14,5
15,6
15,6
16,6
15,6
14,7
14,7
14,8
14,8
13,9
13,10
13,10
11,10
12,10
11,10
11,11
10,11
9,10
9,10
10,12
10,13
10,14
10,13
8,12
7,13
7,13
8,15
8,15
7,13
6,15
5,15
3,15
4,15
4,16
3,16
4,16
3,17
4,17
2,16
1,15
2,16
1,15
-1,15
-1,15
-2,16
-2,15
-3,15
-3,16
-3,15
-4,15
-4,15
-4,16
-5,15
-6,15
-6,14
-7,13
-7,12
-7,14
-7,14
-8,13
-9,13
-10,14
-10,13
-9,12
-9,11
-10,10
-10,11
-10,11
-10,11
-13,9
-13,9
-13,9
-14,8
-13,8
-11,7
-14,8
-15,9
-15,8
-14,6
-14,5
-14,5
-15,5
-14,5
-14,3
-15,3
-15,3
-15,3
-15,2
-16,2
-15,0
-16,0
-16,-1
-16,-1
-15,0
-14,-1
-15,-3
-14,-3
-14,-4
-14,-3
-15,-4
-15,-4
-14,-5
-13,-5
-13,-5
-13,-6
-15,-8
-13,-8
-13,-8
-13,-9
-12,-9
-13,-8
-13,-8
-12,-9
-11,-10
-11,-10
-12,-10
-11,-11
-9,-12
-9,-12
-10,-13
-10,-14
-9,-13
-9,-12
-8,-14
-9,-15
-9,-14
-8,-13
-6,-13
-6,-15
-6,-15
-5,-15
-5,-14
-5,-15
-4,-16
-3,-15
-4,-15
-4,-16
-2,-16
0,-17
0,-16
0,-15
1,-16
1,-17
1,-16
2,-17
3,-16
4,-15
3,-15
3,-15
4,-15
5,-15
4,-15
3,-16
5,-14
7,-14
7,-15
6,-14
7,-14
9,-13
9,-13
8,-11
9,-12
9,-12
10,-12
11,-12
11,-12
11,-12
11,-10
12,-8
13,-9
13,-9
13,-8
14,-9
12,-8
13,-7
15,-5
14,-5
13,-6
13,-8
15,-7
15,-5
15,-5
14,-4
15,-5
16,-3
15,-4
14,-3
15,-2
15,-2
16,-2
15,1
16,1
17,1
16,1
16,2
16,4
15,4
13,3
15,3
15,4
15,4
16,4
15,5
14,6
15,7
15,7
14,6
14,8
13,8
12,7
13,9
11,11
11,11
10,10
11,11
11,12
11,13
11,13
11,12
10,13
9,12
8,12
8,12
10,13
9,14
8,14
8,13
8,14
7,15
6,15
6,16
5,15
3,14
3,14
3,15
3,16
3,15
2,15
1,16
1,15
0,15
0,16
0,16
-1,15
-1,16
-1,15
-2,16
-1,15
-2,16
-5,15
-6,15
-4,16
-5,15
-6,14
-6,13
-6,14
-6,13
-7,15
-8,15
-8,14
-8,14
-10,12
-10,12
-9,11
-10,10
-10,11
-11,11
-13,10
-13,10
-13,11
-13,11
-12,9
-12,10
-13,9
-14,8
-14,8
-15,6
-15,6
-14,6
-15,5
-15,4
-17,4
-16,4
-14,3
-12,3
-13,3
-14,4
-14,2
-15,1
-15,1
-16,1
-16,1
-16,0
-15,-1
-15,-1
-17,-3
-17,-2
-16,-4
-15,-5
-16,-5
-16,-4
-16,-5
-15,-6
-13,-6
-12,-5
-14,-7
-14,-9
-14,-9
-14,-8
-13,-7
-13,-9
-13,-10
-12,-11
-12,-10
-11,-10
-12,-11
-10,-11
-10,-11
-10,-11
-12,-12
-11,-13
-10,-13
-9,-14
-9,-15
-8,-13
-8,-13
-7,-14
-6,-15
-7,-14
-6,-14
-6,-15
-6,-15
-5,-15
-4,-16
-3,-15
-4,-16
-4,-16
-3,-15
-2,-15
-1,-16
0,-16
-1,-16
1,-17
3,-17
2,-16
2,-16
2,-16
4,-17
4,-15
4,-15
4,-15
4,-14
6,-16
7,-17
7,-15
7,-14
7,-13
7,-13
8,-13
9,-13
11,-13
10,-13
10,-12
10,-12
11,-12
11,-12
10,-10
10,-10
11,-10
12,-9
13,-9
12,-9
13,-8
13,-9
13,-9
13,-8
15,-7
14,-7
14,-6
15,-5
15,-6
13,-6
15,-5
15,-3
15,-5
15,-4
16,-2
16,-2
16,-2
16,-1
16,-1
16,0
16,1
15,2
15,1
15,1
16,2
16,3
15,4
15,3
16,4
15,5
16,5
15,5
14,6
14,6
15,7
15,7
14,9
14,10
12,9
13,10
13,10
12,10
12,12
12,11
12,11
13,11
11,13
11,14
10,13
9,13
8,12
8,13
6,13
7,14
7,14
6,13
6,15
6,16
5,14
5,14
5,14
4,15
3,15
3,15
2,16
0,16
2,15
2,15
1,17
0,17
1,16
0,15
-1,15
-2,16
-2,15
-3,14
-4,15
-4,15
-4,14
-4,16
-5,14
-5,13
-8,14
-8,13
-7,13
-7,14
-7,14
-10,13
-10,13
-10,14
-9,13
-10,11
-10,11
-11,12
-13,11
-13,12
-13,12
-12,10
-12,9
-13,8
-13,8
-13,8
-14,9
-13,8
-14,8
-13,8
-13,7
-13,5
-14,5
-14,6
-15,4
-16,3
-14,4
-16,3
-15,4
-15,3
-16,2
-15,1
-14,0
-16,0
-17,-1
-18,-2
-16,-2
-16,-2
-15,-3
-15,-4
-16,-5
-17,-6
-16,-6
-15,-5
-14,-5
-15,-5
-14,-7
-13,-8
-14,-8
-14,-9
-14,-8
-13,-8
-12,-9
-12,-9
-13,-10
-13,-10
-12,-9
-11,-10
-11,-11
-10,-11
-9,-12
-8,-12
-10,-12
-10,-12
-9,-13
-7,-12
-8,-12
-8,-13
-7,-15
-7,-14
-7,-15
-6,-16
-5,-15
-6,-14
-4,-14
-2,-15
-2,-16
-4,-17
-3,-16
-1,-16
0,-16
-1,-14
-1,-15
-1,-15
1,-15
2,-15
3,-15
2,-15
3,-15
4,-15
5,-14
4,-14
4,-16
5,-17
6,-15
7,-14
8,-13
8,-14
9,-14
8,-15
8,-14
8,-14
8,-13
9,-13
10,-12
10,-12
10,-12
10,-12
11,-12
11,-12
11,-10
13,-10
13,-11
11,-10
12,-9
13,-8
13,-7
15,-7
15,-6
15,-7
15,-7
15,-7
14,-7
15,-6
15,-4
16,-3
16,-2
16,-1
16,-3
16,-3
16,-1
16,-2
15,-2
14,0
16,1
17,1
15,2
15,2
15,3
15,4
13,4
13,5
14,4
14,4
14,4
16,5
15,4
15,6
13,7
12,7
14,9
14,8
13,9
12,10
12,9
12,10
13,10
12,11
12,11
10,11
10,13
11,13
10,14
10,13
9,12
7,13
8,14
8,14
7,16
6,15
6,14
6,15
6,14
5,14
5,15
4,15
2,15
3,16
2,15
2,16
1,16
0,16
-1,16
0,16
1,14
0,14
-1,14
-2,15
-2,16
-2,16
-4,16
-4,16
-3,15
-4,16
-4,16
-5,15
-5,16
-5,16
-7,14
-7,14
-8,13
-9,12
-9,12
-10,12
-10,13
-10,12
-10,12
-10,11
-11,10
-11,11
-12,11
-13,11
-14,10
-13,10
-14,8
-13,8
-13,7
-15,7
-16,7
-15,7
-15,5
-14,4
-14,5
-15,5
-15,5
-16,4
-14,2
-14,3
-15,2
-16,1
-15,3
-15,3
-14,1
-13,0
-13,0
-14,-1
-12,0
-12,-3
-12,-5
-11,-6
-10,-6
-10,-4
-12,-1
-14,1
-11,-1
-7,-3
-7,-5
-6,-7
-6,-7
-5,-7
-5,-5
-8,-3
-13,-2
-16,-5
-14,-3
-14,-4
-17,-10
-17,-10
-14,-6
-13,-4
-13,-4
-13,-5
-12,-4
-13,-5
-14,-7
-11,-6
-10,-5
-11,-6
-15,-12
-16,-14
-14,-18
-11,-20
-6,-23
-3,-25
-6,-25
-5,-25
0,-24
4,-22
8,-16
9,-17
9,-21
8,-22
9,-21
10,-20
7,-22
2,-25
2,-26
0,-26
4,-26
9,-24
12,-23
14,-22
14,-21
12,-22
14,-18
16,-11
15,-7
15,-6
13,-4
15,-5
18,-15
11,-22
1,-21
0,-20
1,-20
4,-21
2,-21
-1,-16
-1,-16
-2,-11
2,-15
12,-21
24,-12
26,-3
18,2
9,4
9,5
12,8
14,8
10,7
5,1
8,-13
18,-19
17,-20
13,-19
13,-19
13,-17
18,-17
21,-15
27,-11
27,-1
18,11
10,13
10,14
10,16
6,14
2,12
4,13
5,15
2,12
2,1
12,-8
26,-6
30,-1
27,-5
22,-10
24,-7
26,-7
25,-7
24,-5
26,5
19,20
10,27
11,28
13,28
12,29
10,29
10,30
14,30
15,29
3,23
-3,6
2,-3
-1,-3
7,-5
11,-7
13,-4
13,-5
7,-7
4,-7
8,-5
17,-1
22,5
16,-1
14,-3
16,-2
17,-2
18,-1
17,2
22,13
18,27
1,34
-6,36
2,37
-5,36
-7,37
-5,39
-5,38
4,36
16,19
15,4
14,20
9,32
14,27
16,18
16,9
15,7
7,-4
0,-10
1,-10
7,-2
12,19
10,30
13,22
15,12
16,8
13,3
15,7
14,18
9,26
-1,32
-16,34
-20,35
-20,33
-27,31
-26,33
-26,34
-25,34
-18,33
-6,32
-16,28
-37,12
-42,-1
-39,-7
-42,3
-43,9
-45,1
-46,4
-45,3
-44,-6
-43,-6
-30,-18
-7,-29
3,-25
10,-13
14,-2
14,4
7,17
8,18
14,8
13,8
10,16
9,18
3,24
-7,27
-2,24
10,15
14,11
12,12
2,21
-1,24
-7,25
0,22
11,14
16,8
21,-3
23,-7
22,1
18,7
21,-5
24,-10
25,-5
25,-10
27,-13
28,-15
28,-8
29,-7
31,-13
28,-26
23,-39
20,-42
24,-37
31,-28
32,-12
32,-1
32,-5
34,-22
30,-36
12,-48
-6,-53
6,-51
22,-48
21,-51
23,-49
30,-43
30,-43
30,-44
18,-52
5,-56
-1,-57
10,-55
11,-55
-4,-56
-4,-57
-10,-54
-15,-52
-3,-56
13,-56
20,-54
7,-57
15,-55
25,-54
20,-53
0,-54
-6,-55
-5,-54
-12,-51
-11,-51
-20,-36
-33,-10
-34,-5
-34,-6
-33,-11
-30,-22
-31,-22
-32,-15
-32,-12
-32,-3
-30,-14
-29,-8
-21,22
-21,25
-28,14
-31,0
-32,4
-29,13
-29,14
-20,27
-1,42
17,46
39,41
55,28
61,16
48,31
15,43
-6,43
17,46
22,47
-6,46
-1,52
14,55
5,52
12,52
24,53
18,53
12,56
12,56
-4,50
-26,35
-27,36
-11,53
5,59
26,58
51,35
58,22
45,44
21,58
-2,60
-9,59
-8,60
-7,61
13,60
46,44
52,40
43,51
45,51
50,45
44,53
49,46
56,30
59,22
55,17
43,44
30,59
1,64
-3,65
5,67
11,67
11,68
-7,67
-16,67
-16,65
-22,62
-13,68
-10,70
-8,69
-5,69
20,62
42,46
46,38
48,32
49,18
40,35
29,56
36,51
34,51
37,46
35,47
32,49
35,39
43,6
44,9
43,27
41,21
33,-14
20,-32
24,-30
25,-31
20,-34
11,-37
11,-37
15,-35
31,-19
39,-3
41,9
41,6
33,-12
-4,-36
-41,-37
-46,-37
-46,-40
-53,-34
-62,-23
-60,-22
-34,-40
-16,-49
-18,-45
14,-33
25,-33
14,-43
-2,-51
-3,-51
6,-47
13,-46
-11,-54
-27,-54
-11,-50
22,-24
36,1
36,-10
33,-25
27,-38
24,-42
14,-51
13,-53
15,-52
23,-42
35,-17
35,-24
37,-24
32,-33
26,-46
30,-40
38,-23
40,-23
40,-13
32,10
-1,36
-31,38
-26,40
-1,40
25,28
40,10
34,19
27,25
38,8
43,-14
38,-2
25,26
14,34
-15,32
-43,21
-49,15
-53,6
-49,14
-51,8
-51,-20
-45,-45
-40,-53
-39,-54
-36,-55
-43,-49
-38,-52
-38,-54
-36,-53
-44,-40
-40,-45
-34,-52
-40,-45
-36,-49
-35,-50
-46,-24
-46,3
-41,11
-38,16
-35,18
-40,11
-44,1
-45,-5
-43,1
-30,17
-20,27
-31,21
-21,31
-6,38
4,41
15,40
27,39
37,35
51,22
53,21
30,32
-10,31
-33,8
-39,-1
-33,14
-33,14
-36,6
-37,-2
-36,4
-33,17
-33,1
-27,-29
-31,-26
-36,-8
-35,6
-31,21
-21,36
-9,45
-8,43
6,48
6,49
-15,37
-30,23
-29,28
-20,39
-19,40
-29,25
-35,11
-34,-1
-25,-26
-28,-22
-34,-4
-35,-1
-37,-4
-38,0
-37,-1
-36,1
-36,-3
-32,-8
-14,-30
15,-39
41,-32
44,-31
37,-35
37,-33
44,-27
53,-17
55,-17
46,-24
51,-14
61,4
56,-3
32,-29
11,-38
-12,-30
-36,-5
-41,24
-33,46
-20,60
-13,64
-12,65
-20,60
-35,47
-45,35
-46,31
-42,39
-24,53
1,66
2,67
-3,67
18,62
36,48
21,59
22,59
40,44
30,54
11,64
21,57
44,35
48,28
42,36
24,55
16,60
35,45
37,45
40,26
34,-11
20,-30
22,-29
21,-30
13,-34
18,-31
29,-13
33,27
21,52
2,60
-26,59
-35,57
-42,52
-43,51
-20,57
-8,60
-33,50
-57,34
-54,41
-49,43
-52,38
-27,54
-1,58
10,51
-14,50
-39,49
-38,48
-54,32
-58,27
-58,-5
-52,-31
-54,-29
-50,-36
-50,-33
-26,-44
-23,-49
-34,-46
-31,-48
-47,-42
-53,-38
-55,-35
-59,-29
-52,-39
-31,-49
-5,-52
11,-48
27,-29
35,-2
36,-3
36,-22
34,-26
31,-32
35,-24
33,-29
34,-28
38,-21
38,-5
35,12
36,8
37,-19
36,-32
39,-22
40,-3
42,-1
43,-5
41,-9
38,-3
38,7
35,9
22,25
25,24
31,20
32,20
31,21
23,28
34,14
40,-23
30,-53
12,-62
3,-67
3,-68
-22,-58
-48,-27
-51,-6
-48,5
-44,14
-44,12
-46,3
-50,-8
-50,-9
-49,-15
-43,-35
-29,-54
-29,-57
-37,-46
-44,-34
-36,-42
-25,-54
-30,-51
-38,-38
-43,-26
-39,-31
-32,-44
-40,-27
-43,-8
-36,11
-13,32
7,40
6,41
11,41
22,41
27,38
43,30
57,8
63,-14
64,-11
62,3
62,1
59,-26
43,-51
15,-59
10,-58
27,-57
33,-53
42,-47
56,-32
65,-6
62,14
62,20
66,5
66,-1
66,8
64,-12
50,-38
42,-44
30,-48
20,-51
19,-52
21,-51
20,-50
20,-49
31,-46
40,-40
44,-36
24,-45
19,-46
43,-33
58,-23
27,-37
-20,-22
-32,19
-20,44
-15,49
-23,42
-22,44
-32,37
-28,38
-9,53
-16,32
-9,-20
22,-38
16,-42
5,-40
-4,-37
-25,-22
-32,-14
-23,-26
-10,-34
25,-24
53,5
45,42
27,60
19,66
28,61
44,50
51,22
41,-19
36,-25
46,-7
41,32
12,63
18,64
36,53
46,43
47,39
45,39
25,56
1,66
-23,59
-45,34
-48,-1
-41,-19
-42,-18
-36,-23
-42,-19
-36,-22
-11,-34
-24,-31
-26,-27
12,-24
28,-18
4,-32
22,-16
40,11
41,29
38,32
19,50
11,59
-3,54
-45,25
-45,-22
-41,-28
-61,-1
-64,14
-62,25
-59,21
-54,-12
-55,-16
-44,-21
3,-25
33,-3
36,16
37,19
37,17
36,14
35,16
24,37
24,37
17,42
-4,54
-19,56
-26,53
-4,46
24,33
26,30
22,34
8,44
16,37
15,32
-21,43
-39,43
-50,35
-60,23
-57,23
-45,37
-51,30
-62,12
-64,-8
-61,-20
-44,-42
-21,-57
-24,-56
-36,-53
-27,-56
-26,-57
-25,-59
-6,-61
-4,-60
14,-45
30,-4
25,22
12,34
-4,38
-30,35
-33,35
-37,33
-43,28
-42,28
-46,19
-57,-6
-57,-6
-47,18
-39,27
-15,31
29,18
44,-3
45,-26
38,-46
28,-55
36,-40
24,-51
10,-65
14,-65
14,-63
32,-52
34,-53
25,-60
28,-59
31,-58
35,-54
44,-45
42,-47
23,-60
13,-63
35,-53
45,-48
52,-38
56,-27
56,-25
58,-22
57,-13
59,-7
60,-12
54,1
50,14
57,-2
57,-22
40,-50
29,-60
38,-54
46,-48
53,-44
41,-54
34,-57
50,-30
61,1
64,-2
65,-16
57,-36
40,-52
22,-58
10,-58
-8,-47
-31,-26
-32,-26
-24,-39
-26,-37
-33,-22
-34,-20
-33,-20
-29,-28
-31,-23
-35,-2
-33,-12
-16,-35
11,-49
21,-51
-8,-41
-19,-34
-17,-36
-28,-27
-27,-24
-5,-40
-1,-44
-21,-31
-29,-22
-34,-9
-26,-20
-11,-38
-4,-41
-4,-41
-13,-38
-12,-38
-20,-32
-21,-31
-25,-25
-30,-16
-13,-30
-6,-38
-29,-15
-39,5
-38,-1
-38,-6
-34,-16
-35,-16
-39,0
-40,7
-31,-14
-23,-30
-19,-31
-23,-27
-34,-18
-42,5
-36,38
-12,61
19,62
37,54
12,61
4,67
3,65
-25,52
-40,44
-39,46
-43,37
-45,35
-44,39
-45,38
-45,38
-47,37
-35,55
-31,59
-28,58
-44,38
-49,4
-21,-24
15,-27
37,-14
31,-20
23,-24
38,-3
44,14
39,32
31,46
29,49
32,41
39,10
40,-1
42,10
39,20
34,34
40,17
41,16
35,25
20,47
18,49
8,54
1,59
11,54
8,50
-32,48
-57,34
-48,41
-17,55
4,53
26,30
35,13
34,-8
29,-22
25,-27
32,-11
35,8
32,13
28,27
31,22
27,26
13,39
-1,48
18,28
33,5
26,24
20,36
21,33
16,37
22,31
17,36
8,40
-19,41
-49,27
-63,12
-60,17
-60,11
-59,15
-59,19
-60,13
-60,13
-63,2
-64,-6
-61,-17
-50,-41
-37,-54
-43,-52
-49,-45
-35,-53
-13,-62
-11,-64
-24,-62
-22,-61
-23,-61
-35,-57
-45,-49
-54,-34
-57,-28
-59,-20
-56,-4
-55,1
-53,-21
-39,-48
-20,-62
-18,-64
-28,-60
-31,-57
-42,-49
-50,-37
-49,-36
-40,-46
-26,-59
-39,-44
-51,-18
-49,-24
-47,-32
-49,-21
-43,5
-31,23
-12,32
-1,35
0,34
27,28
49,12
51,9
43,19
44,20
39,25
40,25
40,25
52,11
52,11
55,13
57,11
53,13
46,23
37,31
49,21
61,6
61,4
62,-9
60,0
60,3
61,-20
51,-39
51,-38
61,-26
63,-14
59,-17
34,-49
19,-57
16,-56
13,-55
24,-55
28,-52
16,-53
-3,-51
1,-51
19,-48
51,-14
54,29
55,33
62,21
62,21
57,28
58,26
67,0
67,1
65,12
58,31
62,25
62,-9
59,-22
60,-16
63,2
58,26
55,38
62,25
57,32
36,52
37,54
34,54
23,59
3,58
-11,55
-7,58
-2,61
8,63
11,61
-15,54
-21,54
-22,52
-4,61
9,64
8,64
-3,61
-25,50
-30,48
-24,53
-33,44
-33,47
-19,59
-12,63
-3,65
26,61
43,50
51,31
54,20
50,33
42,44
32,56
17,63
5,65
8,64
0,65
-9,65
-11,65
5,65
25,58
26,57
34,49
44,30
42,2
39,-8
45,5
32,-14
1,-36
-7,-38
-8,-37
4,-35
8,-35
8,-35
25,-11
33,27
24,45
9,59
7,58
14,55
4,62
-5,61
-32,55
-36,53
-22,57
-29,57
-27,58
-28,57
-41,50
-57,31
-60,28
-38,47
-15,57
-2,51
23,37
31,23
31,-10
30,-20
32,-13
34,-4
34,11
29,26
33,16
36,7
34,1
28,18
24,32
24,31
27,26
33,14
32,-17
25,-34
10,-47
-4,-55
-15,-56
-10,-54
7,-52
8,-52
9,-51
20,-46
26,-38
4,-53
0,-56
-7,-53
-44,-47
-56,-37
-60,-28
-62,-3
-53,19
-51,9
-42,-35
-16,-61
3,-62
24,-46
33,-40
33,-42
41,-23
40,-5
40,1
44,-6
43,-6
35,10
27,24
3,29
-29,26
-35,24
-14,33
-7,36
-13,35
-16,34
-29,24
-46,1
-50,-6
-49,-20
-49,-34
-51,-19
-49,-8
-47,-21
-41,0
-29,24
-16,31
-16,32
-18,30
-16,30
-15,30
7,36
16,36
3,36
-21,25
-28,23
-31,19
-39,3
-35,10
-38,3
-40,1
-29,20
-16,33
-16,31
-31,7
-29,15
-17,32
-21,31
-20,32
-22,29
-32,8
-34,-18
-31,-32
-37,-15
-32,-25
-17,-45
0,-53
-7,-50
-12,-48
-2,-52
6,-54
14,-54
27,-49
38,-47
45,-43
58,-31
44,-37
6,-47
-22,-31
-34,-13
-26,-25
-15,-40
-19,-34
-6,-43
14,-49
5,-45
-2,-42
17,-46
31,-44
31,-44
20,-46
20,-45
34,-40
42,-37
45,-34
48,-29
54,-21
60,-12
58,-13
52,-21
55,-22
57,-17
59,-7
61,2
58,23
35,48
-2,54
-31,27
-38,0
-37,-7
-39,8
-29,41
-32,41
-38,35
-33,48
-25,55
-17,60
-22,56
-32,49
-32,49
-32,43
-42,10
-43,18
-28,52
-22,61
-26,57
-21,60
-29,57
-27,58
-18,63
-27,58
-41,48
-44,44
-46,40
-46,41
-33,55
-7,64
28,47
40,3
25,-26
22,-30
17,-30
-7,-35
-34,-24
-54,0
-58,4
-54,-3
-26,-22
20,-6
38,27
37,35
24,48
5,59
-24,53
-57,22
-63,2
-57,-9
-28,-27
13,-21
35,2
33,-9
29,-19
27,-23
28,-19
30,-10
1,-35
-34,-38
-26,-33
18,-20
34,-2
31,16
29,30
34,18
32,18
19,36
-8,49
-42,36
-59,-3
-30,-38
-4,-48
8,-45
4,-48
-9,-50
-14,-51
6,-46
27,-22
31,9
1,34
-46,26
-57,17
-46,35
-50,32
-59,17
-62,-15
-48,-42
-27,-55
-25,-56
-11,-55
20,-41
33,-28
34,-27
21,-46
17,-51
19,-51
27,-38
34,-3
29,19
28,16
-9,27
-44,22
-50,17
-41,26
-32,32
-13,37
-17,37
-35,25
-50,9
-47,-23
-13,-58
13,-62
23,-58
4,-62
-21,-63
-28,-60
-40,-50
-32,-56
-16,-64
-7,-65
13,-61
18,-62
-7,-63
-25,-58
-7,-62
21,-61
19,-62
-2,-60
-37,-36
-42,-35
-16,-57
-20,-56
-32,-49
-15,-61
-10,-65
-18,-60
-34,-31
-36,-22
-26,-47
-36,-30
-25,-41
2,-61
20,-64
25,-61
8,-63
-7,-60
6,-59
27,-58
46,-44
59,-17
61,5
64,0
63,3
53,18
45,29
47,28
20,37
-14,30
-32,8
-33,-15
-26,-34
-32,-24
-36,-9
-33,6
-30,7
-31,-18
-20,-36
-6,-47
19,-49
45,-39
49,-38
47,-41
46,-39
52,-26
64,1
61,22
53,34
42,43
30,51
28,53
24,55
23,54
34,50
25,52
18,57
28,52
55,35
60,27
50,40
31,56
35,55
45,48
51,43
47,45
56,34
58,32
49,47
49,48
57,36
60,29
61,13
59,6
59,9
58,1
58,14
51,38
48,46
56,32
58,23
57,23
56,18
54,4
55,11
55,19
53,32
53,34
46,42
48,23
37,-14
8,-33
-6,-35
8,-34
21,-31
26,-26
25,-28
27,-27
30,-20
39,12
24,49
0,64
-4,66
-6,64
11,60
33,49
35,45
38,37
44,20
43,25
22,47
-15,60
-38,55
-29,58
-8,61
13,57
31,43
33,36
33,34
35,31
34,31
36,28
34,31
35,27
38,11
37,17
37,24
32,31
22,42
1,49
-38,46
-59,33
-60,31
-54,37
-48,43
-49,37
-64,6
-68,-8
-65,-12
-66,-10
-66,-3
-64,5
-60,26
-58,30
-47,41
-24,48
-2,48
9,45
17,38
25,29
28,25
24,25
12,38
24,27
36,4
36,0
37,-2
34,-15
22,-41
1,-53
-36,-47
-55,-35
-47,-48
-45,-50
-52,-39
-60,-13
-51,18
-31,35
-33,35
-43,28
-55,8
-59,-16
-56,-32
-47,-42
-33,-54
-23,-60
-5,-62
-2,-63
-8,-65
-1,-63
26,-47
43,-24
46,-9
41,1
25,19
-11,30
-32,28
-38,24
-37,25
-46,10
-52,-9
-51,-22
-51,-28
-49,-35
-48,-36
-49,-32
-48,-27
-43,-37
-39,-46
-38,-48
-27,-55
-22,-61
-26,-55
-41,-33
-45,-24
-43,-31
-41,-35
-41,-36
-41,-34
-39,-38
-37,-39
-37,-33
-38,-10
-33,-26
-29,-41
-34,-6
-24,22
2,37
24,38
36,35
35,34
41,31
35,32
2,34
-20,26
-27,-12
-17,-44
10,-56
32,-55
36,-52
18,-56
8,-58
4,-56
20,-47
55,-20
57,16
57,24
38,38
11,46
-3,43
-22,24
-29,19
-18,36
-20,35
-26,22
-27,-14
-10,-40
-1,-46
-3,-45
-4,-42
23,-40
38,-43
23,-46
19,-46
17,-46
22,-44
34,-37
56,-18
63,-10
54,-23
52,-21
61,0
64,14
64,15
63,16
55,34
49,45
51,44
57,22
54,-15
46,-25
31,-35
25,-38
33,-33
35,-31
35,-28
15,-34
8,-36
28,-28
48,-11
54,-3
55,4
57,9
54,-1
50,-8
50,13
42,45
46,36
45,33
31,55
32,56
44,40
47,8
30,-21
-6,-31
-18,-30
6,-33
26,-26
30,-24
17,-30
3,-35
16,-29
35,-16
41,-5
46,14
45,17
32,40
-6,55
-45,39
-57,14
-58,20
-54,36
-54,30
-58,14
-56,-4
-56,-9
-51,-17
-43,-28
-48,-23
-40,-27
-25,-36
-36,-35
-49,-23
-60,0
-59,-6
-48,-26
-28,-40
-19,-43
-13,-42
0,-40
20,-29
23,-28
29,-21
33,5
32,23
29,26
17,43
15,44
28,23
33,-7
33,-12
34,-10
31,2
16,34
20,32
30,22
35,9
36,0
31,12
27,18
34,-9
32,-27
12,-43
10,-44
29,-34
21,-40
-5,-54
-14,-57
-2,-48
30,-18
38,-14
24,-35
2,-56
-1,-58
-18,-60
-23,-59
-19,-59
-41,-49
-49,-44
-46,-47
-28,-56
-7,-61
-5,-62
-8,-63
-10,-64
-16,-62
12,-48
42,-22
46,-19
45,-20
45,-17
44,-15
44,-15
44,-26
44,-31
45,-31
44,-32
43,-7
43,2
44,-28
42,-32
46,-6
49,-13
45,-38
31,-56
12,-64
9,-65
5,-64
-9,-66
-14,-63
-34,-45
-39,-40
-24,-56
-18,-60
-17,-57
-4,-63
-14,-61
1,-63
4,-63
-5,-60
25,-57
28,-60
13,-64
16,-63
12,-62
17,-60
44,-46
57,-31
61,-23
61,-7
60,3
61,-17
62,-10
62,9
55,19
40,31
14,39
-8,35
-28,14
-35,-1
-29,-24
-9,-50
0,-55
4,-55
10,-57
3,-55
1,-53
-17,-37
-27,-27
-20,-38
-16,-40
0,-47
-13,-40
-30,-10
-35,7
-35,6
-36,7
-35,11
-36,8
-34,1
-27,-20
-13,-37
-10,-37
5,-42
7,-45
-8,-40
-5,-41
22,-41
30,-42
15,-45
-2,-41
-6,-40
9,-41
32,-37
33,-38
13,-42
6,-41
22,-39
18,-39
-3,-37
4,-37
18,-40
18,-40
19,-38
18,-39
24,-35
36,-28
49,-10
57,10
57,17
56,21
56,22
49,36
35,55
37,52
52,27
53,3
39,-17
16,-32
-6,-32
-33,-18
-49,11
-42,39
-36,50
-46,33
-50,8
-46,-8
-45,-9
-51,0
-51,-2
-53,-1
-54,6
-54,6
-55,9
-51,33
-44,46
-35,54
-21,63
-7,64
-4,62
-25,59
-39,54
-39,54
-22,60
10,56
36,31
37,2
20,-28
6,-38
2,-38
-15,-39
-18,-39
6,-34
28,-12
33,23
29,37
34,26
37,14
38,11
33,18
19,43
22,41
29,31
27,32
30,22
27,30
33,19
30,23
19,38
15,43
22,34
33,11
34,-10
34,-11
29,13
17,36
20,24
14,-25
-25,-48
-32,-49
-2,-47
14,-45
-11,-50
-39,-48
-39,-49
-35,-51
-17,-47
25,-31
36,-12
36,-10
37,-9
38,-7
37,-12
35,6
28,19
27,21
23,21
-15,35
-46,23
-52,19
-54,16
-55,0
-44,-39
-37,-55
-52,-39
-58,-19
-49,-24
-16,-57
-8,-65
-23,-63
-42,-50
-34,-54
-14,-64
2,-64
27,-51
41,-35
41,-13
18,22
-15,31
-32,23
-48,1
-53,-13
-49,-27
-32,-50
-10,-65
-8,-66
17,-58
44,-27
52,-6
51,-7
42,12
46,14
50,12
50,13
45,19
41,25
36,24
-6,23
-36,10
-40,5
-40,5
-30,20
-32,17
-39,5
-36,10
-19,28
-20,25
-34,7
-26,19
-27,19
-31,14
-20,28
-4,34
34,29
58,15
64,3
63,0
51,24
41,34
58,7
66,-15
65,-4
57,18
50,31
53,29
41,37
20,45
-9,39
-23,30
-30,21
-32,17
-28,21
-10,42
0,48
22,48
48,38
53,34
43,43
29,51
18,54
30,52
29,52
4,53
0,53
-15,42
-32,25
-33,20
-35,1
-34,-7
-33,-14
-30,-20
-32,-16
-33,-15
-30,-19
-21,-25
-6,-37
-9,-35
-10,-33
-3,-37
-10,-35
-24,-26
-30,-19
-37,-8
-40,1
-39,20
-41,9
-42,3
-44,8
-44,18
-40,31
-31,51
-29,54
-24,55
-32,46
-41,14
-40,-11
-45,0
-49,15
-48,21
-47,26
-46,30
-45,37
-49,25
-49,29
-49,29
-49,25
-45,38
-25,57
-10,65
-19,64
-24,61
-30,57
-31,56
-33,57
-39,52
-24,59
5,62
-2,61
-7,62
15,59
19,58
17,58
29,47
39,30
42,16
39,22
28,43
17,54
14,59
14,57
11,56
17,51
32,25
37,14
29,38
25,44
16,49
7,54
4,55
5,56
16,45
32,24
33,24
35,6
28,-22
16,-37
19,-32
31,-18
26,-21
-8,-43
-25,-47
-12,-49
-11,-50
-21,-50
-24,-49
-3,-48
9,-47
6,-48
18,-30
32,4
34,7
32,12
33,9
25,22
22,30
21,30
28,22
36,6
35,6
27,21
9,37
-4,42
1,41
12,37
16,35
16,33
28,21
39,3
37,-3
35,1
34,-29
22,-49
-4,-58
-28,-60
-39,-55
-47,-46
-55,-34
-47,-45
-35,-57
-11,-60
3,-63
-18,-65
-9,-64
0,-65
-3,-66
4,-67
-6,-66
-16,-64
-6,-66
5,-65
23,-59
38,-42
42,-5
26,26
11,35
15,33
13,30
-21,24
-40,12
-44,7
-43,7
-45,-2
-45,-9
-39,-33
-40,-41
-41,-39
-41,-37
-36,-45
-33,-48
-32,-48
-28,-51
-27,-53
-22,-55
-20,-57
-15,-57
-11,-60
-9,-61
-15,-57
-21,-52
-25,-48
-26,-45
-8,-55
5,-60
-14,-52
-28,-42
-33,-30
-35,-24
-36,-8
-31,14
-31,18
-21,30
-5,40
4,43
0,45
5,46
17,48
23,47
10,47
2,47
-8,42
-11,42
-2,48
10,51
26,51
28,51
43,42
54,34
34,45
46,33
64,-4
64,-13
64,-9
66,3
66,9
65,-7
60,-18
59,-16
59,-10
62,12
62,9
49,-22
24,-40
6,-42
1,-41
7,-42
2,-40
-8,-37
-12,-33
15,-37
35,-32
54,-12
60,-4
59,13
56,32
53,35
56,7
51,-17
52,-11
56,0
48,-13
50,-10
55,11
56,28
54,18
44,-12
47,-9
53,6
53,8
52,4
42,31
27,57
42,41
50,33
40,45
12,59
-24,57
-26,60
-22,61
-37,51
-48,29
-43,-6
-39,-22
-49,-11
-55,7
-51,0
-49,-11
-57,2
-59,9
-57,8
-48,-13
-47,-18
-57,3
-60,18
-58,26
-51,42
-51,41
-58,26
-59,31
-55,39
-44,51
-25,59
0,58
12,53
0,56
-11,59
12,51
22,47
31,33
36,18
33,27
31,29
31,27
34,14
34,12
33,21
34,19
34,19
34,20
29,28
27,32
27,28
13,40
-18,48
-45,43
-45,42
-38,46
-29,49
-19,49
-35,42
-54,27
-61,18
-61,13
-64,-7
-63,4
-61,16
-58,24
-38,37
-2,40
21,30
27,24
35,10
39,-6
38,-11
35,6
35,4
38,-19
37,-28
32,-37
12,-52
2,-60
9,-59
5,-62
-1,-64
-1,-63
-7,-63
-22,-62
-17,-62
7,-62
21,-55
13,-60
9,-62
0,-64
-20,-65
-28,-60
-42,-49
-49,-37
-51,-26
-52,-6
-48,-21
-41,-45
-47,-35
-48,-31
-48,-16
-48,-5
-50,-14
-47,-24
-43,-39
-36,-50
-25,-59
-9,-66
3,-65
17,-63
31,-57
43,-48
50,-40
39,-51
22,-63
24,-63
20,-64
33,-52
55,-23
59,-18
55,-34
58,-29
60,-27
57,-32
58,-23
61,-9
61,-21
49,-44
40,-52
42,-46
58,-22
62,-21
49,-43
30,-57
36,-51
56,-35
60,-29
58,-34
61,-29
63,-17
66,-3
65,-14
62,-27
60,-28
51,-40
42,-48
44,-44
40,-45
23,-52
23,-52
30,-51
27,-52
8,-49
-19,-37
-32,-14
-36,9
-36,9
-35,13
-26,32
-9,50
2,55
16,56
22,54
7,54
-6,51
-22,42
-9,49
13,58
20,59
20,59
21,59
18,58
-1,57
-10,55
-2,59
8,58
38,52
56,34
56,-1
54,-17
49,-21
28,-35
9,-39
-1,-35
15,-35
18,-37
0,-37
-18,-29
4,-32
12,-36
-3,-36
-12,-34
-22,-29
-6,-34
10,-35
28,-28
22,-31
27,-26
47,-7
48,-6
47,10
46,36
46,28
44,-4
44,-10
38,-15
41,0
42,32
20,57
7,66
10,65
-2,63
-37,48
-54,29
-50,38
-39,54
-36,55
-48,32
-50,-6
-49,-18
-52,-14
-59,3
-59,10
-58,-2
-59,-4
-60,-6
-56,-15
-49,-22
-40,-29
-52,-19
-62,13
-52,40
-43,51
-53,40
-63,25
-63,28
-49,43
-42,49
-54,36
-59,16
-57,-13
-54,-27
-55,-26
-35,-40
-20,-48
-33,-44
-43,-40
-38,-41
-12,-40
23,-13
26,23
21,35
22,35
20,35
21,35
8,44
-1,47
-6,47
8,40
23,32
21,33
14,39
23,27
33,3
25,-32
20,-44
16,-48
-12,-53
-52,-34
-63,-22
-53,-38
-50,-43
-59,-20
-60,6
-59,-8
-60,-3
-58,13
-59,-4
-60,-22
-61,-18
-60,-20
-61,-6
-60,-9
-56,-26
-40,-48
-21,-61
-12,-66
0,-63
10,-62
-1,-65
-3,-65
-13,-65
-15,-66
1,-65
25,-56
37,-50
18,-58
-11,-64
-17,-64
-33,-48
-42,-3
-34,24
-20,30
5,34
-1,35
-4,35
-1,35
-20,29
-24,28
-17,30
-35,10
-44,-23
-36,-45
-30,-51
-39,-37
-29,-43
5,-62
15,-64
12,-62
34,-44
51,-4
53,12
57,5
59,-9
60,-21
60,-22
59,-29
51,-43
35,-56
28,-58
51,-37
58,-30
36,-51
7,-59
-11,-53
-3,-56
2,-57
-5,-53
-21,-44
-5,-46
39,-42
48,-44
48,-43
58,-25
62,6
64,9
65,-10
57,13
50,32
57,22
39,41
26,50
9,49
-2,47
4,51
17,51
10,50
-6,48
-14,40
-24,7
-18,-30
-11,-39
-16,-34
-13,-34
-4,-40
-10,-37
5,-41
15,-44
30,-41
43,-31
53,-17
53,-19
58,-2
62,4
59,-10
53,-21
51,-22
52,-18
54,-14
55,-9
59,7
59,12
55,-8
54,-12
48,-18
37,-28
40,-26
39,-26
36,-27
33,-27
45,-8
54,18
55,26
54,15
53,6
55,22
52,32
49,30
46,-3
46,-5
52,8
50,-1
43,-10
43,1
50,15
45,-4
28,-25
31,-23
39,-13
43,-8
42,-8
30,-22
27,-23
40,-4
41,3
33,-14
30,-20
17,-29
26,-21
35,-15
27,-23
9,-36
5,-37
4,-37
-20,-37
-40,-31
-49,-24
-59,-10
-59,16
-37,49
-2,58
14,54
19,47
32,31
36,24
35,9
26,-19
13,-35
9,-38
22,-28
31,-17
21,-30
-2,-45
-21,-47
-45,-34
-61,-10
-42,-30
-15,-48
1,-46
19,-35
16,-36
9,-44
3,-47
-16,-50
-8,-44
26,-19
36,4
37,-2
34,9
25,25
2,41
-14,46
-27,45
-34,43
-36,40
-29,40
-16,43
-7,43
-8,43
-22,42
-30,41
-35,38
-24,40
-12,42
-8,40
-3,39
0,40
1,39
9,36
12,34
-5,38
-23,37
-40,26
-47,20
-51,15
-56,8
-53,9
-51,12
-42,22
-41,23
-27,30
2,36
22,30
19,30
18,32
30,23
39,15
45,-1
46,-26
24,-55
13,-66
28,-54
48,-28
52,-21
49,-33
42,-44
22,-59
27,-50
44,-14
22,23
-6,33
-22,26
-33,18
-21,28
-8,35
0,36
-1,37
-10,34
-19,28
-29,18
-26,24
-15,32
-18,30
-24,24
-36,-3
-40,-16
-40,-3
-38,7
-37,9
-38,-1
-39,-11
-39,-22
-37,-22
-34,-28
-36,-16
-36,-17
-35,-23
-37,-15
-37,-4
-37,-2
-35,6
-34,8
-33,-12
-24,-34
-14,-46
-14,-46
-21,-35
-32,-7
-35,1
-31,-18
-33,-5
-29,22
-16,41
-16,39
-19,39
-14,44
-26,26
-35,8
-36,1
-36,-6
-34,-13
-34,-14
-35,0
-34,21
-34,24
-26,38
-7,54
5,58
34,48
55,38
48,44
28,56
17,60
18,56
52,29
62,4
56,-14
55,-15
59,-6
51,-15
28,-31
-1,-34
-30,-18
-26,-21
4,-35
14,-38
3,-39
-15,-32
-24,-27
-11,-32
11,-33
25,-31
37,-24
44,-13
53,13
55,17
55,4
49,-9
51,2
53,19
52,17
47,0
44,-11
44,-1
48,26
50,22
50,18
45,27
43,36
31,51
19,62
8,65
6,66
18,59
8,62
16,59
36,38
44,18
45,15
44,21
39,33
26,48
24,51
1,56
-36,52
-37,53
-26,59
-40,53
-38,56
-42,52
-45,50
-41,53
-42,49
-57,29
-65,5
-61,-11
-57,-19
-61,-9
-63,-5
-58,16
-44,46
-36,51
-28,54
-28,52
-41,46
-45,44
-54,34
-59,25
-62,14
-45,-24
-28,-49
-30,-49
-30,-50
-29,-49
-32,-49
-26,-51
-18,-53
1,-49
13,-45
14,-43
21,-39
15,-45
-6,-54
-21,-57
-10,-58
1,-56
4,-55
-14,-57
-42,-47
-41,-47
-8,-56
-3,-57
-29,-56
-49,-44
-59,-33
-58,-33
-58,-30
-57,-3
-58,6
-61,-5
-55,-30
-47,-48
-46,-50
-46,-49
-46,-49
-55,-26
-56,-1
-55,0
-53,5
-53,7
-56,-1
-51,9
-38,24
-24,33
-11,35
-9,36
5,35
25,28
37,18
36,20
44,7
51,-17
42,-45
31,-56
15,-59
-20,-60
-39,-44
-44,-38
-45,-35
-37,-46
-30,-55
-28,-55
-27,-56
-27,-57
-21,-57
-20,-56
-29,-50
-33,-45
-38,-35
-43,-21
-44,-14
-41,-1
-42,-7
-40,-22
-27,-43
-25,-48
-30,-43
-28,-46
-30,-43
-35,-35
-36,-27
-37,-23
-39,-17
-36,1
-32,8
-37,-4
-36,5
-32,16
-33,12
-31,18
-26,22
-33,10
-32,17
-27,24
-28,24
-28,25
-18,38
-11,43
13,45
32,46
19,50
7,50
-5,46
-14,40
-6,46
14,52
11,52
5,53
-7,45
-28,30
-35,17
-32,22
-13,46
15,54
41,47
59,27
62,5
54,-18
60,-4
62,-2
47,-29
43,-31
56,-2
52,35
36,54
44,44
54,33
38,52
8,58
-8,60
22,58
36,55
16,60
7,63
9,64
-1,63
-21,55
-34,43
-38,36
-44,20
-44,13
-43,21
-36,8
-15,-25
10,-36
21,-32
38,-17
50,9
49,30
50,32
52,29
35,45
3,64
2,66
10,65
-1,65
-6,66
-3,67
-9,66
-16,64
-32,55
-46,45
-42,51
-37,56
-36,57
-34,57
-34,58
-31,60
-23,63
-25,62
-25,63
-18,64
-17,62
12,53
36,23
39,15
40,8
40,1
40,8
40,5
38,-3
34,-12
25,-24
33,-4
39,12
38,17
33,31
30,35
34,25
36,10
28,-20
18,-32
26,-9
18,32
2,51
14,44
28,28
33,9
33,-16
27,-27
29,-6
35,7
36,-5
34,-14
32,-20
30,-24
5,-43
-24,-52
-13,-53
3,-49
22,-33
34,-16
28,-26
19,-44
22,-42
24,-37
31,-7
25,21
23,29
24,26
14,33
28,17
37,-16
31,-39
21,-49
11,-55
12,-50
34,-20
41,-12
41,-18
35,4
25,24
34,7
40,-21
36,2
27,22
5,32
-1,35
28,17
45,-10
44,-7
34,17
33,18
44,-5
47,-21
46,-18
41,4
40,8
38,9
38,15
41,15
41,14
50,-10
53,-22
54,-17
53,-20
43,4
34,25
20,32
28,27
42,17
26,27
20,30
35,25
36,28
48,13
57,-5
56,0
43,16
22,35
20,38
23,36
9,37
-8,35
-20,30
-24,26
-31,15
-39,4
-40,-2
-39,-4
-37,-2
-37,-6
-35,-23
-35,-28
-34,-30
-28,-36
-24,-42
-32,-30
-33,-24
-27,-35
-26,-37
-24,-37
-8,-49
-3,-52
-11,-44
-31,-12
-36,-4
-35,-17
-33,-10
-30,19
-19,37
-20,37
-13,41
14,51
6,46
-25,23
-22,32
-14,45
-13,46
-9,48
2,54
13,55
15,57
8,57
-4,49
-28,17
-30,-12
-30,-14
-34,-8
-35,-10
-35,-9
-38,1
-37,3
-35,-8
-15,-22
26,-35
42,-30
49,-24
35,-33
11,-37
-23,-21
-34,-12
-33,-12
-39,17
-40,30
-37,3
-20,-24
16,-32
40,-25
45,-18
52,11
55,12
49,-11
44,-18
41,-18
47,-7
48,-7
35,-22
21,-31
27,-24
42,10
47,33
49,27
46,35
35,49
9,61
-8,66
10,64
34,48
43,30
34,43
24,55
13,62
25,56
24,54
4,63
4,66
12,61
-10,58
-44,44
-58,18
-60,6
-58,5
-44,-19
-31,-34
-19,-39
-17,-40
-24,-41
-36,-36
-23,-38
-15,-41
-30,-37
-35,-37
-41,-34
-53,-23
-61,1
-62,26
-56,36
-33,52
-37,46
-60,14
-63,5
-53,35
-52,38
-51,38
-50,34
-58,28
-42,46
-36,47
-40,45
-36,48
-50,38
-48,39
-35,49
-35,48
-44,36
-63,7
-66,-6
-64,-10
-64,-22
-60,-31
-48,-42
-32,-52
-37,-50
-53,-37
-42,-47
-22,-56
-22,-53
-50,-37
-56,-34
-59,-27
-60,-25
-62,-25
-63,-8
-61,4
-56,13
-59,-5
-53,-33
-43,-48
-58,-27
-58,-26
-61,-19
-58,-25
-40,-51
-21,-63
-12,-65
-14,-64
-2,-64
23,-53
40,-39
44,-25
45,-9
36,-37
22,-60
27,-54
38,-44
40,-43
41,-44
45,-33
42,-2
16,26
-11,32
-21,29
3,33
13,35
23,32
26,29
14,33
-13,31
-31,23
-32,21
-36,11
-40,-23
-42,-30
-45,-9
-43,-7
-43,-8
-33,15
-16,32
-23,27
-22,26
-9,33
-19,31
-25,26
-29,20
-8,32
26,35
41,30
36,34
51,20
62,-4
63,-15
64,-13
66,-11
65,-6
62,4
61,1
60,-28
52,-43
48,-44
58,-23
57,13
54,26
62,14
66,-4
64,0
62,19
62,19
60,23
51,35
32,46
21,50
15,51
24,47
20,48
33,46
56,31
61,29
61,30
66,14
67,-1
64,-14
57,-23
61,-6
58,26
42,49
42,50
49,45
39,53
24,59
24,59
38,54
35,55
10,56
-20,51
-32,41
-29,42
-18,53
-17,56
-15,58
-3,62
-2,64
2,65
0,64
-18,57
-22,56
-15,61
3,63
25,61
43,47
51,42
53,34
56,15
51,0
32,-25
32,-25
44,-14
51,8
54,12
51,0
38,-16
-1,-31
-16,-33
11,-31
23,-29
8,-36
10,-34
27,-25
37,-17
39,-10
36,-10
42,19
45,27
42,-1
41,-5
40,-5
22,-27
20,-28
21,-23
-24,-26
-38,-22
-1,-32
10,-34
16,-33
9,-35
-8,-39
-14,-40
-27,-38
-33,-35
-28,-36
-44,-25
-27,-32
10,-33
28,-24
33,-16
36,-5
37,12
35,21
30,27
16,45
-3,53
-30,49
-26,52
-5,54
10,47
23,38
28,29
34,14
32,14
18,37
5,48
-23,48
-24,51
-17,52
-1,48
16,39
16,38
11,41
8,39
-9,44
-30,39
-55,25
-53,29
-49,30
-33,42
-24,45
-10,43
-22,42
-32,41
-15,41
11,34
18,31
29,15
37,-13
36,-29
35,-23
38,-10
38,-3
29,19
23,27
17,31
5,36
0,38
5,36
29,18
39,5
30,19
32,17
41,-5
46,-19
46,-6
44,-14
39,-38
40,-38
40,-8
34,18
40,9
39,-29
18,-61
0,-67
-15,-64
-23,-61
-33,-56
-37,-53
-27,-57
-23,-60
-20,-56
19,-55
39,-51
20,-63
4,-66
0,-64
26,-59
35,-57
21,-63
13,-65
7,-63
31,-51
51,-40
55,-23
48,13
29,32
14,38
0,38
-21,24
-38,2
-39,-16
-15,-45
1,-60
-10,-56
-17,-52
-25,-43
-35,-32
-32,-33
-27,-39
-33,-19
-34,-3
-28,-26
-19,-43
-29,-33
-27,-33
-21,-41
-24,-37
-26,-34
-31,-26
-25,-33
-17,-40
8,-48
22,-52
11,-51
-10,-46
-18,-38
-21,-33
-31,-17
-34,4
-36,15
-30,25
-31,10
-34,-8
-34,-10
-32,-15
-33,2
-31,26
-29,27
-33,-1
-34,-9
-36,-4
-37,9
-34,26
-27,41
-20,48
-9,57
7,60
19,59
-7,52
-21,49
-14,56
-15,56
-19,51
-30,42
-25,49
-34,31
-41,12
-42,17
-41,3
-42,3
-43,22
-41,33
-32,45
-37,33
-36,-3
-29,-24
-31,-22
-41,6
-45,28
-44,34
-39,44
-27,56
-12,65
-15,64
-19,63
-9,67
-9,65
-29,51
-49,24
-53,14
-53,7
-48,23
-36,52
-29,62
-23,64
-5,66
23,56
26,52
7,64
1,65
-5,65
-17,63
-15,65
-4,65
20,50
34,37
16,52
-18,58
-32,57
-1,58
25,47
25,47
25,47
33,27
37,3
36,15
28,37
21,46
24,43
22,43
26,40
28,36
33,20
37,3
36,10
34,-2
25,-26
21,-31
30,-19
32,-16
35,2
34,15
25,28
13,43
-2,46
-42,32
-64,15
-63,14
-64,6
-60,21
-53,36
-61,23
-65,1
-65,-20
-65,-20
-65,-14
-66,-8
-65,-17
-62,-25
-44,-42
-29,-55
-46,-43
-59,-28
-60,-21
-55,10
-53,19
-61,3
-63,1
-58,13
-57,9
-63,-10
-62,-17
-57,-28
-54,-37
-46,-47
-43,-52
-44,-51
-48,-45
-54,-29
-51,6
-43,23
-47,12
-55,-12
-57,-16
-54,-28
-52,-37
-49,-40
-49,-38
-34,-50
-8,-64
-18,-62
-43,-29
-46,6
-39,18
-44,11
-28,22
-2,35
9,35
19,33
13,33
29,24
36,23
41,20
46,15
47,14
30,24
13,36
9,37
8,38
16,36
26,33
16,35
28,31
50,12
57,-2
40,15
11,37
6,39
-13,26
-33,12
-38,2
-40,-15
-40,-17
-40,-7
-37,8
-37,2
-36,-1
-32,12
-29,21
-32,15
-33,13
-27,25
-13,38
-11,36
-29,19
-34,2
-33,5
-33,7
-36,-3
-36,4
-31,18
-21,34
-20,34
-27,24
-30,19
-30,21
-32,20
-27,30
-12,43
-3,50
-1,49
-1,47
25,52
30,53
5,51
-9,51
-7,52
-10,51
-13,51
-15,51
-25,34
-36,18
-23,40
-4,55
0,58
7,61
25,59
25,59
24,59
40,52
48,48
55,41
60,27
63,9
60,1
57,-7
54,-12
42,-25
8,-33
-13,-35
-19,-31
-36,-10
-37,27
-5,57
31,59
34,58
27,61
34,55
19,58
-10,62
10,57
41,45
42,46
34,50
10,62
21,59
45,29
50,10
45,28
41,44
35,53
29,56
24,60
11,62
-19,61
-37,53
-40,53
-29,61
-34,57
-47,46
-54,34
-53,36
-42,51
-36,54
-49,21
-53,-10
-52,-12
-29,-29
-14,-37
-37,-27
-48,-23
-47,-24
-26,-34
1,-37
11,-34
-8,-40
-44,-29
-60,-14
-43,-27
-17,-42
-19,-45
-12,-44
-7,-45
-13,-44
-3,-43
1,-41
24,-19
35,5
35,4
33,15
35,16
34,-6
27,-28
26,-29
24,-29
15,-37
28,-7
33,13
33,-3
36,-4
36,-5
34,-12
28,-26
11,-46
10,-49
21,-37
29,-3
21,28
9,39
1,43
-6,44
-27,38
-56,13
-61,-19
-56,-38
-47,-46
-30,-55
-30,-56
-17,-57
9,-56
16,-54
23,-51
32,-36
38,-19
38,-28
37,-35
36,-6
32,16
38,9
44,-13
45,-26
42,-30
40,-35
42,-29
46,-24
44,-29
44,-28
46,-20
44,-32
37,-48
30,-56
19,-62
19,-60
41,-41
48,-33
48,-20
44,8
47,5
51,-18
44,-42
36,-55
34,-56
43,-46
47,-40
35,-54
37,-54
37,-55
36,-55
48,-44
40,-53
38,-57
48,-45
55,-37
51,-44
50,-43
35,-55
28,-59
38,-54
38,-51
53,-39
54,-40
53,-42
53,-41
52,-40
59,-32
49,-42
20,-56
4,-59
-11,-50
-28,-36
-31,-30
-35,-12
-34,6
-36,0
-36,-15
-35,-20
-28,-32
-21,-41
-26,-35
-32,-25
-22,-35
-8,-46
-17,-42
-18,-40
-23,-33
-7,-40
21,-48
16,-50
10,-51
-1,-47
-19,-35
-25,-31
-23,-31
-4,-42
-16,-29
-30,11
-33,19
-35,15
-22,38
-10,51
-12,51
-13,51
-2,55
9,59
-9,53
-15,52
-7,56
13,61
26,60
39,54
50,44
57,33
59,17
59,-4
58,-7
54,-9
42,-26
31,-34
29,-34
17,-35
-16,-29
-34,-17
-35,-18
-41,-5
-42,17
-22,52
11,66
35,54
51,26
53,18
47,39
39,52
41,52
42,50
40,51
37,52
46,34
48,18
43,37
42,43
38,51
38,48
41,41
41,39
36,43
20,57
10,63
7,65
-13,64
-38,49
-52,35
-55,29
-58,21
-61,14
-61,13
-60,16
-60,7
-58,-3
-59,-1
-62,17
-59,27
-59,22
-60,21
-43,45
-23,58
-21,60
-12,61
-20,57
-38,50
-21,55
-5,57
6,53
14,49
3,53
-9,56
5,50
14,45
19,41
20,39
20,37
31,9
23,-25
-2,-45
-10,-50
-8,-50
11,-39
26,-29
9,-45
-12,-52
-12,-47
21,-25
34,-16
29,-25
3,-45
-34,-48
-44,-46
-49,-40
-64,-18
-65,7
-62,7
-62,-19
-61,-30
-62,-29
-51,-36
-23,-55
7,-53
18,-50
22,-44
34,-28
35,-26
36,-17
22,-44
8,-59
22,-48
25,-47
13,-61
10,-61
16,-57
26,-48
28,-49
36,-30
37,6
37,10
42,-7
34,12
19,29
15,32
13,31
-8,35
-32,25
-49,2
-50,-27
-44,-45
-26,-59
-19,-64
-23,-61
-20,-62
-17,-64
-15,-64
-26,-58
-12,-61
14,-64
10,-64
30,-55
44,-48
39,-53
20,-63
14,-65
26,-60
38,-54
36,-55
43,-34
45,10
41,26
50,20
52,17
49,18
52,-9
42,-47
42,-51
52,-42
59,-29
60,-29
48,-43
35,-56
17,-60
2,-59
19,-53
41,-48
27,-57
31,-55
42,-50
46,-47
58,-31
65,-17
65,-13
53,-35
52,-32
63,3
65,14
66,14
67,4
66,-10
65,-13
65,-7
52,19
9,38
-24,12
-27,-22
-32,-15
-27,22
-9,50
-4,52
-15,43
-27,35
-30,27
-31,-1
-14,-31
-1,-42
-12,-36
12,-39
39,-36
33,-40
14,-41
-19,-28
-21,-27
5,-39
23,-39
37,-31
54,-9
61,13
57,32
57,30
58,22
53,37
57,30
52,35
40,47
5,59
-8,60
4,62
-7,60
-16,59
-30,50
-38,42
-41,27
-36,-7
-23,-28
-21,-30
-21,-29
-11,-33
-9,-35
-20,-29
-38,-8
-49,11
-46,1
-31,-22
-20,-33
-28,-29
-35,-23
-32,-26
-32,-26
-49,-4
-52,3
-45,-12
-26,-27
-9,-36
-26,-34
-45,-20
-53,-8
-56,-1
-57,-3
-57,-2
-52,-12
-51,-18
-54,-11
-54,21
-35,55
-24,63
-18,61
11,50
38,21
40,14
35,24
34,27
34,27
27,40
13,49
1,57
-9,57
-36,50
-40,50
-26,56
-36,48
-47,43
-39,51
-36,48
-52,29
-48,38
-34,52
-41,47
-34,50
-21,53
-5,49
0,48
11,44
21,37
18,37
-6,44
-14,48
-26,46
-43,37
-56,27
-43,34
-10,44
3,45
3,44
-8,44
-34,37
-51,32
-55,24
-55,21
-30,37
-13,42
-30,36
-54,13
-63,-12
-57,-28
-34,-52
-18,-61
-26,-61
-41,-52
-52,-41
-57,-30
-50,-41
-50,-43
-50,-45
-47,-46
-53,-39
-56,-31
-60,-16
-59,-12
-53,3
-47,18
-39,23
-17,35
1,36
8,34
-5,35
-4,36
1,35
10,34
8,35
6,36
15,33
37,15
51,-5
53,-10
50,-7
41,13
38,19
49,-2
53,-22
50,-35
50,-32
48,-6
31,26
28,34
33,29
49,13
54,7
52,11
45,22
47,21
53,14
35,28
21,37
28,33
50,20
52,20
51,23
51,20
59,9
60,8
60,1
57,-28
60,-26
52,8
24,37
15,44
26,42
41,36
50,28
60,14
65,1
66,-12
51,-32
36,-44
53,-34
53,-39
52,-41
44,-46
41,-48
38,-48
33,-48
33,-49
24,-50
24,-48
36,-45
34,-44
43,-39
56,-29
55,-30
40,-42
37,-44
36,-43
33,-42
34,-41
55,-18
62,13
59,28
61,30
64,21
63,0
54,-22
41,-34
29,-37
8,-40
-2,-36
-27,-19
-33,-14
-34,-13
-40,-1
-39,-4
-38,6
-38,23
-41,5
-36,-10
-38,-11
-42,0
-45,8
-44,0
-35,-14
-31,-21
-26,-24
-21,-29
-36,-15
-35,-17
-25,-28
-25,-27
-26,-28
-28,-26
-29,-24
-8,-31
14,-34
17,-35
14,-34
-5,-32
-37,-16
-52,10
-53,27
-35,53
-4,66
11,65
15,62
8,66
6,66
24,55
37,43
39,39
27,45
-3,60
-24,60
-17,64
-11,64
8,58
33,35
40,5
28,-22
28,-21
35,-7
38,17
33,37
34,35
34,32
34,32
29,40
30,35
37,15
31,-13
27,-20
35,-4
36,13
32,24
35,6
32,-13
33,-14
35,0
34,16
19,37
11,47
-5,49
-22,53
-25,53
-13,52
-1,51
-1,51
8,45
17,38
8,43
-3,47
-4,48
13,37
25,28
31,20
28,24
15,34
12,37
11,37
6,39
16,37
19,35
15,36
18,29
29,-8
17,-46
8,-57
-2,-60
-10,-61
11,-52
23,-47
-7,-58
-17,-62
-1,-62
16,-55
24,-54
9,-61
7,-61
25,-52
35,-40
39,-28
31,5
27,25
20,29
9,35
5,35
0,35
-10,34
-14,36
-12,35
-24,31
-36,23
-45,15
-43,17
-38,19
-32,23
-42,3
-49,-21
-49,-13
-44,8
-43,9
-43,9
-35,17
-30,22
-33,22
-37,17
-38,14
-28,23
-34,13
-43,-11
-40,-31
-31,-47
-26,-52
-28,-46
-40,-27
-39,-32
-37,-37
-38,-29
-26,-40
-9,-56
-22,-49
-32,-40
-30,-43
-9,-51
18,-58
12,-60
-1,-58
-11,-54
-25,-41
-35,-26
-37,-23
-36,-26
-34,-28
-18,-43
-1,-54
4,-54
22,-55
14,-55
-8,-48
-14,-45
-17,-41
-24,-32
-24,-34
-22,-36
-11,-44
-10,-45
-12,-43
-16,-38
-29,-21
-33,-1
-20,33
0,51
19,55
29,54
29,52
46,44
54,39
39,48
26,56
14,51
-23,26
-39,10
-37,17
-37,16
-37,-1
-37,1
-39,8
-39,12
-31,37
-29,43
-35,29
-35,32
-38,27
-37,31
-32,45
-15,58
-3,63
2,63
-5,63
12,63
13,63
5,63
40,41
55,5
51,-12
52,-7
51,-8
46,-15
48,-1
45,35
20,59
-12,60
-40,32
-46,27
-46,29
-45,31
-37,52
-37,52
-28,55
-20,63
-24,61
-31,48
-47,9
-47,-9
-53,2
-55,12
-50,33
-42,51
-35,57
-37,55
-37,55
-33,58
-46,44
-57,24
-60,16
-55,-1
-41,-24
-43,-25
-53,-17
-60,-1
-62,14
-56,29
-58,20
-60,15
-48,41
-33,54
-35,53
-10,56
18,49
28,41
27,40
12,48
-7,55
-11,54
-34,52
-41,50
-38,52
-40,50
-43,48
-54,32
-65,9
-65,-4
-45,-29
-13,-46
8,-46
11,-45
1,-50
-6,-52
-13,-51
-43,-43
-60,-29
-45,-40
-19,-52
-10,-54
-21,-55
-39,-52
-47,-44
-58,-11
-57,20
-59,14
-59,17
-40,35
-24,43
-24,43
-29,40
-30,38
-29,37
-49,18
-59,-7
-54,-35
-57,-37
-58,-36
-57,-35
-60,-10
-61,-2
-62,-14
-58,-25
-36,-49
-21,-63
-26,-61
-43,-50
-51,-44
-51,-41
-45,-46
-48,-36
-49,2
-50,9
-54,-6
-55,-4
-53,-11
-50,-32
-50,-27
-46,-34
-38,-50
-42,-41
-26,-55
-7,-64
26,-54
44,-44
42,-48
47,-25
49,5
52,-7
46,-38
45,-42
51,-35
45,-47
37,-53
52,-30
54,-28
39,-52
39,-54
45,-49
49,-41
57,-23
60,-10
59,-9
58,-3
60,-18
59,-18
59,2
61,3
64,-5
63,-12
61,-12
62,1
63,3
59,-11
41,-46
22,-58
5,-53
-21,-40
-35,-17
-31,11
-12,36
-20,28
-29,20
-23,30
-17,38
-12,41
-16,37
-22,33
-26,31
-31,26
-31,24
-20,34
-10,44
-7,45
-14,43
-4,48
-14,38
-30,5
-29,-20
-17,-34
-5,-42
-15,-36
-23,-30
-25,-28
-30,-21
-36,-11
-36,-7
-34,-6
-34,18
-28,40
-21,47
-15,53
-3,61
-2,60
4,61
9,62
0,62
-14,57
-30,39
-38,12
-38,-7
-41,-2
-42,9
-34,36
-11,60
4,64
6,63
28,54
31,54
26,60
46,45
55,19
55,5
53,1
54,21
53,17
38,-17
28,-29
28,-28
38,-18
47,-7
45,-9
36,-20
33,-23
29,-24
37,-12
47,-3
46,0
47,20
46,22
46,6
45,13
43,3
35,-16
40,-3
41,19
38,35
40,35
33,44
12,58
1,63
-3,61
-24,60
-27,61
-29,58
-47,43
-46,46
-36,56
-33,57
-11,58
-13,58
-29,57
-25,58
-19,60
-6,59
-11,59
-29,57
-19,56
9,49
9,49
2,54
13,46
30,24
33,-8
27,-26
24,-28
31,-14
36,1
36,7
37,8
36,10
33,-2
29,-21
32,-12
35,9
36,8
35,8
29,-19
26,-33
34,-19
37,-13
31,7
14,34
11,39
23,30
34,13
38,-3
36,-14
26,-37
27,-37
31,-33
32,-33
35,-32
28,-41
22,-46
23,-45
30,-39
25,-47
30,-43
20,-53
-2,-62
-24,-62
-18,-62
5,-62
12,-60
-3,-63
4,-62
12,-61
19,-56
3,-62
-21,-61
-42,-50
-39,-52
-27,-63
-26,-61
-14,-65
-5,-68
-5,-68
-2,-67
6,-65
-2,-64
-36,-49
-40,-46
-38,-43
-47,-13
-48,-4
-47,-2
-43,5
-44,-4
-46,-22
-46,-22
-45,-12
-39,8
-41,7
-41,4
-42,-2
-33,16
-18,31
-14,32
-26,22
-34,15
-36,11
-39,2
-26,20
-15,32
-15,32
-22,28
-25,25
-24,26
-30,17
-37,-2
-37,-16
-31,-34
-33,-25
-35,0
-34,-3
-24,-33
-21,-42
-34,-10
-31,18
-26,26
-27,23
-34,2
-36,-8
-35,-4
-34,8
-33,12
-33,12
-34,-12
-32,-9
-29,19
-30,22
-33,13
-31,22
-31,17
-33,14
-34,8
-37,5
-36,14
-33,14
-37,0
-37,-6
-35,-11
-34,-4
-35,4
-34,-11
-31,-17
-30,-13
-27,21
-9,51
-14,51
-24,43
-29,38
-35,20
-39,8
-40,8
-40,6
-36,-4
-24,-25
-20,-29
-31,-16
-38,-5
-33,-17
-26,-24
-29,-19
-42,4
-39,29
-24,53
-20,59
-24,57
-29,53
-19,59
-9,64
-3,67
0,67
13,65
24,61
8,65
12,65
14,65
19,64
25,61
37,49
48,34
41,43
15,59
-15,62
-7,65
0,67
15,62
34,51
32,50
28,54
32,50
40,36
41,32
40,21
29,-14
20,-30
23,-27
31,-20
35,-17
31,-21
35,-15
35,-14
23,-26
-2,-38
-2,-38
0,-39
5,-37
18,-34
15,-35
-6,-40
-31,-38
-53,-21
-62,-8
-65,-1
-62,-7
-64,2
-65,8
-65,16
-63,21
-61,4
-57,-24
-60,-18
-63,-12
-61,-18
-64,-9
-65,3
-64,10
-66,-2
-63,8
-54,30
-53,32
-62,20
-58,27
-55,28
-63,1
-61,-21
-64,-1
-60,20
-52,30
-59,20
-66,1
-67,-8
-64,3
-51,24
-38,36
-36,37
-32,39
-33,38
-48,22
-60,12
-58,16
-51,25
-35,34
-14,39
-22,37
-21,37
-2,38
15,31
18,30
23,25
28,23
29,25
23,29
9,36
12,32
34,11
44,-9
42,3
45,-4
45,-29
40,-43
38,-41
34,-49
36,-53
34,-52
43,-26
36,11
24,28
40,8
45,1
37,18
44,11
49,-6
50,-35
43,-49
47,-41
54,-30
53,-36
52,-38
55,-30
57,-20
57,-15
56,-6
52,7
48,17
55,6
58,-3
58,-12
55,2
59,-4
60,-22
56,-36
59,-27
62,-20
61,-12
59,8
59,6
62,-5
49,19
14,36
-7,40
-5,39
6,42
11,45
15,45
29,43
17,42
14,45
26,46
26,46
38,41
31,46
29,47
28,47
31,46
23,46
23,50
36,46
51,35
43,43
37,49
49,40
58,33
55,38
55,37
62,26
59,28
48,43
53,35
63,13
58,27
60,32
65,12
63,-4
51,-25
42,-32
52,-24
56,-18
62,-1
63,6
62,-1
61,15
56,38
56,37
62,19
61,1
46,-21
16,-37
6,-38
-9,-33
-33,-8
-39,29
-38,35
-38,34
-43,14
-45,5
-46,6
-41,-4
-26,-21
4,-33
9,-35
27,-27
37,-22
26,-28
7,-34
-12,-33
-26,-27
-27,-26
-38,-16
-30,-18
9,-28
31,-22
35,-21
36,-19
38,-14
36,-17
17,-32
13,-31
31,-21
34,-21
36,-12
43,7
45,11
45,8
44,0
42,-4
42,6
42,15
41,22
40,26
39,27
39,16
38,6
37,24
35,31
37,28
35,34
29,42
25,44
30,35
36,16
29,31
30,34
37,9
36,-3
35,-9
24,-29
4,-43
3,-42
17,-31
30,-11
33,-12
33,-14
30,-21
34,-13
36,-4
35,6
31,20
31,18
32,11
19,33
24,32
31,21
34,9
30,-13
6,-45
0,-51
-2,-52
-29,-54
-32,-53
-5,-51
-4,-55
-32,-52
-57,-33
-61,-28
-54,-37
-62,-19
-65,-17
-64,-21
-62,-25
-61,-29
-61,-27
-58,-29
-31,-52
-3,-62
9,-58
31,-34
41,-11
42,-11
40,-25
41,-24
42,-14
33,12
11,32
9,35
16,31
4,33
22,26
42,8
45,3
46,-4
47,-23
37,-42
36,-45
46,-31
49,-13
45,2
47,-10
45,2
48,-1
51,-6
43,12
27,27
2,33
-2,35
11,35
10,36
-6,31
-28,22
-31,24
-20,30
11,32
41,23
43,24
47,21
43,24
34,32
32,32
10,37
-6,36
-18,30
-28,21
-36,8
-38,-8
-40,-11
-39,-5
-38,-1
-38,-14
-39,-17
-39,-12
-36,-18
-29,-37
-28,-37
-35,-20
-33,-22
-26,-36
-24,-40
-30,-8
-32,18
-27,24
0,41
22,48
18,49
12,49
22,49
32,46
40,44
27,47
25,49
12,47
-19,34
-31,22
-31,20
-32,-3
-33,-17
-34,-14
-32,-13
-32,-12
-33,4
-28,27
-29,21
-34,2
-36,8
-38,7
-37,17
-26,38
-22,45
-27,42
-29,38
-27,44
-30,38
-26,46
-26,48
-24,50
-27,48
-29,44
-23,51
-15,59
-6,62
-10,61
-25,54
-35,44
-33,43
-7,58
10,64
-16,55
-36,44
-33,47
-32,49
-32,51
-36,45
-45,30
-49,15
-42,-4
-40,-13
-43,-10
-47,-4
-47,-5
-48,-1
-50,17
-42,45
-27,61
-14,67
-12,67
-8,67
-11,68
-11,68
-10,68
-13,67
-21,62
-30,59
-13,64
6,64
0,62
-2,62
24,51
25,52
24,52
24,51
13,57
-15,61
-22,61
-28,60
-44,50
-54,28
-58,-4
-59,-11
-51,-22
-57,-16
-64,6
-63,5
-63,-6
-64,-3
-60,-17
-41,-30
-6,-41
-3,-43
-34,-39
-45,-37
-32,-43
-8,-46
-13,-50
-26,-50
-27,-49
-6,-44
21,-31
24,-30
18,-37
17,-39
1,-46
-29,-47
-32,-51
-29,-52
-44,-44
-48,-41
-28,-51
-34,-51
-42,-49
-44,-47
-45,-45
-38,-53
-40,-52
-44,-49
-40,-52
-33,-54
-22,-57
-32,-49
-59,-20
-63,2
-57,15
-51,23
-24,35
4,36
5,37
4,36
-27,29
-54,3
-58,-23
-58,-31
-59,-26
-56,-34
-50,-44
-36,-54
-18,-62
6,-61
15,-62
17,-58
28,-51
7,-62
-17,-65
-20,-65
-13,-65
-18,-64
-33,-57
-45,-39
-51,-23
-50,-14
-46,-32
-50,-18
-50,-6
-42,10
-20,29
-4,36
9,34
10,35
13,35
27,31
39,22
49,10
50,11
47,14
35,28
28,32
9,36
7,37
30,34
35,33
29,34
37,30
45,25
41,28
35,33
43,28
57,12
61,7
58,16
54,20
58,15
64,3
58,15
50,25
57,18
62,11
64,-10
62,-26
45,-42
13,-57
-5,-52
-23,-36
-34,-21
-26,-30
-11,-46
-21,-38
-34,-20
-34,-16
-31,-19
-34,-15
-35,-15
-27,-30
-13,-43
-22,-30
-31,-20
-28,-27
-31,-15
-35,12
-36,15
-36,14
-27,32
-21,40
-16,45
-5,51
2,54
8,57
-1,54
-22,40
-31,28
-23,42
-27,35
-32,3
-16,-26
13,-39
17,-40
-8,-36
-7,-34
8,-38
-11,-34
-18,-31
-8,-37
-17,-33
-28,-22
-15,-30
-5,-35
19,-32
36,-27
27,-28
-7,-33
-12,-34
0,-37
5,-37
-11,-35
-15,-33
-20,-28
-12,-31
5,-35
22,-31
21,-32
13,-34
10,-34
-2,-35
-11,-34
-35,-17
-46,-5
-30,-25
-20,-32
-5,-33
1,-35
-1,-37
-3,-36
2,-35
-20,-34
-34,-28
-46,-18
-38,-27
-35,-30
-46,-17
-55,14
-59,21
-57,27
-54,36
-56,9
-53,-13
-57,-10
-53,-15
-55,-6
-59,25
-62,22
-62,10
-50,-16
-33,-36
-20,-43
-24,-44
-29,-42
-34,-40
-29,-42
-16,-43
-15,-45
-26,-44
-31,-42
-19,-46
-30,-43
-56,-25
-60,-20
-52,-31
-46,-37
-27,-45
-3,-45
-18,-45
-47,-39
-58,-27
-60,-24
-62,-24
-66,-14
-66,-4
-61,21
-53,33
-46,38
-56,17
-57,19
-39,39
-33,42
-43,34
-58,17
-63,3
-61,-14
-58,-36
-60,-30
-48,-38
-29,-56
-14,-56
13,-53
27,-46
28,-44
25,-47
33,-35
32,-40
33,-32
35,3
35,12
41,0
43,-4
42,-15
37,-36
30,-47
33,-44
36,-43
15,-58
2,-64
-9,-61
-34,-55
-47,-39
-55,-26
-53,-30
-48,-34
-41,-47
-48,-38
-48,-7
-44,13
-46,8
-38,14
-24,30
-23,30
-34,19
-40,14
-33,22
-5,31
27,30
34,25
6,30
-28,21
-34,18
-24,26
-6,33
17,35
27,34
9,34
1,38
2,38
-1,37
-6,35
-1,36
0,36
-5,38
16,37
44,27
41,29
44,28
59,11
60,7
46,26
29,38
24,42
26,42
38,37
34,40
22,46
44,35
57,25
61,4
60,-27
61,-25
65,-5
63,15
55,29
57,24
65,7
66,1
65,-3
61,15
57,27
64,19
68,16
66,15
65,14
61,24
61,23
60,-7
35,-37
4,-44
-13,-37
-28,-25
-30,-23
-29,-23
-31,-18
-36,4
-33,26
-34,18
-34,2
-32,21
-24,44
-3,56
28,56
52,39
61,18
62,9
60,19
56,31
41,51
26,61
24,62
18,62
13,65
16,64
-1,63
-6,64
-4,64
5,66
11,66
1,65
-14,63
-29,51
-38,45
-33,51
-28,57
-27,57
-20,62
-20,61
-35,49
-44,38
-46,34
-47,30
-41,41
-16,61
2,66
-4,67
-1,67
3,67
10,65
25,58
31,52
27,56
19,60
-6,61
-30,59
-26,61
-19,64
-27,60
-38,55
-49,45
-53,40
-46,46
-39,53
-48,41
-59,26
-57,34
-54,38
-51,43
-45,50
-44,52
-38,55
-21,59
11,48
29,36
27,40
33,25
37,8
33,23
28,34
34,20
37,-1
35,-9
32,11
22,35
25,30
31,18
27,26
33,8
35,3
36,0
37,-5
34,-9
27,13
8,41
4,45
-7,46
-27,47
-31,47
-39,42
-51,33
-43,37
-23,45
-28,42
-39,38
-35,38
-50,28
-45,33
-28,41
-12,42
1,42
2,40
-12,41
-31,36
-24,38
-20,40
-18,39
6,35
28,22
34,14
22,23
-2,37
-13,40
-24,34
-38,28
-20,34
11,32
22,28
7,34
-1,36
-2,34
-11,35
1,34
6,35
4,36
7,34
-7,32
-21,32
-28,28
-26,28
-37,12
-50,-6
-51,-16
-51,-22
-51,-18
-49,-19
-38,-43
-20,-58
-2,-67
5,-68
13,-66
-2,-63
-12,-63
-10,-64
-25,-52
-40,-30
-42,-25
-37,-40
-33,-47
-39,-33
-41,-28
-31,-41
-36,-31
-40,-18
-38,-22
-36,-29
-36,-31
-39,-24
-40,-21
-39,-22
-38,-7
-31,-22
-18,-48
-13,-53
-14,-51
-22,-42
-36,-19
-35,3
-34,10
-36,2
-36,-12
-27,-32
-17,-45
-19,-43
-28,-27
-32,-18
-30,-27
-33,-19
-33,-6
-32,18
-32,16
-32,22
-28,29
-15,43
-10,48
0,50
-11,40
-32,15
-35,11
-34,15
-34,12
-35,1
-35,-8
-34,-14
-32,-15
-24,-25
-13,-35
-25,-20
-35,-3
-30,-13
-28,-20
-36,2
-38,11
-38,1
-36,-7
-40,2
-36,25
-27,48
-17,56
10,61
36,53
54,34
57,12
51,-16
47,-20
29,-28
-7,-32
-31,-18
-42,15
-44,26
-45,17
-44,25
-43,33
-47,20
-44,0
-40,-12
-31,-21
-30,-24
-25,-26
-10,-32
1,-35
-15,-31
-39,-16
-45,-11
-50,4
-51,14
-46,-4
-48,-8
-52,1
-54,19
-43,43
-25,60
-29,59
-39,55
-37,57
-30,59
-21,64
-18,64
-2,65
9,63
-8,63
-17,63
-1,63
-4,62
-22,60
-35,55
-44,49
-33,57
-24,62
-27,60
-36,55
-27,57
1,57
25,32
32,-8
34,-9
36,-2
34,11
35,16
26,-15
4,-41
8,-40
20,-32
26,-27
16,-36
-14,-46
-39,-42
-50,-37
-41,-39
0,-36
30,-9
27,17
16,37
19,36
23,33
26,29
27,27
30,24
32,13
6,26
-25,45
-9,43
24,18
33,-20
9,-48
-10,-57
9,-50
18,-47
13,-52
28,-34
37,-15
36,-20
32,-12
24,21
19,32
17,32
26,23
38,-1
38,1
22,23
-4,35
-8,38
-8,37
-21,33
-15,36
-15,39
0,38
13,34
12,34
-3,36
-9,38
4,37
6,33
-22,29
-34,27
-34,25
-29,29
-18,33
11,30
27,27
30,29
43,13
36,15
15,34
15,34
24,32
28,29
44,10
41,12
9,30
-19,29
-34,18
-42,5
-45,-7
-43,-1
-36,16
-31,20
-35,13
-40,3
-43,-13
-43,-11
-40,8
-37,11
-18,23
16,36
12,39
3,39
-4,37
5,38
11,40
10,41
29,37
53,20
50,24
20,39
8,41
33,39
39,38
26,42
34,40
49,32
34,41
13,46
-8,39
-24,27
-1,42
14,49
5,48
-1,46
-18,39
-23,34
-29,16
-24,-19
10,-42
46,-35
59,-25
45,-37
35,-46
40,-44
40,-42
47,-36
57,-25
53,-28
46,-32
41,-35
23,-43
25,-42
21,-44
4,-43
-12,-36
-27,-21
-36,-9
-36,-8
-31,-10
-1,-33
31,-34
47,-26
45,-27
42,-29
44,-26
51,-19
51,-18
39,-27
25,-36
27,-32
29,-31
18,-35
19,-36
14,-37
5,-37
8,-39
-4,-37
-4,-34
5,-36
12,-36
17,-34
5,-35
-18,-30
-35,-19
-42,-13
-43,-11
-49,-2
-52,4
-52,8
-51,24
-46,38
-33,56
-30,60
-35,54
-38,53
-30,60
-28,60
-40,50
-43,50
-50,42
-52,39
-36,54
-33,56
-38,56
-31,59
-7,63
8,61
6,62
-1,63
-4,63
7,61
7,60
1,62
4,57
29,34
37,21
36,25
36,16
34,-5
26,-25
10,-36
7,-39
11,-39
6,-40
15,-36
20,-32
22,-31
20,-34
20,-35
20,-36
19,-36
14,-40
5,-44
8,-44
11,-43
8,-45
4,-47
0,-49
-4,-51
-3,-51
-5,-53
-9,-55
-4,-53
-8,-54
-11,-56
-3,-54
-11,-54
-38,-50
-55,-37
-64,-19
-65,-7
-64,-7
-62,-2
-50,24
-44,33
-33,40
-24,42
1,38
19,31
22,29
31,18
39,-2
40,-12
38,-1
37,-23
32,-41
38,-27
42,-5
41,1
33,14
15,30
3,36
11,32
-21,25
-50,11
-41,18
-16,34
8,33
37,4
36,-39
25,-59
16,-64
21,-61
30,-57
27,-60
27,-59
20,-60
36,-43
51,-13
46,7
34,24
16,32
1,35
5,35
23,28
38,20
32,26
37,20
13,32
-10,33
-6,34
24,30
54,0
58,-23
56,-18
56,6
54,11
38,25
4,34
-18,30
-33,10
-39,-12
-38,-28
-36,-31
-24,-43
-16,-51
-24,-44
-19,-47
-5,-55
2,-58
-5,-56
-3,-53
20,-55
27,-56
38,-49
52,-41
55,-37
62,-19
67,-6
67,-4
62,16
63,16
64,12
64,13
65,13
65,3
65,-15
64,-20
63,-19
48,-31
23,-47
32,-45
49,-35
44,-39
40,-40
47,-34
57,-24
63,-9
59,-12
40,-35
45,-32
58,-18
60,-16
59,-19
51,-27
44,-33
44,-34
44,-32
50,-19
59,9
61,20
62,18
52,38
44,50
47,46
56,36
60,25
61,18
58,25
52,38
37,54
39,47
53,11
38,-21
18,-37
1,-36
-14,-32
-21,-24
-33,-13
-9,-28
14,-34
23,-31
33,-24
41,-13
41,-15
38,-17
47,4
45,34
36,53
41,45
48,28
43,29
29,52
-3,58
-37,52
-32,58
-22,63
-32,57
-48,37
-54,20
-48,37
-50,40
-50,42
-46,49
-52,37
-55,32
-43,50
-39,56
-40,55
-34,58
-35,57
-46,41
-59,8
-58,-13
-53,-24
-40,-34
-36,-35
-53,-22
-55,-22
-56,-23
-55,-25
-62,-14
-67,-1
-66,5
-65,17
-64,22
-64,22
-66,9
-64,19
-54,38
-53,37
-60,28
-57,30
-63,8
-63,2
-45,33
-34,43
-54,31
-53,35
-53,33
-57,32
-43,38
0,41
24,30
8,38
-19,44
-37,40
-51,30
-58,22
-62,12
-61,17
-58,15
-54,-26
-42,-51
-24,-55
6,-55
11,-56
1,-59
-24,-57
-48,-47
-56,-32
-53,-29
-21,-54
-15,-63
-25,-61
-31,-58
-21,-63
-9,-64
13,-58
21,-58
25,-54
38,-35
36,1
16,27
7,33
-7,34
-20,33
-5,35
-5,38
7,37
23,31
21,28
-13,29
-38,16
-50,-6
-49,-2
-41,13
-45,8
-38,14
-22,29
0,35
5,34
-23,21
-43,-12
-46,-13
-35,14
-8,35
5,38
-7,32
-23,27
-9,33
0,37
-11,34
0,36
13,37
33,30
39,29
46,24
55,12
59,3
60,-1
58,11
48,26
44,28
58,6
54,16
55,19
58,12
43,28
25,40
0,38
-21,31
-26,26
-22,30
3,41
21,47
21,49
19,47
28,44
48,35
61,21
65,9
66,-2
63,-17
62,-21
67,-4
67,-6
59,-24
42,-43
19,-48
-2,-48
-4,-47
-14,-37
-32,-13
-34,-8
-34,-12
-33,-6
-33,20
-26,33
-29,8
-29,-21
-27,-21
-18,-28
-5,-40
0,-42
13,-40
21,-38
43,-26
50,-22
30,-35
7,-39
-3,-40
8,-38
19,-38
-4,-35
-27,-21
-17,-25
10,-36
35,-27
48,-20
42,-26
41,-27
40,-24
51,-7
55,0
55,8
55,7
55,18
55,16
53,4
36,-21
15,-33
8,-34
26,-26
42,-9
49,13
50,11
50,20
50,7
44,-6
28,-25
27,-27
29,-26
14,-32
-12,-35
-27,-30
-43,-19
-50,-12
-52,1
-41,38
-2,60
21,56
19,57
30,45
42,27
35,37
24,52
31,31
38,3
38,19
40,20
33,-4
12,-32
16,-32
22,-29
16,-33
0,-38
-7,-41
-11,-42
-16,-44
-14,-44
-15,-44
0,-42
1,-41
-31,-38
-44,-33
-19,-43
5,-42
12,-40
-3,-46
-13,-48
2,-41
28,-21
34,-13
35,4
36,2
36,-4
30,15
19,31
3,44
6,44
14,39
15,36
29,19
26,24
25,29
33,15
38,-3
35,2
31,17
32,18
19,28
-12,41
-32,38
-52,21
-51,24
-45,31
-42,34
-35,37
-32,39
-25,41
-22,41
-37,33
-36,32
-18,40
-4,39
-16,34
-43,23
-40,25
-1,29
30,18
23,25
10,34
11,34
15,33
-14,29
-41,20
-35,23
-18,32
-20,31
-35,24
-32,27
-24,32
-13,34
13,34
22,32
18,33
33,19
47,5
27,18
-5,33
14,32
37,19
50,-16
43,-46
44,-47
35,-54
38,-53
44,-48
41,-52
36,-57
19,-64
18,-65
24,-62
22,-63
32,-58
51,-37
60,-18
58,-26
59,-18
61,-1
62,-18
61,-22
64,-8
63,-12
62,-22
62,-9
56,12
36,33
17,41
3,43
10,44
30,42
45,34
59,16
60,-13
62,-25
66,-16
66,-3
64,13
64,18
61,21
63,18
67,7
65,4
58,23
51,36
53,34
53,35
58,28
66,12
68,2
65,-12
66,-13
66,-8
67,0
65,10
63,25
67,15
65,12
57,30
47,42
28,55
39,49
54,38
51,44
40,51
27,58
27,60
44,48
47,47
44,50
51,41
40,46
25,61
30,61
36,59
36,58
44,51
44,51
32,59
28,61
25,63
29,60
13,64
22,62
44,44
55,27
56,17
56,14
53,8
51,3
36,-20
17,-33
16,-33
10,-36
15,-31
23,-28
5,-34
-24,-28
-41,-16
-43,-17
-47,-12
-47,-14
-47,-14
-46,-14
-39,-22
-31,-30
-25,-31
-13,-36
-19,-37
-25,-33
-34,-28
-18,-35
-15,-37
-39,-23
-56,-6
-52,-15
-49,-19
-32,-31
-22,-38
-19,-37
-24,-39
-34,-37
-15,-38
15,-25
34,12
35,27
23,39
4,55
15,49
16,48
6,54
13,49
29,31
18,34
-5,52
7,51
10,49
-7,54
-9,54
1,52
7,50
-3,50
-14,51
-31,42
-59,23
-65,12
-65,13
-53,29
-38,43
-30,46
-27,46
-33,45
-32,46
-38,38
-49,32
-34,42
-21,46
-34,39
-33,39
-17,43
-9,44
-9,44
-12,43
-29,34
-54,19
-53,23
-39,34
-34,33
-48,24
-45,27
-36,32
-41,29
-51,19
-52,16
-56,11
-59,-1
-59,-17
-58,-27
-55,-36
-49,-41
-45,-46
-56,-30
-58,-23
-50,-34
-44,-48
-46,-46
-49,-41
-52,-33
-51,-30
-49,-31
-46,-40
-48,-36
-52,-22
-51,-16
-51,-21
-51,-22
-49,-28
-48,-25
-39,10
-26,28
-33,17
-43,-17
-39,-42
-35,-48
-33,-49
-42,-25
-45,-4
-42,-10
-33,-37
-32,-47
-30,-51
-30,-50
-33,-45
-37,-37
-38,-28
-22,-46
-6,-61
2,-62
20,-62
24,-62
5,-62
-13,-54
-30,-38
-38,-17
-39,-2
-39,-13
-34,-29
-30,-37
-24,-44
-15,-50
-20,-41
-34,-21
-35,-11
-35,4
-35,6
-30,15
-24,28
-30,17
-34,-4
-31,-20
-17,-37
11,-51
24,-51
18,-50
-1,-47
4,-50
2,-47
-25,-19
-32,16
-22,36
-20,40
-31,27
-30,29
-12,46
11,55
35,51
50,40
53,36
37,50
32,56
27,54
-6,51
-9,53
14,59
18,58
-8,54
-21,51
-20,52
-24,48
-34,18
-38,-6
-40,0
-41,22
-38,31
-31,44
-16,55
15,60
40,51
27,59
29,60
50,43
53,37
47,44
43,49
33,55
18,65
13,64
-4,65
-4,67
9,66
5,66
4,68
17,64
42,39
51,13
50,3
49,14
48,28
46,18
29,-17
11,-34
-13,-34
-26,-30
-27,-26
-51,5
-56,24
-56,14
-51,-7
-52,-7
-49,-15
-49,-17
-55,-7
-58,-1
-59,2
-58,-4
-61,4
-60,2
-53,-13
-31,-29
-4,-38
3,-37
26,-16
37,17
36,26
36,24
39,11
34,-8
29,-20
28,-21
32,-14
31,-17
29,-23
23,-28
22,-28
28,-18
33,7
27,30
19,42
6,49
-3,52
1,52
9,47
21,36
24,31
13,41
14,40
5,42
-4,50
4,47
9,42
7,43
24,18
34,-16
23,-36
18,-42
26,-34
31,-22
34,-22
34,-10
35,8
36,5
26,18
13,35
12,36
26,21
37,2
39,-10
36,-25
21,-48
3,-59
-14,-63
-4,-60
9,-58
-9,-62
-9,-63
-1,-62
19,-53
33,-43
40,-32
44,-21
42,-9
23,17
-3,35
-15,36
-28,29
-34,28
-13,34
11,33
22,29
38,16
43,7
20,22
4,34
-4,35
3,33
37,12
51,-16
50,-24
52,-12
50,1
51,-1
54,-15
55,-21
56,-21
50,-7
25,25
7,37
5,38
6,38
0,37
-9,35
-13,32
-8,35
4,39
3,36
-19,23
-17,29
3,41
17,40
28,38
6,39
-10,38
15,38
49,22
47,22
15,38
-4,40
-4,39
7,41
4,41
4,43
7,43
-10,32
-34,7
-36,0
-32,-17
-26,-34
-21,-39
-6,-48
15,-54
22,-54
13,-52
24,-43
59,-21
67,-4
62,17
50,35
35,48
42,47
56,31
64,5
63,-13
50,-33
44,-38
27,-44
15,-47
-1,-44
-13,-38
-27,-24
-35,-7
-30,-13
-23,-27
1,-36
26,-39
33,-38
36,-36
9,-40
-5,-39
-7,-37
-10,-35
7,-39
12,-41
8,-39
2,-37
-16,-29
-10,-32
-6,-34
-23,-26
-8,-30
12,-37
13,-38
18,-36
28,-32
29,-32
35,-27
34,-28
29,-29
25,-29
-5,-34
-21,-30
-1,-33
23,-31
9,-33
-19,-32
-30,-26
-42,-13
-52,11
-54,19
-49,31
-32,53
1,64
9,66
-14,63
-36,56
-40,54
-43,48
-47,42
-22,58
17,54
34,44
35,42
42,20
37,-7
26,-25
17,-33
9,-35
19,-28
34,-10
35,-12
28,-22
23,-27
20,-30
0,-36
-41,-27
-55,-18
-56,-17
-57,-15
-35,-31
-19,-43
-25,-44
-32,-41
-49,-32
-56,-23
-62,-15
-60,-18
-55,-26
-54,-28
-44,-36
-48,-34
-45,-35
-40,-42
-50,-36
-65,-10
-67,-5
-62,-23
-56,-33
-58,-30
-58,-30
-63,-18
-66,9
-59,27
-46,38
-25,42
2,43
19,31
31,15
35,0
32,-23
15,-48
-3,-57
-11,-58
-19,-59
-16,-61
-14,-63
-27,-58
-34,-55
-20,-60
0,-55
27,-38
36,-18
38,0
37,6
38,6
40,-13
36,-6
26,22
32,20
32,18
20,27
30,21
41,1
44,-22
40,-38
26,-54
9,-63
-4,-66
-15,-65
0,-62
27,-54
22,-59
23,-60
36,-49
32,-53
28,-53
47,-21
51,-15
47,-2
39,19
30,29
26,30
42,18
42,18
28,29
41,15
54,-6
54,-28
53,-30
54,-7
45,18
37,27
25,34
37,19
58,-6
58,0
57,7
59,-1
60,-22
39,-47
-1,-57
-28,-44
-36,-27
-29,-39
-32,-26
-38,-7
-31,9
-5,37
31,31
58,12
61,6
62,-11
65,-7
64,7
40,30
16,45
8,43
-15,33
-30,0
-29,-27
-24,-36
-17,-42
-19,-39
-23,-33
-14,-41
-16,-42
-15,-41
-16,-37
-19,-32
-19,-31
-33,1
-32,19
-32,10
-32,-16
-25,-29
-28,-23
-35,-11
-37,-2
-32,-10
-23,-28
-18,-34
-5,-39
-5,-40
-20,-31
-27,-22
-28,-19
-8,-31
27,-36
43,-30
45,-29
31,-35
19,-38
18,-38
-6,-36
-6,-37
-6,-36
-19,-30
-12,-34
5,-36
21,-36
31,-30
51,-5
60,8
58,8
57,17
54,30
54,29
56,22
55,18
54,19
52,19
52,26
52,12
37,-12
8,-33
-12,-35
-22,-31
-37,-19
-36,-20
-45,-6
-52,10
-51,25
-46,42
-50,23
-54,20
-56,23
-57,21
-52,1
-52,-6
-53,23
-41,50
-19,61
16,55
23,52
3,62
-4,65
1,64
12,60
-5,60
-33,58
-42,54
-43,52
-41,52
-42,49
-45,47
-29,57
-9,56
24,38
33,31
27,38
3,52
-9,56
18,41
33,24
36,10
37,4
26,19
5,48
9,49
3,50
-19,53
-39,47
-51,38
-32,45
-7,52
-4,53
1,50
-15,49
-28,49
-26,49
-25,49
-24,48
-11,46
-4,47
-7,48
15,33
34,9
32,14
29,22
31,17
28,-13
4,-53
-1,-58
12,-52
25,-39
34,-11
36,4
29,17
25,24
35,5
33,4
30,16
38,4
36,-24
27,-47
23,-50
7,-57
-19,-61
-42,-51
-20,-53
24,-40
35,-3
23,25
15,32
23,25
42,3
40,7
25,25
5,34
-21,30
-42,9
-52,-16
-48,0
-35,22
-3,30
24,29
20,32
9,34
-18,28
-41,4
-46,-16
-43,-36
-40,-44
-28,-54
-18,-62
-26,-57
-18,-59
-8,-63
-22,-56
-33,-49
-31,-49
-31,-48
-40,-32
-43,-13
-40,-1
-34,15
-23,27
-5,37
12,36
32,32
1,31
-30,17
-17,29
4,39
18,40
22,41
21,42
14,42
-10,35
-26,25
-27,23
-20,32
-19,33
-24,28
-30,19
-25,27
-9,40
11,46
30,44
45,39
56,27
64,12
62,14
63,16
65,14
63,14
59,24
63,5
59,-27
42,-40
0,-36
-31,-9
-35,-7
-35,5
-32,23
-35,16
-34,18
-35,4
-35,15
-32,24
-30,-6
-19,-31
-3,-40
7,-44
-3,-39
-16,-34
-26,-23
-25,-26
-22,-30
-17,-32
13,-36
31,-34
12,-38
-2,-38
-19,-31
-18,-33
-20,-29
-25,-20
-40,4
-41,6
-15,-22
19,-33
18,-34
-7,-31
-5,-34
-2,-37
2,-36
18,-32
33,-25
32,-21
40,22
32,56
28,62
11,64
-6,67
3,67
4,66
-20,58
-44,30
-45,-2
-14,-25
16,-32
18,-32
28,-24
35,-18
32,-21
30,-23
32,-20
42,3
41,30
24,50
21,53
29,48
16,55
14,58
32,44
40,32
41,13
40,4
39,15
20,40
-15,59
-31,59
-25,60
1,58
26,41
36,22
34,25
36,18
37,12
23,36
13,50
31,24
35,12
19,40
5,53
8,49
13,47
5,52
8,49
-1,51
-10,55
-16,55
-22,52
-27,53
-24,52
-2,47
17,39
17,39
20,37
15,37
24,26
24,28
24,31
32,10
35,-17
36,-18
36,-17
34,-17
36,1
34,13
33,16
31,19
29,21
28,22
24,27
19,32
24,28
34,-3
25,-41
22,-50
27,-47
22,-50
-5,-59
-26,-61
-12,-63
-8,-63
-20,-64
-20,-63
-7,-62
0,-65
-20,-63
-44,-45
-51,-37
-49,-40
-54,-29
-51,-32
-47,-43
-50,-38
-34,-51
-27,-61
-28,-59
3,-59
30,-56
26,-59
25,-61
19,-66
1,-67
-29,-55
-38,-48
-22,-60
-12,-65
-19,-63
-19,-62
-20,-61
-16,-62
-3,-61
34,-49
52,-15
49,12
47,17
40,25
17,35
-15,29
-24,25
2,35
26,35
26,35
-3,32
-22,27
-27,18
-37,-13
-37,-20
-37,0
-39,-3
-40,-2
-34,12
-23,27
-12,36
-24,25
-32,16
-22,28
-23,27
-31,18
-33,17
-30,22
-34,9
-36,-6
-33,-21
-33,2
-25,30
-2,43
30,45
40,44
56,31
63,20
66,12
67,-9
64,-15
64,8
63,1
59,-21
62,4
63,20
66,14
64,17
62,-3
61,-13
63,-5
58,18
42,47
27,56
8,58
11,60
11,58
-10,54
-6,54
32,49
59,27
61,18
60,9
60,19
56,33
51,45
49,49
43,52
39,55
28,60
9,64
-2,63
-21,55
-34,43
-38,38
-22,54
-12,63
-11,63
11,65
10,65
-15,60
-36,47
-45,27
-47,10
-42,-5
-33,-22
-40,-17
-42,-10
-23,-26
-14,-34
-4,-36
3,-35
13,-32
-5,-34
-13,-34
4,-35
17,-31
29,-23
40,-9
41,-2
45,14
45,8
36,-12
24,-27
18,-31
21,-29
14,-33
18,-31
25,-25
25,-26
27,-24
31,-17
39,6
41,14
40,18
36,25
19,48
8,57
-6,59
-16,60
-16,61
0,56
14,51
22,45
26,40
32,24
37,3
36,0
34,-9
22,-24
-8,-44
-8,-47
5,-44
20,-31
28,-25
28,-25
24,-30
13,-43
-3,-50
-11,-49
7,-45
21,-34
33,-11
35,7
29,22
18,35
23,27
28,18
32,9
22,24
4,42
17,31
36,-5
37,-22
32,-31
31,-26
37,-11
33,-28
23,-44
23,-44
35,-28
35,-28
24,-46
16,-55
-4,-61
-14,-62
-8,-62
-30,-56
-52,-38
-54,-34
-51,-40
-58,-19
-58,-6
-48,13
-37,27
-33,30
-36,25
-38,23
-14,34
-3,38
2,37
9,34
26,27
29,26
21,31
21,31
24,28
4,32
-28,23
-42,11
-37,16
-8,30
7,33
-13,32
-17,31
-11,36
6,32
38,22
43,21
46,18
52,2
51,-30
43,-47
42,-50
27,-59
15,-64
14,-64
19,-63
29,-60
14,-63
-7,-60
-4,-61
1,-62
1,-61
10,-62
18,-62
5,-61
-10,-56
-26,-42
-35,-28
-32,-31
-28,-39
-34,-26
-36,-14
-37,-18
-37,-15
-35,-5
-37,6
-36,5
-28,23
-20,35
-17,37
-17,39
-5,45
17,48
46,37
57,30
56,31
65,13
70,2
68,-8
65,-14
60,-22
53,-31
44,-40
44,-38
38,-40
23,-46
24,-45
15,-46
10,-47
7,-46
-2,-41
-24,-26
-35,-10
-34,-12
-32,-12
-33,-10
-26,-21
-23,-28
-23,-27
-24,-26
-25,-24
-14,-34
-7,-38
-21,-25
-37,-8
-39,-5
-41,-2
-41,5
-41,25
-40,28
-40,29
-42,14
-42,2
-42,0
-41,10
-30,46
-7,65
5,65
-18,58
-40,39
-46,7
-44,-9
-42,-13
-38,-15
-17,-28
3,-35
-10,-34
-22,-31
-25,-28
-37,-21
-30,-26
-23,-30
-39,-19
-39,-19
-24,-30
-4,-34
6,-35
2,-35
7,-34
17,-31
18,-29
-21,-25
-54,-5
-59,4
-58,2
-59,5
-58,3
-60,8
-61,4
-59,20
-55,37
-57,31
-61,16
-61,18
-59,27
-63,18
-60,10
-56,-11
-63,0
-62,-3
-59,-13
-56,-20
-61,-11
-65,13
-62,25
-48,42
-24,55
-11,58
-13,57
-37,46
-54,35
-59,19
-63,-8
-66,-9
-67,-12
-67,-9
-68,7
-65,-1
-61,-25
-54,-35
-58,-27
-62,-23
-63,-21
-67,-7
-63,14
-51,33
-35,41
-3,42
23,26
21,26
-4,41
-17,45
-22,43
-8,44
7,40
4,39
8,37
24,27
21,30
13,34
2,37
-4,40
11,36
10,36
11,34
28,18
42,-5
44,-13
41,-23
40,-32
43,-27
42,-12
31,16
27,23
37,15
36,17
41,6
48,-16
46,-22
37,-41
22,-60
1,-66
-11,-65
-27,-60
-32,-58
-38,-52
-36,-53
-34,-54
-36,-51
-24,-57
-18,-59
-33,-50
-35,-45
-44,-23
-48,-21
-45,-11
-43,3
-45,-3
-45,-18
-32,-38
-6,-61
-6,-64
-10,-64
-3,-65
-16,-56
-21,-52
-16,-55
-34,-29
-36,7
-27,25
-21,31
-9,37
2,40
9,41
-1,38
-17,31
-19,30
-26,21
-34,16
-35,16
-33,17
-31,18
-32,19
-33,17
-32,10
-38,-9
-38,-10
-37,-9
-36,-16
-33,-15
-30,12
-31,15
-34,10
-31,17
-32,-8
-29,-27
-31,-14
-28,21
0,45
21,51
6,49
-14,44
-21,41
-9,50
7,55
14,56
8,55
-15,39
-30,3
-33,-14
-34,-13
-38,3
-38,14
-34,25
-23,43
-7,56
-10,53
-24,42
-34,20
-38,14
-40,17
-31,37
-18,54
-6,59
13,63
17,65
22,63
5,61
-24,50
-35,42
-35,42
-37,41
-31,49
-24,56
-23,57
-17,62
-17,62
-18,62
-19,60
0,62
32,53
49,30
51,10
51,3
40,-13
2,-27
-30,-26
-31,-27
-26,-29
-19,-31
-13,-34
-20,-32
-19,-32
-2,-35
21,-25
37,13
41,35
41,3
33,-19
35,-14
42,14
35,40
22,54
23,56
6,57
-35,50
-51,37
-44,-2
-27,-35
-34,-30
-56,8
-62,26
-61,29
-61,28
-62,17
-53,-12
-44,-32
-31,-37
-18,-42
-2,-39
21,-28
28,-21
19,-29
6,-36
-17,-42
-4,-41
14,-37
20,-25
32,-8
30,-9
28,18
31,10
31,-20
31,-20
33,-9
31,12
30,23
19,36
13,42
16,39
13,40
-6,41
-34,43
-39,41
-26,42
-39,33
-56,26
-60,19
-56,24
-53,24
-58,-9
-37,-45
-26,-58
-33,-55
-12,-53
14,-52
11,-54
9,-54
-16,-57
-29,-58
-18,-61
-11,-60
8,-58
9,-60
8,-60
16,-56
25,-51
33,-40
41,-13
36,11
28,25
19,30
10,35
7,34
-15,33
-27,32
-4,34
12,33
10,32
28,19
47,-8
51,-17
40,-33
11,-61
-3,-68
-5,-67
3,-67
-1,-68
-28,-52
-45,-31
-43,-37
-43,-43
-25,-55
0,-66
-6,-66
-11,-64
-11,-63
-17,-63
-23,-59
-15,-58
-3,-64
2,-65
30,-50
57,-21
55,-32
46,-50
50,-42
58,-25
59,-23
54,-31
22,-56
-14,-55
-20,-51
1,-60
19,-60
30,-58
33,-58
29,-58
44,-49
54,-39
55,-10
49,26
32,40
15,46
9,45
34,38
59,19
64,12
66,4
65,11
52,26
38,41
50,36
57,31
54,33
45,43
28,51
15,51
31,46
55,33
51,36
53,30
65,10
64,17
66,8
64,14
63,22
67,10
66,14
48,38
4,44
-31,13
-37,1
-35,-2
-32,-18
-34,-4
-25,36
1,59
25,60
17,59
-5,58
-16,54
-27,48
-29,45
-12,56
12,64
8,63
-5,63
-2,61
14,63
5,66
-14,55
-35,40
-26,54
-16,60
-27,54
-40,43
-38,48
-37,41
-45,10
-47,19
-40,43
-30,55
-13,64
-3,67
10,64
18,63
14,64
26,57
20,62
11,66
0,67
1,67
-10,63
-28,60
-35,54
-49,34
-55,23
-55,22
-57,17
-58,27
-50,39
-32,54
-7,61
19,54
35,40
37,37
40,28
43,15
38,25
22,48
16,54
17,53
-1,60
-12,63
-21,61
-11,59
7,54
3,53
-10,58
12,49
33,23
37,10
35,1
31,-16
28,-22
17,-34
9,-40
7,-41
-21,-43
-39,-43
-38,-44
-49,-37
-49,-38
-44,-43
-52,-35
-32,-45
-2,-49
-5,-50
-24,-52
-32,-50
-23,-50
-14,-54
-25,-55
-31,-53
-43,-45
-37,-51
-35,-54
-37,-54
-45,-48
-46,-44
-27,-56
-16,-59
-6,-59
-16,-57
-27,-56
-6,-59
-4,-61
-16,-62
-30,-59
-39,-55
-43,-52
-54,-39
-59,-30
-61,-28
-61,-27
-58,-10
-43,21
-16,36
0,38
6,35
27,21
41,0
44,-20
46,-16
47,-19
45,-24
43,-14
39,9
35,16
41,1
38,4
13,27
-7,34
-10,35
-10,33
4,36
0,36
-1,36
15,33
32,26
20,32
21,32
37,18
53,-12
56,-20
54,-22
51,-38
50,-41
49,-37
53,-3
44,18
14,31
-18,26
-27,23
-16,31
-31,12
-42,-4
-41,-6
-41,-10
-42,-5
-37,8
-26,23
-28,18
-26,20
-7,38
-11,39
-8,40
7,42
34,36
46,32
51,28
50,29
31,40
22,44
36,40
44,38
51,31
62,17
49,31
46,37
56,23
55,-21
46,-41
57,-31
55,-34
42,-43
44,-37
63,-13
66,1
63,9
40,35
-9,36
-31,19
-29,28
-24,38
-32,25
-32,8
-26,-22
-21,-33
-13,-36
5,-39
42,-21
62,-4
60,-15
49,-29
41,-31
52,-18
51,-23
42,-32
39,-34
45,-22
51,19
51,40
59,26
57,32
56,27
58,2
59,4
54,-7
43,-23
41,-17
48,25
39,53
36,57
36,57
25,62
24,63
16,63
16,64
31,60
21,63
-3,63
-25,60
-32,55
-42,40
-51,22
-53,8
-51,0
-38,-18
-20,-32
-20,-32
-5,-32
-11,-33
-32,-29
-39,-24
-44,-19
-45,-19
-55,-1
-56,3
-55,2
-56,25
-54,7
-55,-5
-54,-6
-53,-13
-58,-4
-60,3
-56,-9
-60,6
-60,21
-60,5
-54,-11
-59,-10
-64,1
-62,20
-51,41
-44,48
-56,33
-61,27
-60,17
-54,-16
-38,-36
-40,-37
-57,-24
-65,-5
-65,3
-60,-15
-49,-34
-47,-37
-38,-41
-17,-49
0,-47
13,-38
27,-20
33,-2
31,19
25,27
18,37
15,41
20,38
15,41
11,42
14,39
16,35
29,13
29,-25
10,-49
-24,-52
-52,-42
-59,-35
-60,-28
-63,-2
-60,15
-50,27
-50,25
-60,12
-62,0
-55,-28
-47,-46
-56,-34
-59,-29
-52,-41
-38,-53
-23,-61
-4,-63
6,-62
-1,-64
-12,-65
-14,-65
-22,-63
-39,-54
-53,-37
-57,-9
-52,4
-54,-7
-55,-12
-44,12
-27,28
8,27
38,15
44,-6
34,-45
13,-63
12,-65
3,-68
4,-68
3,-67
1,-66
32,-53
37,-52
39,-46
51,-23
54,-22
54,-28
54,-31
55,-28
52,-36
48,-43
55,-26
56,-4
44,14
10,30
3,37
13,38
22,35
47,16
58,-12
56,-35
58,-29
60,-11
44,19
27,36
41,31
52,21
46,23
14,37
-5,39
-16,33
-23,27
-27,23
-31,14
-37,-4
-37,-14
-35,-18
-31,-21
-18,-42
-2,-53
0,-54
4,-55
13,-55
21,-54
24,-52
2,-48
-15,-43
-9,-47
-8,-45
-27,-22
-34,9
-33,21
-21,37
-16,41
-24,34
-25,35
-30,30
-33,21
-37,8
-37,11
-30,31
-23,42
-30,27
-35,14
-35,15
-36,6
-38,9
-37,25
-36,31
-35,33
-31,38
-30,40
-36,32
-40,27
-38,16
-38,-3
-41,5
-44,19
-43,15
-35,33
-23,53
-17,58
5,65
25,62
37,56
43,51
38,52
36,56
50,40
52,34
42,50
37,53
19,63
9,67
30,54
48,24
51,15
48,28
31,50
16,64
-2,68
-6,69
-10,66
-29,54
-41,47
-43,46
-45,46
-41,48
-47,42
-34,55
-30,60
-41,48
-53,17
-57,0
-57,4
-47,-12
-42,-24
-44,-22
-32,-31
-23,-36
-23,-37
-36,-33
-37,-34
-44,-30
-55,-18
-61,-8
-63,13
-63,24
-65,20
-64,16
-65,18
-65,20
-63,23
-59,34
-61,30
-64,7
-57,-19
-40,-38
-31,-44
-34,-44
-47,-37
-57,-20
-60,18
-60,25
-66,14
-66,7
-67,-1
-66,5
-67,4
-65,12
-60,26
-54,27
-49,-15
-25,-48
-36,-45
-57,-30
-61,-26
-64,-10
-59,17
-59,13
-64,8
-61,0
-48,-35
-30,-52
1,-53
-5,-57
-27,-56
-48,-44
-51,-45
-51,-44
-59,-19
-53,15
-54,15
-57,11
-60,3
-63,-3
-59,-17
-36,-50
-27,-62
-26,-61
-21,-64
-14,-63
17,-54
29,-49
39,-35
40,-37
40,-37
44,-24
