-6,15
-4,17
-3,16
-2,16
1,16
2,15
4,15
5,15
5,13
8,13
9,13
11,12
11,11
13,10
13,9
14,8
14,7
14,5
15,5
16,2
15,0
15,-2
16,-4
16,-5
15,-6
14,-8
14,-9
12,-9
11,-10
11,-12
9,-13
8,-14
8,-13
5,-14
5,-15
4,-15
1,-16
0,-16
-2,-15
-4,-14
-5,-14
-6,-16
-8,-14
-8,-14
-9,-12
-11,-11
-12,-11
-14,-10
-14,-8
-15,-7
-14,-5
-13,-5
-16,-3
-17,-1
-16,0
-15,2
-15,4
-15,4
-13,6
-13,7
-12,9
-11,11
-10,11
-9,12
-8,13
-6,13
-6,15
-5,15
-3,14
-2,16
0,16
2,15
3,15
3,15
4,15
7,12
9,13
9,13
10,13
12,10
13,9
14,9
14,7
15,5
16,3
16,3
15,2
16,-1
16,-3
15,-4
16,-6
15,-8
14,-8
14,-10
12,-11
10,-12
11,-11
10,-11
8,-13
7,-14
5,-15
3,-15
4,-16
3,-16
2,-16
-1,-15
-3,-15
-4,-15
-5,-14
-7,-14
-8,-13
-10,-12
-12,-11
-12,-8
-13,-9
-13,-9
-13,-6
-14,-4
-15,-3
-16,0
-16,2
-17,1
-17,2
-14,5
-13,5
-15,6
-15,8
-13,9
-13,11
-11,12
-9,11
-9,13
-7,15
-6,15
-4,15
-3,15
-2,15
1,15
2,15
3,14
4,14
5,15
7,14
9,13
10,11
12,10
12,9
13,9
14,8
15,6
15,4
15,4
14,3
16,1
16,0
14,-2
15,-3
15,-5
14,-5
14,-6
13,-8
12,-11
12,-11
12,-12
10,-14
9,-14
6,-15
4,-15
3,-14
3,-15
2,-16
0,-15
-1,-15
-3,-15
-6,-14
-7,-12
-8,-14
-10,-14
-11,-11
-11,-9
-12,-9
-14,-9
-16,-8
-15,-6
-14,-5
-14,-4
-15,0
-17,1
-18,0
-16,0
-15,3
-14,6
-14,6
-14,8
-13,10
-11,11
-10,11
-11,13
-8,14
-7,15
-6,15
-5,17
-3,17
-1,16
1,16
2,16
3,16
5,15
7,15
8,14
8,13
10,12
12,11
12,9
12,9
13,6
14,5
16,4
16,4
16,3
15,1
16,-1
16,-2
15,-5
14,-5
14,-6
12,-7
12,-8
13,-10
12,-12
10,-13
8,-14
7,-15
5,-14
5,-13
4,-14
2,-14
0,-14
-1,-13
-3,-14
-6,-15
-7,-15
-7,-14
-7,-14
-9,-13
-11,-11
-12,-10
-12,-9
-13,-8
-14,-7
-15,-5
-14,-3
-14,-3
-15,-2
-16,-1
-16,1
-15,3
-14,5
-14,6
-13,8
-13,11
-13,9
-11,11
-10,13
-9,13
-8,13
-6,14
-4,15
-3,15
-2,15
-1,14
0,14
2,15
4,17
5,17
8,15
8,14
10,13
10,12
11,11
13,11
12,9
13,8
15,7
15,5
15,3
14,2
15,-1
15,-3
15,-3
15,-6
15,-6
13,-8
14,-9
14,-10
12,-12
10,-12
9,-12
8,-13
8,-13
7,-15
4,-15
2,-16
0,-16
-1,-16
-2,-15
-4,-15
-6,-15
-7,-15
-8,-14
-9,-12
-10,-11
-11,-9
-13,-10
-14,-9
-14,-9
-14,-7
-15,-4
-17,-2
-16,-1
-15,0
-15,1
-16,3
-16,4
-15,5
-13,7
-12,7
-13,10
-11,11
-10,12
-10,13
-10,14
-8,14
-5,16
-6,17
-5,16
-3,15
-1,16
0,16
3,16
5,15
7,15
7,14
8,14
9,13
11,12
12,11
12,10
14,9
13,7
12,5
13,4
14,2
14,1
15,-1
15,-2
14,-3
15,-3
15,-6
16,-9
14,-9
12,-8
11,-9
11,-11
9,-13
9,-14
6,-14
5,-15
4,-15
2,-14
1,-15
-1,-16
-3,-16
-4,-16
-6,-16
-7,-14
-7,-12
-9,-13
-10,-12
-11,-11
-13,-9
-13,-9
-15,-6
-15,-5
-16,-4
-16,-3
-15,-1
-16,1
-16,1
-16,2
-15,4
-16,6
-16,7
-14,9
-13,11
-12,10
-10,11
-9,12
-8,13
-8,15
-6,16
-6,15
-4,16
0,16
1,17
3,15
3,15
4,16
4,16
7,15
9,14
11,13
11,11
12,10
12,10
13,8
14,7
15,6
15,4
16,3
15,2
15,0
14,-2
16,-2
16,-5
15,-7
13,-8
12,-10
13,-11
11,-11
10,-12
8,-13
7,-13
6,-14
5,-15
3,-14
1,-15
-1,-15
-1,-15
-3,-15
-3,-15
-5,-14
-6,-13
-8,-13
-9,-12
-10,-12
-13,-11
-14,-10
-14,-8
-15,-7
-15,-6
-16,-3
-16,-2
-16,-3
-16,0
-15,2
-16,4
-16,6
-14,6
-13,7
-13,8
-13,9
-11,11
-9,13
-8,14
-7,13
-6,14
-6,16
-4,17
-2,16
-1,17
1,17
3,16
5,16
6,16
9,15
10,15
10,14
11,12
12,10
14,10
13,9
14,8
16,7
17,5
17,4
15,2
14,1
15,0
14,-2
15,-5
15,-5
14,-6
14,-8
13,-11
10,-11
11,-11
10,-13
9,-14
8,-15
7,-15
5,-15
2,-16
1,-16
0,-15
-2,-14
-4,-15
-5,-15
-6,-15
-7,-14
-9,-12
-10,-12
-11,-10
-12,-10
-13,-9
-13,-7
-14,-7
-15,-6
-16,-3
-16,-1
-16,0
-16,1
-16,2
-16,3
-15,5
-14,6
-13,8
-13,9
-12,9
-11,11
-11,12
-9,13
-8,14
-6,14
-4,15
-2,16
-2,17
0,17
2,16
4,16
5,17
6,16
6,14
9,12
10,11
10,12
11,11
12,9
14,7
14,7
14,6
14,4
15,3
17,2
17,-1
15,-4
16,-4
15,-5
15,-6
14,-8
13,-7
12,-10
12,-12
10,-12
9,-13
8,-13
7,-14
5,-14
4,-16
3,-16
2,-16
-1,-15
-2,-16
-3,-16
-5,-16
-5,-14
-7,-13
-8,-13
-9,-12
-10,-11
-12,-10
-14,-9
-14,-7
-15,-6
-14,-4
-15,-3
-15,-3
-15,0
-15,1
-15,2
-14,4
-14,5
-14,7
-13,9
-12,10
-11,11
-11,13
-8,14
-8,14
-6,15
-4,15
-3,14
-3,14
-1,15
0,15
1,16
3,15
5,15
5,15
7,14
9,12
11,13
11,11
12,10
14,8
14,7
15,6
15,5
16,4
16,3
15,3
15,0
15,-2
16,-4
15,-4
15,-7
13,-8
13,-8
12,-10
10,-11
10,-12
9,-13
6,-14
5,-15
4,-15
4,-15
2,-16
1,-15
0,-14
-1,-14
-5,-15
-7,-15
-7,-14
-8,-14
-10,-13
-11,-12
-12,-12
-13,-11
-13,-10
-14,-8
-13,-4
-15,-4
-16,-3
-15,-1
-15,2
-16,3
-15,3
-15,4
-15,6
-14,9
-13,9
-13,9
-12,11
-10,13
-9,13
-7,14
-5,15
-4,16
-3,15
-3,16
-1,17
0,16
2,15
4,14
4,13
6,14
9,13
10,13
10,12
10,12
12,10
12,8
14,6
15,6
15,5
14,4
14,2
16,0
17,0
17,-2
16,-5
16,-6
14,-8
13,-9
14,-11
13,-12
11,-13
10,-13
8,-14
7,-14
5,-14
3,-13
2,-15
2,-15
1,-15
-2,-15
-4,-15
-6,-15
-7,-14
-8,-14
-9,-14
-10,-13
-11,-13
-12,-11
-12,-10
-13,-8
-14,-5
-14,-3
-15,-3
-16,-2
-16,-2
-17,0
-16,3
-15,4
-15,5
-14,7
-13,9
-14,12
-13,12
-11,12
-10,12
-9,13
-8,15
-7,14
-6,14
-4,15
-2,16
0,16
2,15
3,15
3,16
6,16
8,15
8,14
9,13
12,12
12,11
12,11
14,8
15,5
15,5
15,4
15,3
15,1
15,-1
16,-3
16,-4
16,-4
16,-6
14,-8
13,-9
12,-11
11,-12
9,-13
8,-13
8,-14
6,-15
4,-15
3,-16
2,-16
1,-15
0,-14
-3,-16
-4,-15
-4,-14
-6,-15
-7,-15
-8,-14
-10,-13
-11,-11
-12,-8
-13,-8
-14,-7
-15,-6
-16,-5
-16,-3
-15,-2
-16,0
-15,1
-15,2
-15,4
-13,6
-13,8
-12,10
-13,9
-12,10
-10,11
-9,13
-8,14
-8,16
-7,16
-5,15
-2,15
-1,17
1,16
3,16
3,16
3,16
5,15
8,14
10,13
11,12
12,11
13,11
13,10
14,7
14,6
15,6
16,5
16,2
16,1
16,-1
16,-2
15,-4
14,-5
15,-7
14,-8
13,-8
12,-9
12,-11
10,-12
8,-13
8,-13
6,-14
4,-16
3,-16
2,-16
1,-15
0,-14
-1,-15
-4,-14
-6,-15
-7,-14
-8,-12
-10,-12
-11,-11
-12,-10
-12,-9
-14,-8
-14,-6
-14,-5
-15,-4
-15,-2
-16,-1
-16,0
-16,2
-16,4
-16,4
-14,5
-14,7
-15,8
-13,9
-12,12
-11,12
-8,12
-7,13
-6,14
-6,15
-5,16
-2,15
1,16
3,16
3,15
4,15
4,14
6,13
9,14
8,14
9,12
11,11
12,10
13,9
15,6
15,5
14,3
14,2
15,1
15,0
16,-2
15,-2
14,-4
13,-6
13,-8
14,-9
14,-11
12,-12
10,-11
9,-12
8,-14
7,-13
5,-14
4,-16
3,-15
2,-13
-1,-15
-2,-16
-3,-15
-4,-16
-5,-15
-6,-14
-8,-12
-9,-12
-11,-12
-12,-10
-13,-7
-16,-7
-18,-6
-18,-4
-18,-3
-19,-3
-20,-1
-19,2
-20,5
-21,8
-22,9
-22,3
-20,-2
-17,-6
-4,-2
7,3
8,-2
1,-6
-13,-11
-19,-8
-17,-6
3,-8
-1,-11
-17,-9
-17,-8
-20,-1
-24,9
-24,11
-22,5
-21,8
-17,16
-6,-3
23,-11
37,-8
31,-17
18,-23
6,-25
1,-26
15,-29
25,-33
33,-25
40,5
31,25
31,25
43,5
47,-18
46,-19
41,-26
22,-43
3,-47
3,-49
7,-50
3,-49
-16,-42
-25,-40
-21,-45
-27,-40
-10,-50
6,-53
21,-42
31,-24
32,-11
26,-10
0,18
-29,22
-42,14
-48,2
-47,-20
-47,-31
-53,-22
-53,-20
-55,-13
-52,-21
-48,-23
-52,-2
-56,1
-58,-4
-58,0
-43,-18
-30,-33
-39,-28
-25,-31
-6,-31
14,-19
36,7
41,8
42,5
43,12
45,23
45,31
36,47
39,49
48,23
53,5
53,24
48,44
47,48
35,55
38,56
54,40
65,11
54,-18
37,-36
57,-18
66,7
63,-15
42,-47
13,-55
-11,-51
-22,-43
-34,-9
-32,23
-40,14
-31,22
1,43
15,46
2,45
26,36
60,0
66,-24
64,-24
60,-3
48,24
33,36
32,34
47,19
30,36
19,45
11,48
18,46
38,33
35,31
10,49
-3,55
12,48
43,18
41,-22
25,-55
39,-43
33,-50
2,-67
2,-63
14,-57
-22,-60
-26,-60
9,-54
46,-21
52,-5
21,-47
8,-60
6,-58
-19,-58
-17,-57
-20,-55
-49,-42
-60,-33
-55,-37
-38,-51
-33,-55
-47,-44
-29,-49
24,-57
33,-60
-8,-59
8,-60
64,-38
84,20
81,55
75,66
88,49
96,32
96,37
91,43
94,24
102,-18
101,-30
94,-41
73,-66
45,-90
21,-95
0,-98
6,-98
-27,-92
-26,-97
-22,-102
-24,-102
-25,-103
-5,-109
-2,-110
0,-110
-40,-91
-88,-52
-96,-44
-98,-1
-77,51
-18,77
46,62
19,73
-28,87
-50,81
-82,65
-92,55
-101,40
-48,82
-16,97
-63,76
-109,16
-122,15
-114,43
-94,79
-90,86
-99,76
-108,65
-116,33
-97,-35
-40,-84
30,-87
52,-84
24,-92
-4,-99
-42,-78
-105,-13
-99,-26
-67,-76
-77,-68
-73,-73
-48,-90
-65,-77
-60,-75
-8,-103
53,-80
113,-40
73,-79
-36,-79
-99,-32
-66,-65
11,-110
31,-119
11,-117
-57,-89
-31,-88
82,-91
108,-81
89,-109
77,-122
47,-132
-17,-125
-24,-125
65,-106
123,-20
126,27
76,88
54,108
46,110
43,113
41,114
71,101
99,74
113,38
54,88
-10,119
-73,105
-50,108
66,73
120,-15
40,-99
-102,-96
-140,-73
-146,-64
-119,-96
-85,-128
-90,-122
-115,-110
-109,-113
-113,-104
-106,-101
-95,-110
-146,-19
-154,56
-155,44
-140,-28
-94,-107
-87,-118
-59,-127
-67,-120
-45,-114
14,-130
54,-110
110,-85
120,-76
118,-83
125,-76
109,-88
40,-132
39,-134
72,-117
86,-116
109,-97
138,-67
37,-120
-64,-126
-81,-116
-2,-135
102,-114
153,-56
171,18
169,47
150,72
137,100
138,101
158,59
151,-55
117,-121
147,-92
157,-85
160,-70
158,-5
102,98
72,131
76,127
114,99
52,131
-39,132
-110,102
-88,121
-110,98
-135,79
-117,107
-113,116
-96,121
-138,45
-164,-62
-149,-104
-124,-132
-152,-68
-176,20
-178,33
-173,50
-178,-13
-151,-91
-89,-143
-31,-162
-1,-155
58,-143
64,-141
45,-147
-38,-154
-113,-126
-146,-93
-116,-111
-63,-147
-9,-155
-12,-154
-49,-151
-76,-141
-122,-77
-136,77
-88,161
-71,171
-98,153
-108,146
-124,124
-146,54
-123,-68
-97,-122
-132,-76
-143,-53
-113,-104
-91,-130
-122,-87
-141,-56
-109,-109
-118,-96
-145,-2
-135,73
-146,32
-149,23
-79,111
35,158
41,153
-42,148
-21,155
50,152
110,126
114,122
117,106
150,55
126,98
80,130
40,145
-31,148
-61,142
-1,151
-15,147
-85,136
-104,129
-134,101
-159,50
-155,-61
-155,-102
-177,-43
-182,-5
-176,-45
-158,35
-60,143
23,164
54,155
67,147
32,157
27,167
88,135
140,54
128,-57
71,-131
113,-85
149,-48
151,-28
127,50
66,157
65,170
65,167
54,172
128,92
167,-4
165,-26
169,6
172,13
170,-15
164,-51
168,-48
157,-65
83,-127
-15,-147
-111,-67
-145,45
-117,109
-79,144
-25,168
-12,170
-7,168
61,157
112,138
107,131
-10,122
-88,118
-105,99
-137,56
-90,95
7,153
59,148
111,121
113,114
128,88
133,74
118,-9
65,-155
-5,-180
-31,-171
22,-173
-28,-176
-42,-178
-31,-178
2,-173
3,-177
46,-159
51,-158
-14,-171
-20,-164
44,-156
78,-131
-23,-137
-138,-105
-115,-123
-69,-157
-36,-160
-64,-146
-123,-113
-160,-55
-169,6
-139,99
-129,123
-141,113
-158,84
-158,84
-156,29
-159,-34
-162,14
-138,-38
-56,-122
0,-149
24,-147
45,-144
31,-148
12,-151
41,-141
65,-140
71,-139
61,-144
84,-129
65,-136
-25,-142
-106,-93
-127,22
-76,129
-96,110
-84,116
-28,152
-84,114
-125,15
-130,-70
-93,-95
31,-150
107,-136
152,-89
152,-92
141,-42
144,64
153,8
136,-105
123,-126
105,-139
79,-153
84,-150
130,-108
141,-26
81,99
61,136
102,109
136,68
139,53
96,99
58,131
111,78
128,-41
3,-131
-126,-116
-162,-74
-172,-58
-172,-13
-170,30
-161,-48
-122,-115
-95,-136
-116,-116
-106,-123
-100,-128
-134,-71
-127,72
-78,140
-147,69
-171,30
-166,59
-161,36
-121,-66
-42,-132
-80,-111
-141,-56
-63,-87
93,-86
128,-78
11,-112
-121,-67
-145,1
-144,66
-146,54
-148,47
-145,24
-91,-76
-1,-145
38,-150
28,-147
86,-140
103,-135
128,-111
165,-45
151,-63
57,-149
21,-158
117,-108
159,-11
97,94
-27,133
-71,128
-1,133
77,132
100,117
100,114
53,132
78,121
106,107
20,115
-103,102
-135,79
-151,36
-164,19
-166,30
-170,6
-146,-71
-97,-142
-125,-125
-114,-120
-43,-155
-100,-133
-94,-136
-116,-116
-160,-79
-170,-17
-170,53
-160,79
-129,107
-17,150
66,147
49,148
-59,149
-118,128
-61,161
-15,174
41,167
71,160
89,142
29,166
-41,171
-19,165
39,169
-28,165
-99,139
-121,116
-143,70
-121,110
-102,127
-133,80
-99,111
38,150
117,130
88,152
81,147
152,50
174,24
159,77
145,100
105,132
54,142
-63,120
-99,114
-64,136
-18,140
-92,62
-147,2
-148,-31
-151,-32
-114,52
-65,112
-119,76
-110,100
-54,121
-21,120
-129,42
-166,-8
-164,-10
-163,12
-141,-63
-79,-150
-7,-169
46,-168
80,-141
119,-98
133,-20
136,-36
136,-40
145,12
144,2
128,59
81,123
55,148
48,150
5,162
-52,157
-103,130
-159,76
-166,66
-163,28
-171,-27
-171,5
-123,106
-102,134
-150,71
-136,-30
-106,-111
-106,-111
-77,-127
-67,-134
-68,-135
-92,-115
-52,-129
-40,-142
-40,-135
27,-146
47,-147
11,-147
-25,-149
16,-153
15,-153
22,-144
74,-145
54,-154
-16,-150
-77,-136
-89,-127
-39,-148
-36,-156
-93,-127
-70,-141
-5,-166
-25,-160
-114,-93
-153,-23
-154,15
-139,61
-144,44
-118,84
-52,135
-17,146
-59,136
-96,116
-112,96
-148,54
-152,51
-162,-9
-164,-58
-140,-102
-88,-149
-80,-157
-134,-108
-165,-14
-154,-53
-143,-109
-146,-107
-154,-87
-157,-70
-109,-127
-119,-107
-165,-56
-160,-53
-110,-115
-48,-149
13,-150
15,-147
-61,-140
-137,-60
-151,62
-88,145
-49,165
-110,122
-155,24
-168,10
-166,40
-152,1
-106,-88
-29,-138
-6,-150
-14,-150
0,-148
30,-147
9,-143
-97,-81
-150,-6
-146,43
-140,59
-133,76
-132,77
-109,103
-78,131
-110,102
-117,91
-129,43
-146,24
-145,-2
-139,-55
-123,-92
-141,-56
-145,16
-73,107
27,148
70,138
0,137
-57,137
-54,140
-2,135
112,92
151,48
160,-9
151,-31
125,61
86,117
18,135
-48,145
-33,148
47,130
126,55
133,57
116,94
106,101
119,84
117,84
69,124
104,43
95,-96
20,-155
-70,-131
-135,17
-39,139
38,157
2,166
62,146
110,121
83,140
60,158
100,118
130,77
69,140
-32,149
-125,118
-152,78
-158,22
-106,-71
14,-131
37,-144
15,-146
-36,-136
-51,-139
-45,-141
-99,-92
-132,-50
-101,-92
-120,8
-127,78
-131,6
-48,-107
93,-110
150,-74
106,-126
16,-152
-93,-105
-123,-86
-134,-65
-147,-20
-113,58
-50,134
-73,125
-107,96
-141,44
-152,-6
-151,-55
-149,-76
-153,-70
-157,-54
-145,-84
-148,-85
-110,-121
-38,-171
-36,-176
-65,-166
-83,-160
-93,-155
-126,-120
-162,-23
-137,83
-40,134
88,97
146,22
148,-14
135,30
124,80
131,18
119,-82
126,-54
141,15
143,32
131,75
129,64
144,-21
147,-24
153,3
142,-18
51,-113
3,-138
70,-122
116,-77
138,-46
109,-88
141,-58
121,-90
58,-133
-35,-136
-49,-128
68,-98
160,-25
171,26
174,25
162,30
130,104
147,26
164,-35
168,40
160,79
163,69
157,78
125,105
102,122
160,53
167,-21
155,-70
170,-19
172,5
148,-72
75,-157
35,-175
-11,-174
-33,-172
-28,-171
45,-158
115,-127
84,-149
37,-175
56,-163
-14,-155
-114,-129
-106,-142
-106,-142
-148,-82
-141,-84
-67,-146
57,-136
120,-102
122,-80
137,13
139,-1
90,-109
5,-161
6,-155
96,-89
143,-8
136,47
137,63
133,69
97,111
17,157
-84,143
-141,106
-123,119
-88,151
-92,152
-124,121
-159,54
-158,46
-122,120
-98,139
-133,42
-102,-87
-20,-136
74,-123
123,-96
114,-112
111,-115
64,-139
13,-148
45,-146
41,-151
-1,-150
-9,-147
56,-149
98,-125
158,-67
153,-77
97,-139
70,-154
120,-109
158,2
137,91
142,87
118,111
74,136
94,102
163,19
156,47
107,104
79,126
81,125
27,142
-14,147
30,128
123,66
74,100
20,144
74,122
120,87
125,80
135,64
137,59
146,21
147,-34
125,-87
116,-90
105,-87
-33,-134
-141,-96
-168,-40
-119,68
34,130
123,85
139,64
128,83
91,127
74,146
77,139
123,47
113,-71
102,6
43,147
-27,174
30,154
129,105
149,73
155,26
157,45
161,43
120,87
-26,126
-136,41
-150,-4
-119,-59
-119,-66
-100,-71
16,-133
81,-134
129,-83
161,-50
154,-37
165,46
165,58
169,51
163,62
140,94
98,125
107,119
162,42
141,-66
128,-56
144,65
142,84
127,100
118,103
152,36
162,19
164,11
156,23
126,78
111,84
37,130
-33,141
11,140
100,100
137,65
139,61
133,62
136,-12
136,-69
135,7
116,81
125,0
83,-123
16,-163
-21,-164
16,-153
75,-120
102,12
66,136
44,155
59,142
124,94
140,66
149,14
136,-48
72,-116
-29,-134
-42,-129
31,-138
89,-93
146,15
160,30
161,16
161,31
160,45
164,45
165,30
160,10
159,23
146,-63
149,-68
85,-103
-62,-110
-134,-51
-120,-61
-89,-110
-123,-18
-132,47
-142,-9
-144,-37
-136,-55
-97,-107
-54,-151
-61,-152
-74,-147
-65,-153
-91,-132
-121,-97
-101,-128
-121,-81
-136,36
-144,15
-146,-65
-146,-71
-151,16
-89,108
-9,147
22,147
70,122
128,70
129,74
125,79
122,82
91,110
98,89
141,-10
113,-86
54,-153
48,-153
96,-64
128,52
121,77
79,125
75,126
-27,131
-117,125
-119,128
-102,135
-40,160
-100,132
-138,114
-107,143
-27,167
73,128
140,32
155,24
147,44
135,99
145,89
155,69
160,52
159,53
104,105
-49,124
-134,91
-118,114
-65,153
-27,168
-25,169
37,163
104,141
127,122
154,75
164,-17
173,-41
176,-23
179,-4
175,-33
156,-83
149,-88
162,-49
107,-114
112,-130
151,-84
171,-24
153,-50
42,-144
-33,-169
-16,-176
4,-177
18,-177
47,-170
40,-171
-26,-175
-57,-167
-73,-161
-45,-173
-51,-171
-35,-171
-32,-169
-110,-136
-132,-119
-119,-132
-106,-133
-7,-152
63,-147
88,-128
60,-132
-54,-148
-88,-138
-19,-152
28,-151
-38,-138
-134,-14
-153,59
-169,-9
-171,-21
-125,-68
-35,-138
-34,-147
-26,-145
-91,-98
-138,-55
-68,-116
2,-139
52,-139
37,-142
22,-136
78,-123
43,-139
-26,-142
-3,-132
107,-96
159,-22
166,-31
164,-51
165,-43
159,27
139,104
138,107
98,137
89,144
129,100
108,113
88,135
145,88
159,73
143,81
63,126
-20,144
-28,146
-38,141
-92,71
-150,-21
-158,-12
-149,40
-114,92
-70,128
-80,125
-71,126
-118,84
-158,33
-165,19
-138,73
-119,104
-134,92
-139,87
-117,93
28,110
123,79
135,59
141,28
142,28
141,48
139,54
144,36
147,15
140,35
122,78
139,13
132,-56
88,-115
28,-137
-97,-101
-166,-21
-173,14
-171,8
-169,-12
-160,-35
-153,-31
-155,39
-151,2
-105,-84
5,-132
54,-137
79,-128
95,-122
53,-135
0,-143
81,-111
156,-49
133,-80
74,-135
121,-88
169,-41
165,-58
152,-83
160,-30
162,57
170,35
166,-41
136,-104
154,-45
161,51
168,49
168,41
165,35
157,43
157,52
166,14
115,55
-9,130
-74,120
-132,34
-155,-18
-149,42
-133,75
-62,122
-61,132
-89,126
-77,124
-107,106
-52,138
29,138
63,123
41,138
49,135
-23,146
-94,127
-85,134
-59,147
-115,121
-97,125
-27,157
2,161
45,153
61,145
108,109
122,95
116,106
142,54
144,44
105,107
44,156
-17,172
-38,174
-83,144
-142,88
-145,90
-138,100
-149,52
-150,-17
-144,-37
-128,-73
-136,-21
-131,85
-124,102
-123,103
-90,135
-29,162
56,158
130,115
154,90
157,83
144,95
130,112
156,82
174,40
178,14
173,14
165,-44
112,-123
67,-163
24,-167
-61,-155
-115,-97
-146,11
-123,80
-90,118
-93,114
-132,63
-134,64
-75,122
8,142
65,131
43,124
-51,134
-65,139
-20,145
36,140
93,100
135,51
112,86
63,129
-7,149
-86,127
-153,69
-95,98
48,131
27,149
-61,150
-52,155
-19,165
-62,156
-23,162
3,166
-10,166
0,162
-83,149
-70,157
-52,145
-130,29
-129,-73
-152,-22
-162,18
-150,6
-74,-89
76,-91
152,-33
132,-79
126,-96
108,-107
22,-139
-20,-145
24,-145
48,-146
69,-134
141,-63
172,3
171,-33
151,-75
119,-123
136,-103
167,-38
177,-16
175,3
128,73
30,140
-29,147
9,151
84,119
157,24
152,-64
102,-144
99,-141
100,-131
-2,-166
-49,-169
-78,-149
-133,-107
-133,-111
-125,-121
-99,-141
-106,-142
-146,-93
-161,-60
-125,-110
-35,-156
42,-157
77,-141
106,-92
141,-20
145,-33
147,-30
147,-15
142,0
139,35
143,-12
143,-17
130,-44
90,-111
16,-143
-28,-151
-73,-136
-138,-67
-171,-6
-169,4
-158,63
-108,132
-91,127
-150,65
-156,70
-156,62
-150,72
-153,52
-147,-13
-141,-38
-144,43
-146,62
-143,57
-74,117
53,155
69,159
70,162
88,150
135,108
111,117
-4,142
-26,153
46,154
-11,128
-66,127
17,148
101,130
135,99
140,86
159,45
146,64
160,3
140,-95
131,-95
135,-91
115,-125
142,-94
144,-19
118,84
118,93
119,77
27,125
-3,142
-25,137
-64,138
-77,133
-106,120
-109,117
-60,135
-29,142
-64,142
-43,152
-76,143
-112,103
-169,18
-178,2
-172,37
-172,28
-165,30
-112,119
-79,155
-15,167
2,164
-77,152
-76,160
-61,161
-122,111
-125,112
-107,124
-152,44
-132,77
-95,146
-90,153
-78,161
-66,165
-33,167
27,174
77,159
137,87
170,0
166,-2
172,20
166,-38
139,-93
78,-138
65,-147
104,-126
68,-147
91,-132
155,-62
174,12
175,27
172,26
170,-23
152,-92
140,-103
147,-97
151,-91
148,-94
98,-136
8,-173
-14,-175
12,-177
2,-178
17,-175
60,-165
50,-172
51,-162
114,-115
112,-115
45,-163
-14,-176
-72,-162
-119,-132
-143,-106
-161,-59
-171,23
-157,72
-138,96
-115,119
-77,134
33,144
80,132
71,136
46,152
30,161
40,155
62,143
34,157
92,120
63,133
59,145
125,94
115,115
99,139
93,138
27,165
57,150
129,99
94,136
27,153
-67,151
3,157
98,145
81,157
112,126
157,82
169,44
166,-27
162,-53
172,-32
152,-70
115,-120
83,-140
-7,-145
-3,-144
46,-159
-14,-160
7,-154
93,-145
110,-140
131,-85
147,42
153,53
161,-47
158,-78
153,-85
70,-136
-15,-168
20,-176
10,-172
-75,-151
-88,-152
-62,-167
-27,-175
-34,-168
-82,-152
-4,-144
110,-106
89,-137
55,-150
117,-67
149,-16
134,-66
91,-123
36,-160
50,-149
104,-68
131,-28
91,-112
106,-91
134,-37
69,-103
29,-146
52,-141
11,-146
-53,-143
19,-115
120,-67
118,-89
112,-96
137,-50
134,47
115,125
98,143
48,167
13,179
-27,164
-55,159
39,151
144,66
165,42
139,81
136,105
147,94
164,40
163,-40
157,17
151,82
132,83
48,145
39,157
-12,151
-18,155
44,153
122,75
149,-66
117,-123
150,-72
143,31
57,124
49,140
-1,138
4,143
7,132
-95,84
-109,88
-131,73
-136,72
-148,46
-163,5
-166,-6
-160,-6
-161,-53
-153,3
-123,91
-147,41
-166,-26
-169,-26
-155,-75
-123,-123
-111,-134
-114,-128
-149,-42
-110,102
-99,136
-118,127
-119,127
-74,156
-24,169
-4,169
23,162
106,102
118,71
25,150
-13,176
-36,173
-27,176
18,174
-44,142
-145,65
-153,65
-143,64
-101,-53
-5,-135
-27,-134
-120,-61
-149,-25
-152,6
-136,70
-61,142
9,163
-56,146
-97,112
-127,51
-94,96
-117,54
-122,-35
-43,-135
-14,-161
-71,-137
-118,-85
-137,8
-125,63
-138,3
-93,-86
47,-137
60,-157
-14,-173
-62,-150
-96,-131
-24,-165
38,-173
18,-174
55,-153
133,-87
153,-16
159,0
143,22
102,97
123,68
136,-37
99,-122
126,-68
140,22
97,94
58,132
111,54
142,-34
142,-3
136,48
101,102
54,145
-1,159
6,163
62,147
45,152
3,167
-24,170
-13,173
48,156
95,125
79,142
110,123
139,74
155,38
154,57
155,61
149,-6
108,-99
16,-116
-123,-57
-155,9
-123,98
-115,116
-127,101
-73,138
45,156
94,148
127,115
105,122
58,160
106,120
168,55
172,49
169,53
167,47
135,92
103,132
84,139
100,129
97,131
122,109
135,94
155,26
130,-96
54,-162
84,-140
124,-111
56,-158
58,-164
70,-155
102,-131
55,-161
46,-163
115,-113
137,-90
136,-86
134,-44
118,59
123,76
68,116
-28,144
-107,117
-153,56
-164,-40
-155,-87
-153,-90
-164,-66
-147,-88
-114,-124
-54,-149
-26,-155
6,-151
25,-151
8,-152
7,-151
-20,-149
-21,-141
38,-137
-11,-142
-32,-142
-40,-134
34,-131
96,-92
148,14
160,15
143,-59
96,-115
82,-129
87,-127
22,-133
-59,-130
-1,-137
32,-147
-24,-148
-40,-146
-40,-148
-96,-101
-133,-38
-85,-100
-18,-150
-5,-159
-49,-151
-90,-126
-91,-122
-63,-149
-92,-126
-130,-72
-145,-13
-127,48
-103,103
-112,96
-80,118
-19,144
53,135
105,110
71,109
-51,123
-107,108
-73,127
-45,131
-119,86
-125,88
-67,136
-39,147
-16,147
-83,119
-138,94
-101,118
20,134
92,113
130,24
142,-35
138,-52
130,-65
105,-104
85,-123
62,-136
34,-151
6,-154
-47,-145
-91,-129
-96,-127
-84,-130
-107,-116
-135,-75
-161,18
-111,114
-70,156
-84,152
-59,168
-83,151
-125,112
-146,61
-155,34
-137,83
-106,130
-114,108
-89,117
-4,168
43,165
122,121
161,73
159,70
168,14
171,2
170,52
166,60
130,104
101,132
147,77
168,48
157,72
150,82
124,105
71,139
64,142
114,105
107,107
100,112
100,108
81,126
88,124
92,118
106,106
75,126
77,117
-2,119
-74,126
-16,143
-10,148
42,122
128,10
118,-98
45,-156
-43,-164
-106,-142
-133,-106
-153,-66
-121,-113
-155,-58
-159,-56
-121,-116
-70,-137
27,-142
18,-149
-48,-148
-45,-150
-29,-148
9,-143
55,-136
59,-134
104,-95
135,-49
117,56
101,122
149,32
152,-22
157,25
154,69
102,126
41,169
86,124
149,42
123,110
126,127
143,107
159,80
170,50
177,7
173,31
172,53
176,39
178,26
179,7
171,34
163,67
166,59
169,50
169,36
149,69
163,36
172,-35
167,-51
151,-57
50,-138
-100,-102
-155,-47
-160,-11
-143,54
-67,120
-7,146
-8,146
52,105
132,30
85,87
-52,111
-118,107
-103,124
-60,145
-45,150
-10,147
70,124
116,83
120,73
44,120
-86,120
-83,134
-5,162
56,150
77,140
98,121
108,116
109,114
92,131
76,136
32,156
44,161
87,135
132,37
89,-91
92,-105
76,-119
24,-144
-18,-142
37,-124
132,-61
151,-53
148,-61
134,21
30,142
-47,160
-94,128
-74,144
-26,166
-66,140
-109,109
-106,111
-130,74
-137,39
-113,-60
-115,-88
-84,-106
-55,-137
-121,-56
-134,31
-139,-17
-148,-18
-150,2
-140,37
-145,8
-153,-1
-135,54
-126,54
-150,-16
-122,52
-62,133
-33,144
-6,145
-54,125
-137,63
-161,30
-144,66
-135,59
-151,-57
-87,-135
18,-162
39,-156
-70,-140
-132,-112
-72,-143
-15,-161
-96,-96
-166,22
-137,98
-129,110
-127,111
-9,142
81,126
115,78
67,130
42,161
-6,166
-35,169
-56,160
-129,79
-159,22
-158,38
-148,-34
-119,-88
-123,-89
-137,-60
-154,-27
-152,-27
-154,28
-135,88
-128,80
-131,-31
-103,-94
-21,-137
7,-152
-47,-139
-103,-106
-128,-54
-138,37
-143,25
-147,14
-140,2
-132,-62
-123,-83
-129,-72
-89,-117
-29,-160
-62,-150
-114,-111
-138,-68
-148,-36
-144,-36
-118,66
-95,111
-31,134
56,130
68,129
77,124
64,126
112,93
127,35
131,-77
139,-22
150,5
136,-63
124,-74
147,-6
147,-24
141,-64
142,-52
139,11
109,85
35,131
-31,156
-88,134
-154,68
-171,37
-135,-55
-58,-141
-26,-155
-23,-147
68,-91
119,48
119,107
143,58
154,9
133,-34
64,-119
-8,-143
-54,-139
-34,-141
7,-142
49,-132
-11,-129
-36,-136
-30,-139
-105,-99
-121,-83
-70,-118
-18,-142
-49,-136
-43,-141
-21,-148
48,-138
102,-114
-2,-133
-113,-55
-131,47
-106,105
-94,109
-123,48
-145,23
-113,85
-80,123
-73,119
-127,43
-152,-10
-146,24
-112,89
-89,109
-136,41
-156,16
-159,-1
-160,-9
-153,-3
-141,-77
-139,-105
-155,-39
-152,52
-138,81
-148,67
-156,59
-133,90
-71,125
4,132
-87,110
-140,93
-131,90
-164,12
-171,32
-151,84
-91,134
-65,152
-83,152
-103,142
-87,153
-26,169
19,170
40,166
59,160
87,144
50,155
-22,175
-54,165
-117,127
-144,99
-122,122
-28,161
69,160
119,127
146,89
138,90
128,123
146,103
155,83
151,-9
130,-63
145,49
165,52
171,-11
172,-3
170,50
174,10
166,-63
163,-62
148,26
146,61
160,44
151,85
158,71
170,42
165,49
170,29
163,22
164,-52
152,-37
98,88
26,141
46,135
45,134
1,145
-4,146
-46,137
-111,91
-149,42
-138,75
-141,76
-155,30
-169,-34
-160,-68
-139,-103
-153,-17
-139,90
-134,76
-159,-39
-149,-94
-118,-126
-115,-120
-165,-50
-166,-45
-134,-97
-52,-139
-27,-153
-17,-156
-43,-153
-89,-133
-144,-68
-158,-37
-126,-92
-148,-41
-160,11
-79,-83
35,-133
19,-142
-29,-144
-17,-140
71,-121
124,-87
151,-51
149,-61
109,-110
126,-90
156,-60
157,-61
158,-52
153,-56
145,-75
158,17
125,113
136,109
145,92
172,46
177,29
176,1
162,-53
161,-25
171,-11
168,-63
172,-41
168,-23
127,60
83,129
113,107
157,36
168,-4
162,10
146,53
154,15
161,-8
148,43
126,83
121,88
131,64
152,21
156,-20
152,-42
150,-40
110,-93
-25,-145
-138,-104
-164,-71
-169,-57
-165,-53
-137,-104
-159,-65
-168,33
-106,124
-38,161
-86,141
-87,147
13,157
86,138
110,118
125,94
59,139
-12,171
22,171
2,166
-106,99
-152,-5
-106,-94
-65,-132
-61,-133
-6,-143
20,-144
-45,-130
-128,-57
-151,20
-140,52
-70,129
-72,140
-52,148
61,150
64,148
-37,147
-28,145
97,109
163,35
131,93
70,143
105,124
157,60
161,39
158,63
150,67
102,119
61,133
-34,135
-86,107
-130,9
-91,-102
13,-167
63,-164
68,-165
56,-167
33,-173
83,-137
138,-85
153,-41
153,-34
137,-86
114,-120
122,-95
129,-65
9,-131
-117,-118
-167,-30
-174,1
-156,63
-161,50
-176,-11
-159,-67
-153,-86
-169,-6
-167,-9
-172,-34
-164,-47
-127,-100
-63,-135
-35,-146
-62,-140
-113,-111
-153,-42
-146,62
-130,2
-72,-118
-75,-128
-127,-79
-122,-84
-104,-104
-145,-39
-148,-27
-135,-63
-141,-42
-95,-84
-80,-107
-134,5
-106,110
-10,158
82,151
141,90
177,14
175,31
132,91
30,148
-42,124
-126,16
-137,-47
-114,-98
-121,-96
-77,-124
17,-164
38,-173
-11,-171
-63,-156
-89,-135
-46,-159
-74,-146
-113,-129
-103,-142
-89,-152
-56,-169
-42,-176
-76,-160
-88,-151
-17,-166
52,-161
102,-108
147,-48
130,-90
101,-125
75,-144
2,-149
-121,-119
-153,-87
-77,-124
44,-138
0,-149
-72,-149
-39,-157
-35,-157
-22,-156
30,-130
110,-95
132,-58
145,-19
136,-56
111,-93
35,-137
22,-139
104,-84
149,-30
149,36
147,77
155,21
126,-69
53,-133
-36,-126
-65,-121
-16,-146
-42,-141
-36,-142
12,-147
-5,-137
-104,-88
-112,-79
-107,28
-83,121
-126,55
-112,68
9,144
78,147
-3,141
-97,101
-137,34
-139,43
-141,13
-146,-7
-143,-48
-138,-73
-121,-100
-101,-130
-136,-74
-150,-33
-133,-89
-119,-122
-122,-119
-131,-104
-109,-134
-115,-128
-109,-136
-141,-101
-161,-67
-161,-41
-107,-107
-62,-162
-62,-164
-81,-147
-145,-89
-168,-27
-133,58
-60,137
-65,148
-99,123
-116,124
-99,141
-96,144
-58,157
-14,167
-69,126
-151,5
-129,-94
-67,-128
-4,-145
-82,-122
-150,-67
-151,-66
-137,-83
-113,-106
-78,-123
-68,-126
-49,-138
-34,-141
-18,-141
-88,-108
-109,-101
-124,-85
-133,-71
-112,-93
-99,-110
-92,-108
-88,-99
-126,-63
-131,-58
-148,-16
-148,-5
-143,-32
-144,7
-111,88
-23,149
23,156
-6,154
8,152
79,136
110,106
152,-24
127,-120
89,-152
58,-168
22,-175
45,-163
115,-125
100,-139
111,-123
102,-137
66,-154
-16,-164
-25,-173
-32,-173
41,-157
95,-139
77,-152
86,-145
80,-147
100,-119
135,-62
143,0
115,-49
-12,-143
-115,-104
-165,16
-137,91
-61,153
-49,161
-7,162
21,158
-65,141
-135,42
-95,-100
-53,-144
-50,-143
-96,-122
-147,-67
-165,-25
-163,43
-158,48
-153,-22
-106,-65
33,-117
65,-131
66,-132
7,-144
-5,-148
-7,-149
-24,-143
-63,-126
-36,-139
37,-124
128,7
103,130
96,140
156,60
174,-13
169,-48
162,4
105,114
6,147
-93,78
-113,-63
-67,-140
-2,-163
73,-148
132,-117
124,-131
111,-132
146,-62
164,-34
138,-50
104,75
113,101
136,77
117,95
124,67
143,-55
139,-89
153,-29
156,-9
144,-42
139,-17
108,-97
15,-157
-79,-153
-22,-156
35,-153
-27,-162
-71,-147
-143,-91
-128,-107
-26,-139
93,-99
125,-76
139,-42
130,24
44,127
-75,138
-141,31
-150,-44
-167,22
-159,-6
-49,-91
100,-83
143,-52
116,-86
98,-111
99,-112
67,-122
121,-39
141,83
92,141
17,171
51,162
139,94
158,66
123,119
148,66
166,4
135,87
130,116
156,85
157,81
167,57
163,59
126,105
137,78
175,3
176,-35
174,-48
166,-66
163,-19
160,39
169,-16
157,-70
111,-134
79,-149
141,-65
167,-19
158,-53
146,-84
124,-116
141,-80
156,-23
156,12
150,-8
147,-62
153,-41
150,-33
146,6
146,6
134,46
132,55
66,109
2,155
38,149
54,145
16,155
15,159
48,154
23,162
62,129
131,66
128,70
142,28
112,92
61,150
109,91
143,57
121,115
110,129
87,132
28,169
28,174
54,169
54,166
110,127
118,125
99,145
109,128
156,19
148,2
94,123
101,139
129,118
108,141
97,133
-10,146
-1,154
76,146
-5,142
-89,116
-110,101
-71,127
-2,154
42,150
103,126
130,105
129,96
71,131
-6,147
-56,137
-44,140
-43,132
-120,69
-152,28
-113,84
-62,135
-65,133
-28,131
63,124
124,80
138,62
136,59
135,37
142,-48
142,-62
131,-86
132,-76
127,9
86,110
47,147
48,147
14,154
2,158
86,103
129,68
128,65
133,-29
136,-32
143,27
130,84
139,60
137,-36
82,-112
84,-104
106,-91
49,-137
14,-146
24,-138
95,-112
108,-107
80,-125
85,-126
47,-140
25,-143
42,-139
-54,-119
-74,-117
-34,-143
-79,-119
-113,-99
-105,-106
-85,-124
-35,-137
77,-134
134,-109
160,-44
173,34
163,70
162,72
169,52
173,38
171,12
167,-27
164,23
166,-7
159,10
162,34
163,-35
160,-27
157,35
146,60
96,99
-24,126
-64,130
-30,140
-80,117
-104,114
-99,116
-11,127
91,108
138,39
148,-3
142,15
132,-59
137,-35
144,3
136,-52
124,-52
104,69
28,143
-45,155
-48,154
-16,160
-97,129
-131,121
-127,125
-93,148
-27,165
-67,145
-107,142
-105,132
-144,24
-162,-3
-163,47
-135,105
-91,151
-48,171
10,178
6,175
-23,173
7,176
5,177
21,175
36,173
76,152
141,103
138,115
143,110
153,95
139,109
81,143
-10,156
-88,118
-118,93
-94,120
-80,129
-49,144
-29,146
-92,94
-139,4
-139,-64
-145,-10
-97,88
24,135
93,122
71,134
52,143
58,140
106,86
151,-35
141,-82
150,-3
154,34
146,34
127,71
122,84
91,113
72,120
110,88
114,78
134,-28
114,-106
72,-143
57,-151
0,-159
-98,-125
-153,-81
-135,-106
-85,-131
1,-150
40,-146
-21,-145
-116,-87
-104,75
7,163
34,169
78,143
135,91
151,54
146,67
132,94
151,64
143,74
63,142
44,171
93,152
127,124
150,93
124,109
41,162
36,174
41,170
-21,145
-121,65
-142,40
-123,69
-115,88
-141,30
-135,52
-87,118
-99,102
-83,94
51,124
39,140
54,146
-7,133
-85,115
-67,132
0,142
109,95
162,27
98,74
-45,118
-124,63
-135,-53
-94,-138
-117,-124
-146,-74
-164,-15
-162,17
-141,71
-126,51
-124,-89
-76,-153
-8,-167
28,-162
61,-153
22,-162
-71,-146
-146,-96
-137,-109
-98,-127
25,-134
109,-72
130,-18
68,-111
-29,-150
-36,-153
-41,-144
-131,-46
-138,94
-118,124
-150,66
-96,124
-14,171
-53,162
-19,169
65,162
73,156
-22,152
-109,132
-113,121
-147,56
-157,39
-152,5
-145,-12
-140,65
-131,92
-123,51
-78,-87
1,-150
77,-131
146,-82
152,-87
130,-108
156,-31
174,17
170,-47
136,-101
86,-143
27,-159
-5,-168
21,-171
-21,-166
-26,-168
-7,-173
-45,-147
-138,-50
-132,52
-122,55
-121,-78
-126,-110
-154,-40
-162,4
-149,45
-120,98
-137,53
-165,-25
-170,-1
-160,51
-155,58
-141,77
-157,-5
-157,-85
-138,-113
-94,-142
-11,-153
48,-150
32,-152
8,-158
61,-135
48,-128
-24,-149
-25,-156
-24,-155
-22,-153
-61,-145
-87,-133
-133,-71
-124,78
-44,169
4,178
20,176
60,163
67,163
71,164
53,169
4,176
-23,174
-88,122
-145,71
-131,97
-112,119
-75,151
-51,164
-26,169
43,164
95,151
60,150
-60,114
-101,105
-113,99
-123,91
-102,114
-61,139
-2,157
29,157
68,144
120,110
71,120
-46,131
-100,106
-103,103
-62,133
-64,131
-32,144
-6,148
6,146
-39,125
-134,49
-160,10
-104,84
22,128
120,80
142,11
114,-106
39,-158
-43,-171
-36,-165
63,-124
136,-64
115,-99
96,-114
132,-51
141,5
116,75
89,123
103,108
59,137
2,163
60,139
131,71
145,18
136,65
103,118
68,151
52,153
-16,169
31,169
83,152
72,161
95,145
113,133
106,141
97,146
88,144
-5,164
-82,148
-101,127
-136,71
-151,47
-150,27
-140,-37
-131,-73
-114,-84
-69,-131
-67,-140
-72,-137
-86,-125
-124,-71
-118,36
-72,127
-63,139
-25,150
61,141
125,109
152,47
149,-69
65,-151
-32,-162
-74,-143
-60,-157
-115,-111
-134,-95
-116,-127
-129,-106
-156,-42
-162,-45
-159,-27
-138,60
-148,37
-163,-34
-158,-50
-157,-30
-148,70
-138,81
-148,-28
-78,-138
-31,-168
-82,-149
-92,-135
-23,-157
38,-148
59,-141
28,-150
42,-136
117,-73
131,-65
75,-115
34,-143
82,-118
104,-104
119,-45
107,88
3,158
-99,135
-130,118
-113,135
-134,79
-133,77
-42,161
5,179
11,179
58,170
82,161
122,125
140,14
54,-120
52,-137
117,-104
163,-14
175,15
158,-63
149,-90
141,-100
128,-107
140,2
33,122
-66,130
-105,104
-119,88
-114,87
-138,31
-89,82
53,127
137,51
134,8
31,114
-49,136
-59,134
-104,96
-145,52
-157,31
-138,-4
-68,-133
-2,-173
87,-113
147,-25
132,-77
111,-121
128,-98
143,-65
145,-51
127,-2
53,117
30,150
-17,134
-139,53
-175,8
-173,-32
-176,-25
-175,20
-174,26
-165,34
-167,-4
-159,63
-148,15
-141,-68
-168,3
-155,76
-97,139
-86,150
-17,160
-29,150
-132,93
-154,71
-128,111
-135,97
-148,77
-137,85
-111,-19
-46,-130
-25,-147
-2,-144
63,-139
90,-132
137,-82
147,-72
93,-132
85,-139
133,-103
148,-96
152,-88
164,-28
163,28
150,-64
156,-66
163,-41
130,-103
156,-51
174,10
175,-10
163,-65
107,-128
66,-161
89,-148
59,-167
40,-174
-16,-171
-83,-156
-109,-137
-138,-103
-102,-133
-3,-161
102,-93
144,-18
106,-100
105,-101
144,-53
136,-78
126,-74
132,22
136,43
135,45
137,13
143,-16
143,9
129,-36
66,-125
-4,-154
14,-149
73,-126
82,-124
62,-136
30,-145
34,-140
106,-74
144,-37
128,-77
142,-45
141,36
105,129
132,96
157,6
108,-92
18,-139
-63,-131
-85,-124
-60,-127
3,-140
-58,-126
-100,-109
-122,-86
-134,-61
-142,-32
-140,36
-139,54
-117,94
-124,87
-133,73
-123,88
-129,72
-136,50
-144,18
-146,17
-139,-36
-137,-77
-143,-50
-141,31
-125,75
-94,115
-80,126
-40,138
60,117
150,24
164,-30
158,4
152,33
150,-26
104,-122
15,-168
-35,-173
-59,-166
9,-163
95,-123
138,-48
148,9
135,-51
116,-87
128,17
112,94
119,89
101,105
77,132
36,149
75,95
141,-13
137,-49
112,-78
140,-22
137,-47
91,-110
71,-121
129,-47
150,-18
148,28
156,28
154,7
82,94
-85,106
-144,14
-112,-88
-88,-120
-85,-119
-16,-136
74,-130
119,-111
123,-104
149,-65
155,-63
108,-118
86,-141
57,-153
46,-157
17,-159
24,-160
42,-162
61,-157
89,-151
108,-134
156,-50
169,28
173,-2
166,-60
164,-69
159,-69
113,-114
31,-172
-40,-164
-122,-94
-157,-10
-145,-26
-101,-126
-79,-159
-87,-154
-57,-166
12,-143
124,-37
125,67
72,116
-13,147
-51,149
-18,151
27,148
57,139
82,122
25,143
38,138
113,87
137,37
125,-36
46,-135
-22,-159
-15,-158
8,-157
18,-153
63,-125
48,-126
-64,-130
-60,-134
21,-143
31,-140
-61,-130
-111,-107
-141,-73
-142,-68
-148,-43
-148,44
-124,113
-122,104
-145,10
-110,-82
-39,-138
-44,-141
-107,-74
-126,60
-61,146
20,161
85,151
71,157
97,140
115,115
60,145
121,106
175,27
176,-21
159,-79
144,-105
128,-110
-7,-134
-91,-124
-43,-162
-59,-154
-103,-127
-132,-93
-123,-109
-126,-102
-155,-30
-156,-43
-103,-114
-88,-141
-148,-59
-135,-66
-77,-151
-104,-144
-108,-142
-90,-155
-66,-165
-31,-164
76,-96
142,2
148,-7
144,-8
144,18
148,-21
143,-35
145,18
147,13
141,-10
76,85
53,142
122,92
148,42
150,38
151,15
135,-57
54,-116
-49,-139
-23,-140
71,-115
131,-75
127,-85
81,-115
-41,-126
-126,-69
-143,-48
-76,-95
27,-138
47,-143
74,-131
28,-142
-28,-147
1,-147
68,-136
115,-106
155,-74
162,-34
171,38
158,62
93,130
91,138
142,94
147,69
27,118
-90,105
-96,108
-85,118
-92,114
-32,136
44,144
29,148
14,149
32,143
78,129
89,117
5,136
-85,110
-147,50
-156,41
-164,-10
-168,-34
-150,-74
-91,-140
-39,-169
-69,-163
-101,-147
-97,-150
-42,-154
60,-142
82,-137
86,-125
101,-113
85,-127
31,-139
-54,-153
-57,-155
-59,-151
-49,-153
-55,-151
-59,-149
-111,-109
-165,-29
-169,33
-158,64
-151,64
-44,138
105,98
147,-15
143,-45
97,-106
96,-112
127,-87
57,-126
22,-134
109,-98
151,-18
150,73
101,135
110,139
134,118
134,117
131,122
116,132
92,138
19,152
-81,94
-116,-26
-17,-133
77,-149
130,-115
114,-116
-8,-154
-32,-161
64,-130
142,-80
109,-133
111,-136
127,-118
80,-157
61,-168
105,-127
139,-72
28,-125
-114,-124
-149,-82
-148,-78
-62,-136
75,-135
119,-115
110,-123
76,-141
93,-69
43,90
-40,147
-108,109
-152,81
-140,101
-139,101
-134,107
-32,134
90,110
69,128
-24,153
-87,150
-110,136
-128,124
-144,108
-124,123
-28,164
26,166
62,146
-17,152
-100,142
-53,162
12,178
66,148
139,31
156,-22
163,29
149,79
134,114
148,89
102,118
52,163
103,141
75,144
-38,143
-45,153
-37,158
-84,130
-78,134
-59,145
-90,118
-9,134
80,143
25,146
-84,101
-107,90
18,124
134,93
153,73
160,56
137,83
88,125
73,135
129,73
160,21
138,37
18,111
24,123
115,82
52,118
-24,145
-30,145
40,124
94,99
-3,132
-25,144
-11,144
-3,137
-89,121
-80,119
49,128
33,125
-115,63
-178,15
-177,29
-158,-29
-126,-110
-78,-124
51,-119
128,-40
149,12
146,-8
140,6
143,64
141,77
112,107
75,149
107,128
113,128
104,129
39,163
91,127
135,100
143,78
153,-22
165,-18
170,8
166,-7
172,23
168,48
161,79
168,55
154,58
89,132
-13,151
24,145
142,82
175,-3
149,-76
93,-143
57,-162
24,-170
-15,-168
-28,-158
50,-157
55,-167
62,-168
96,-137
150,-86
146,-96
89,-143
-20,-166
-114,-114
-145,-61
-91,-131
-76,-162
-113,-134
-152,-85
-169,-41
-163,12
-156,20
-151,-70
-153,-17
-140,83
-156,61
-171,23
-165,-10
-118,90
-34,150
64,135
101,110
23,132
-59,154
-18,161
-31,165
11,159
49,146
-52,151
-127,109
-166,25
-150,-45
-103,-109
-121,-98
-132,-84
-155,-48
-166,-11
-155,-16
-126,-74
-139,-63
-122,-84
-85,-119
-41,-140
-56,-134
-50,-131
13,-147
-24,-132
-97,-107
-93,-114
-130,-45
-145,36
-143,44
-142,-6
-144,-4
-131,67
-100,114
-60,142
6,153
22,154
-12,154
-3,151
85,120
158,7
162,-70
167,-43
170,5
169,19
167,22
165,4
159,-54
160,-30
161,2
149,-43
128,-110
114,-129
113,-127
76,-144
-47,-154
-139,-65
-99,89
-27,149
-79,127
-150,64
-173,-1
-175,16
-135,91
-76,143
-120,110
-153,37
-133,-83
-146,-41
-143,93
-117,134
-101,141
-90,139
3,165
41,163
-17,167
-99,109
-132,-40
-65,-121
24,-141
47,-140
81,-124
104,-109
128,-67
151,36
144,46
122,-71
138,-75
150,-29
152,29
133,-72
123,-111
112,-121
88,-138
50,-145
95,-87
143,53
85,144
26,149
-82,68
-66,-92
-21,-158
-68,-145
-93,-132
-118,-100
-115,-73
3,-134
117,-113
147,-9
79,107
-14,139
-24,142
-63,132
-27,142
33,145
22,139
-54,130
-77,124
-31,140
-76,118
-145,27
-166,-47
-167,-47
-157,-78
-161,-72
-170,-49
-165,-22
-147,76
-130,108
-135,96
-160,46
-175,36
-167,54
-133,103
-139,97
-157,20
-99,-103
-11,-149
-5,-150
43,-123
111,-95
48,-121
-28,-144
13,-144
19,-147
-2,-148
-57,-134
-133,-55
-165,21
-161,47
-128,109
-84,154
-101,136
-128,103
-92,139
-38,171
-37,166
-92,126
-134,73
-112,112
-99,120
-114,104
-35,143
78,149
60,154
39,154
125,104
121,111
80,145
122,84
164,-40
156,-83
135,-114
150,-91
127,-107
50,-156
103,-129
116,-131
119,-129
133,-49
102,92
94,120
121,95
119,88
145,24
134,29
36,116
-6,150
49,129
60,113
-34,141
-86,132
-72,137
-40,143
-124,73
-172,4
-126,-92
-67,-153
-82,-138
33,-106
123,-69
71,-127
50,-144
81,-123
123,-72
141,-29
138,47
139,72
130,95
110,113
38,158
-29,172
-38,174
-37,176
-37,172
21,168
4,172
24,176
65,168
74,161
41,172
-23,156
-120,86
-150,34
-141,70
-117,109
-111,115
-93,132
-46,151
26,160
81,132
156,4
162,-74
149,-96
141,-104
110,-131
88,-152
107,-132
156,-51
153,52
84,118
9,143
49,144
45,143
106,103
157,46
165,-19
125,-103
82,-157
89,-152
56,-165
56,-168
16,-176
4,-170
38,-159
-71,-142
-145,-100
-130,-115
-107,-138
-76,-157
-95,-148
-109,-138
-144,-101
-165,-16
-169,3
-166,-59
-172,-50
-169,-38
-157,51
-87,140
-41,170
-49,169
-36,169
32,164
1,166
-60,167
-50,173
-47,172
-81,160
-66,162
30,165
122,101
129,-30
30,-130
-54,-135
-109,-100
-133,-74
-136,-66
-143,-26
-148,21
-145,-1
-116,80
-77,133
-75,131
27,159
66,162
71,154
136,110
127,115
79,145
39,159
48,159
15,152
-66,125
-122,49
-147,2
-140,41
-136,27
-114,85
-112,98
-100,108
-95,112
-75,124
-72,123
-122,83
-68,103
90,82
107,83
1,133
-30,148
-15,151
32,141
38,141
34,142
34,135
-59,130
-143,57
-169,-33
-176,-34
-177,5
-158,69
-148,94
-147,93
-112,129
-112,130
-119,109
-157,-3
-142,-87
-118,-106
-160,-15
-172,41
-167,60
-152,87
-156,25
-156,-49
-122,-78
-5,-126
6,-131
-108,-89
-135,-76
-114,-97
-137,-51
-154,-13
-135,-61
-142,-45
-112,-66
-41,-133
-66,-130
-84,-121
-68,-130
-58,-118
80,-92
168,-41
169,-44
130,-102
76,-145
125,-96
173,-8
173,-27
137,-103
123,-126
134,-111
103,-134
38,-162
90,-132
152,-65
156,36
148,56
155,-18
118,59
93,117
22,115
-91,104
-63,128
6,144
61,133
41,138
-28,140
-60,128
-4,144
-2,150
5,150
-38,151
-33,154
-21,154
-54,151
-51,145
43,139
47,144
12,161
1,161
-75,146
-137,109
-135,112
-121,124
-151,93
-159,78
-168,58
-166,55
-167,54
-149,93
-120,129
-67,164
-51,169
-51,168
35,165
112,130
92,147
45,172
22,176
-15,174
-79,143
-135,83
-141,78
-112,120
-71,154
-21,164
84,139
155,31
141,-88
78,-139
-37,-132
-122,-70
-113,47
-34,143
46,153
68,144
-9,146
-65,133
-40,141
1,152
22,148
99,99
137,61
46,123
-14,139
9,144
-51,128
-124,77
-147,15
-122,-98
-61,-163
-59,-166
-5,-161
79,-145
116,-50
131,59
117,89
112,91
143,31
149,8
136,51
112,90
11,126
-100,131
-109,133
-110,134
-122,121
-144,17
-134,-96
-132,-110
-132,-105
-158,-21
-161,75
-162,75
-169,43
-171,8
-170,28
-154,81
-128,105
-14,154
111,115
125,105
146,64
161,13
129,-72
116,-103
94,-118
68,-129
126,-26
94,106
-31,145
-110,47
-120,-69
-132,-47
-129,-56
-133,-47
-118,55
-43,146
-25,158
-81,118
-118,80
-88,119
-69,130
-92,99
-125,66
-90,114
-103,86
-148,4
-153,-5
-145,12
-154,-24
-158,-6
-156,8
-149,-49
-81,-125
48,-154
120,-110
128,-107
95,-127
120,-2
97,104
114,82
146,6
109,61
63,131
71,130
97,110
111,81
107,87
139,31
133,-37
91,-116
63,-140
17,-150
-63,-144
-29,-149
56,-134
117,-76
146,-27
144,-20
148,31
143,52
128,100
117,115
75,153
90,139
145,63
136,85
111,115
106,-23
-2,-130
-97,-87
-141,38
-148,53
-152,3
-112,-63
-23,-137
43,-146
70,-140
95,-123
70,-127
-44,-137
-107,-96
-141,-39
-143,-15
-117,58
-119,78
-83,116
-12,156
18,158
15,150
-23,148
33,146
109,121
127,106
87,126
27,146
-15,147
-3,146
60,126
123,76
126,31
106,-108
105,-134
48,-164
12,-180
22,-175
48,-168
70,-157
96,-133
127,-59
112,62
52,138
19,148
-63,139
-110,129
-94,133
19,140
119,48
142,-29
143,8
94,85
-13,157
-47,164
27,162
99,121
127,72
63,134
-30,163
-63,165
-106,130
-156,39
-164,1
-164,42
-158,59
-144,85
-148,16
-87,-92
4,-143
25,-148
-39,-111
-128,-37
-123,-75
-117,-91
-131,-63
-104,-96
-94,-114
-124,-72
-137,-46
-147,-7
-126,-35
-35,-128
62,-149
25,-152
55,-130
148,-87
151,-86
166,-21
140,73
124,105
84,108
-26,136
-55,135
0,145
24,144
-55,127
-105,108
-90,121
-44,136
50,131
52,124
-59,123
-58,136
17,144
79,125
113,70
124,-67
95,-133
33,-148
-47,-162
-22,-166
-42,-152
-144,-69
-160,49
-119,120
-105,126
-148,93
-88,130
23,158
15,164
9,171
16,171
34,164
-18,163
-78,158
-122,93
-146,-36
-94,-110
-23,-146
-6,-148
-67,-125
-113,-104
-76,-120
-27,-142
-19,-140
43,-138
-25,-122
-108,-91
-120,-72
-130,40
-131,69
-142,42
-95,119
-74,145
-65,148
19,162
38,161
19,164
47,160
87,145
98,123
141,46
103,103
113,112
167,22
163,-63
148,-48
131,73
90,127
70,137
80,130
28,142
15,142
99,109
140,71
150,-15
144,-82
142,-89
100,-136
51,-165
7,-174
30,-170
79,-121
139,-13
144,36
136,56
138,41
143,2
140,-11
139,1
127,-63
139,-16
128,54
98,109
122,11
114,-94
105,-107
64,-135
20,-150
-32,-145
27,-138
72,-130
69,-131
63,-129
29,-140
-44,-141
-68,-137
-78,-131
-105,-107
-45,-128
50,-134
109,-109
123,-99
145,-62
163,-25
149,-67
88,-124
30,-150
-8,-151
42,-143
52,-148
2,-156
63,-141
94,-139
54,-155
20,-164
-5,-158
-95,-110
-112,-106
-96,-128
-79,-142
-52,-157
0,-170
39,-172
62,-161
-37,-143
-129,-100
-131,-101
-144,-25
-108,84
-10,136
84,118
88,117
122,72
153,-28
153,-48
127,-99
107,-126
125,-97
124,-105
125,-103
104,-120
42,-155
47,-155
56,-153
45,-155
85,-118
119,-89
136,-49
146,0
146,31
135,62
103,107
63,147
64,150
30,164
25,172
33,170
55,160
118,91
113,-55
48,-138
33,-141
-48,-119
-123,-90
-122,-93
-135,-71
-140,-64
-133,-75
-82,-109
23,-138
34,-144
-65,-116
-67,-109
-56,-121
-100,-104
-72,-130
-105,-99
-133,-61
-93,-98
17,-143
106,-123
160,-32
147,64
99,129
138,79
172,-14
171,-13
165,-26
128,-114
109,-121
7,-148
45,-149
125,-120
143,-97
160,-53
162,1
149,54
95,90
-63,86
-153,10
-162,-44
-166,0
-161,7
-167,-39
-167,-54
-167,-55
-163,30
-141,66
-141,-53
-67,-136
53,-144
76,-143
52,-149
-36,-152
-128,-82
-113,84
-70,155
-99,136
-153,45
-173,19
-174,27
-158,78
-141,108
-158,63
-143,-14
-38,-120
37,-142
75,-121
98,-92
-16,-117
-74,-129
-99,-113
-133,-74
-91,-90
41,-100
145,8
151,-27
131,-69
117,62
25,159
47,164
118,133
78,134
-18,159
-68,111
-68,-50
54,-136
109,-132
139,-87
174,-3
180,0
163,-63
143,-105
164,-62
161,22
139,86
137,93
133,97
89,111
-20,132
-13,145
-2,139
-88,103
-45,108
52,112
-33,128
-56,133
30,137
82,121
58,132
88,113
123,78
108,98
44,118
-98,95
-141,74
-121,98
-164,35
-163,-36
-91,-124
4,-157
17,-160
-5,-158
59,-92
134,23
112,100
96,130
125,88
145,57
147,56
154,15
155,7
156,16
127,68
26,155
-23,176
13,174
-29,170
-39,174
-14,179
-20,178
-7,179
50,167
84,152
34,168
-41,152
-94,131
-97,123
-88,114
9,158
1,165
17,165
51,162
-6,152
-87,117
-14,126
96,134
81,146
16,146
-70,118
-75,124
-99,106
-92,103
-128,22
-148,-36
-150,10
-132,64
-93,116
-94,102
-142,43
-113,88
-78,127
-67,135
-20,149
-3,150
-31,148
-38,148
0,149
23,145
-36,145
-92,129
-129,106
-140,92
-84,131
47,118
133,60
119,72
83,125
83,124
63,138
109,105
138,29
146,-27
142,-30
123,47
124,96
150,40
144,33
67,126
-20,172
21,164
88,149
115,130
115,121
49,158
96,120
159,58
157,6
156,-47
165,-32
170,3
174,-2
171,-19
169,-35
171,-29
164,-55
128,-101
50,-149
58,-150
39,-150
4,-154
45,-160
28,-165
53,-156
130,-101
166,-70
164,-62
173,-30
155,-81
134,-106
162,-35
169,-37
155,-78
133,-93
30,-157
-86,-132
-113,-120
-98,-140
-110,-127
-90,-152
-125,-124
-130,-112
-71,-157
-67,-166
-54,-166
30,-155
92,-137
102,-121
133,-71
147,-34
134,-72
106,-114
58,-140
-29,-156
-38,-157
27,-137
59,-138
40,-151
53,-144
45,-142
-16,-151
-48,-151
-6,-148
61,-131
18,-139
-37,-144
-47,-138
-120,-93
-152,-56
-136,-75
-68,-116
47,-127
66,-133
-1,-145
-12,-145
39,-145
61,-141
56,-144
1,-144
-90,-109
-123,-84
-131,-71
-130,-46
-117,72
-91,128
-112,104
-130,74
-139,56
-136,50
-130,-33
-103,-114
-110,-93
-139,-9
-142,-42
-141,-14
-131,64
-136,59
-133,69
-137,53
-149,9
-97,80
4,142
-27,130
-119,82
-149,17
-160,3
-156,31
-162,-15
-161,-4
-126,87
-132,81
-162,8
-165,18
-133,83
-113,103
-147,76
-68,124
62,129
113,97
96,110
42,143
-24,157
10,161
-16,140
-137,49
-176,7
-165,65
-108,131
-98,144
-142,102
-153,91
-145,107
-140,112
-126,127
-122,130
-115,134
-119,129
-120,125
-100,145
-75,161
-88,135
-140,80
-147,75
-143,81
-120,99
-12,156
101,137
121,125
142,83
169,-20
150,-84
110,-121
45,-153
33,-162
23,-157
89,-135
146,-62
176,2
176,5
172,-37
173,-38
175,-35
164,-65
145,-95
162,-38
156,34
100,104
88,120
138,64
159,-32
147,-89
144,-90
112,-120
31,-173
29,-174
76,-144
122,-39
145,27
151,16
150,23
149,16
150,14
144,32
143,20
139,46
132,70
114,94
95,118
101,107
67,132
-3,160
39,150
64,143
-1,166
19,165
99,123
133,86
116,117
104,133
120,112
147,77
138,85
98,138
105,137
140,99
142,103
149,93
125,118
60,162
19,178
31,175
72,163
92,154
128,117
168,39
136,-49
-2,-131
-108,-96
-133,-69
-137,-56
-139,10
-90,110
4,151
96,131
115,121
114,111
96,121
155,57
165,-33
132,-112
137,-99
121,-122
115,-115
151,-5
146,66
96,106
18,141
27,146
3,135
-88,116
-136,70
-160,1
-143,-80
-91,-143
-108,-141
-71,-148
16,-164
-31,-157
-118,-129
-147,-97
-106,-134
-86,-152
-74,-149
2,-154
-30,-149
-107,-128
-96,-136
-70,-138
-40,-151
-42,-154
-57,-152
-65,-147
-54,-144
-12,-150
15,-139
55,-130
-4,-142
5,-143
49,-139
49,-142
12,-136
-103,-88
-153,-22
-146,-43
-84,-97
46,-121
141,-54
172,9
170,46
168,24
155,-34
154,42
118,119
75,156
101,141
129,117
151,91
155,88
170,42
167,-42
144,7
96,121
41,149
59,145
88,135
89,132
64,141
68,140
87,128
33,141
-5,148
-25,142
-74,119
-93,114
-104,107
-79,126
-75,131
-97,111
-147,60
-163,24
-167,-22
-132,-93
-68,-157
4,-161
18,-163
-63,-158
-124,-121
-163,-60
-121,50
33,120
127,57
140,40
118,85
113,101
130,85
132,80
145,48
147,12
117,46
88,122
89,125
56,161
102,118
150,10
130,-70
78,-119
83,-117
113,-24
82,126
1,176
-18,171
84,105
148,-31
104,-112
67,-136
99,-122
72,-128
-14,-146
14,-143
97,-128
126,-87
110,64
70,150
62,154
-20,147
-98,108
-113,85
-127,-12
-48,-108
91,-135
127,-109
118,30
39,139
3,152
-23,143
-55,135
-71,124
-108,100
-90,115
-47,128
54,125
-9,109
-97,104
-52,137
-60,141
-56,142
-92,117
-145,56
-162,-29
-114,-98
8,-150
89,-94
141,13
145,8
89,-87
-50,-144
-143,-79
-148,55
-108,134
-133,83
-144,-51
-31,-121
86,-113
127,-47
76,79
-34,158
16,156
31,152
-36,169
-96,102
-152,-19
-152,-49
-146,-13
-120,107
-112,104
-144,-12
-147,-53
-130,-73
-145,-21
-149,12
-129,-60
-121,-82
-112,-81
-62,-125
30,-134
90,-130
10,-148
26,-128
144,-38
175,28
174,40
151,68
39,113
-104,33
-86,-96
7,-160
56,-163
82,-154
136,-102
160,-13
133,83
136,91
158,40
147,-40
116,-124
75,-146
-23,-166
-91,-146
-83,-154
-109,-138
-143,-93
-168,-25
-172,-9
-161,15
-123,86
-146,41
-162,-49
-146,-99
-119,-125
-126,-119
-163,-48
-144,71
-53,144
52,141
49,144
-28,158
-66,144
-137,93
-160,72
-165,31
-165,44
-172,4
-171,-18
-154,60
-126,125
-139,79
-159,-24
-156,-50
-161,12
-160,27
-131,-51
-73,-124
-84,-98
-114,62
-74,150
2,173
-7,174
-55,158
-70,151
-44,166
-62,156
-45,156
28,167
48,162
92,141
40,158
37,164
109,130
130,113
113,132
112,129
38,137
-92,87
-139,49
-140,12
-129,5
-54,117
-33,141
-61,130
-44,126
54,135
62,138
13,142
-12,143
52,130
-29,85
-126,-53
-89,-149
-78,-159
-39,-142
93,-115
87,-132
18,-169
-19,-169
-112,-122
-132,-87
-3,-131
4,-153
-115,-114
-149,-82
-108,-126
-135,-107
-157,-62
-160,47
-145,94
-122,110
-154,8
-163,-19
-131,99
-124,97
-140,-39
-95,-118
-65,-138
-34,-139
64,-109
125,-59
144,35
158,38
157,59
116,101
18,166
-17,177
-39,165
30,159
61,159
-36,149
-122,68
-113,90
-21,158
59,162
67,161
98,147
113,134
102,139
117,128
113,122
37,150
-29,141
-109,69
-143,4
-146,-19
-145,22
-124,80
-77,123
25,135
103,112
42,137
12,148
10,138
-82,105
-112,100
-114,95
-152,38
-162,-10
-148,-78
-152,-79
-154,-72
-118,-125
-61,-164
-70,-157
-108,-142
-117,-121
-161,-5
-165,52
-169,15
-166,-55
-153,-92
-161,-77
-125,-103
-96,-136
-123,-120
-124,-115
-141,-82
-162,7
-124,115
-90,154
-39,170
45,161
122,102
141,-7
63,-110
-38,-142
-34,-144
-14,-142
41,-137
1,-136
-106,-95
-139,-16
-82,119
-44,170
-49,167
-86,138
-112,120
-108,118
-128,85
-134,69
-146,35
-140,-16
-131,-58
-137,11
-83,112
25,155
38,153
-61,110
-134,13
-147,3
-115,63
-33,133
-79,111
-130,59
-150,0
-149,8
-79,92
71,113
120,96
102,109
109,97
58,131
27,144
38,145
80,114
103,94
-4,125
-18,138
62,130
108,99
105,100
31,133
-42,146
12,149
27,151
-12,157
-71,143
-58,152
44,141
86,130
56,149
26,162
37,162
51,158
89,135
117,106
104,106
123,-3
140,-28
116,-54
30,-137
30,-145
63,-128
-2,-123
-55,-131
18,-137
106,-95
141,-64
142,-69
155,-44
168,-2
150,-39
29,-117
-37,-133
-63,-104
-116,40
-101,119
-125,87
-139,52
-141,-2
-141,1
-142,37
-144,6
-113,-58
-24,-147
54,-160
109,-129
135,-107
117,-129
151,-88
159,-75
150,-66
158,20
148,53
88,114
52,136
118,61
162,-29
161,-55
163,-41
150,-64
65,-141
-48,-163
-24,-152
60,-155
32,-166
80,-129
74,-134
-36,-160
-136,-79
-160,38
-164,16
-172,-34
-166,4
-147,82
-163,24
-143,-76
-136,-105
-140,-100
-133,-92
-43,-126
65,-113
55,-129
72,-126
84,-121
81,-124
106,-101
135,-68
137,-64
135,-51
159,8
155,46
132,102
143,39
148,-54
124,-94
117,-106
49,-126
-72,-119
-125,-74
-142,-25
-140,-35
-147,-24
-152,6
-146,32
-142,33
-145,8
-105,-57
-16,-149
64,-153
86,-148
54,-163
54,-164
-9,-165
-70,-147
-44,-159
-30,-165
-76,-151
-76,-155
-52,-161
42,-157
82,-153
19,-174
18,-177
49,-170
62,-165
11,-176
-31,-174
-108,-94
-150,39
-149,62
-155,-8
-102,-123
-80,-157
-135,-101
-166,-55
-144,-100
-91,-133
48,-103
119,-72
87,-120
121,-59
140,35
140,55
143,29
107,-59
27,-144
-54,-142
-25,-127
94,-99
120,-85
102,-100
125,-75
114,-85
136,6
128,96
146,68
159,16
133,68
139,96
156,79
151,88
155,65
167,-9
149,-66
153,-46
146,65
130,119
128,119
97,147
121,125
162,27
175,-12
174,29
170,47
150,84
157,63
170,6
145,72
156,67
166,-35
151,-100
120,-128
26,-162
-86,-116
-148,-8
-142,52
-123,84
-97,109
-26,129
80,123
131,80
149,49
116,89
78,126
101,88
130,-53
110,-123
82,-147
55,-157
-10,-171
-58,-164
-76,-156
-1,-152
91,-119
101,-101
116,-53
47,-129
-18,-164
-36,-161
-81,-140
-120,-119
-133,-107
-157,-75
-170,-37
-157,-36
-85,-117
10,-145
27,-141
-51,-134
-21,-141
10,-145
-70,-123
-116,-102
-83,-123
-48,-138
9,-138
73,-131
109,-101
146,-65
130,-91
141,-72
155,-38
110,-109
103,-124
135,-98
153,-75
160,-59
112,-117
67,-149
-18,-137
-87,-108
33,-107
157,-14
165,53
150,87
165,47
171,-27
143,-100
100,-148
107,-134
155,-78
168,-28
161,30
164,0
157,-41
126,53
68,128
16,140
-1,144
-26,129
-96,115
-93,123
-128,92
-151,64
-98,106
7,144
80,117
126,65
129,53
141,-12
126,-80
114,-107
119,-94
45,-133
-51,-158
-54,-159
-74,-144
-58,-139
37,-137
116,-65
143,-15
136,-43
147,8
143,63
143,73
113,110
16,153
-73,159
-81,157
-124,111
-137,4
-100,-102
-121,-89
-136,-68
-147,-37
-158,16
-155,45
-151,42
-145,56
-144,55
-130,89
-90,132
-78,127
-128,74
-139,45
-126,66
-94,118
-114,85
-137,28
-100,94
-44,148
0,154
29,154
-13,151
-73,119
-102,100
0,113
136,74
150,73
138,86
147,48
162,-33
161,-28
161,9
147,41
143,-17
144,-67
151,-37
111,-113
46,-166
76,-113
139,10
140,54
143,44
128,66
104,105
42,131
-20,152
53,138
120,70
131,43
122,82
123,84
100,119
97,128
64,142
-39,152
-102,145
-28,159
1,153
-110,53
-129,-80
-137,-84
-163,-26
-168,11
-166,26
-155,-4
-118,-81
-37,-130
47,-134
84,-123
35,-126
-84,-110
-102,-102
-126,-63
-151,-15
-152,0
-109,60
1,155
4,163
-44,155
-31,151
67,150
78,150
21,156
-10,158
39,156
8,145
-98,91
-140,18
-139,32
-114,89
-35,135
-13,143
-71,129
-79,126
-101,107
-126,78
-109,79
-75,106
-134,57
-77,101
-8,140
-52,138
-7,139
81,117
133,57
151,-4
121,51
48,133
53,137
88,120
71,132
80,122
130,55
139,-27
107,-97
116,-90
138,-30
145,25
119,80
57,144
9,157
-63,159
-15,169
74,139
113,115
68,151
-11,168
-51,165
-8,169
-63,157
-130,101
-158,69
-155,77
-137,103
-101,137
-28,171
40,171
77,145
-2,158
31,164
112,138
137,117
161,75
173,1
166,-51
146,-81
143,-58
162,49
160,53
134,-72
52,-156
38,-167
60,-163
62,-162
-10,-163
-104,-106
-142,-28
-147,7
-151,-3
-111,69
-35,140
-36,143
-77,128
-61,134
-10,146
64,131
109,102
68,127
61,130
120,86
108,94
97,104
140,38
130,54
64,120
41,136
114,87
143,16
127,-64
21,-140
-81,-148
-111,-135
-133,-112
-163,-20
-164,70
-162,77
-170,50
-174,34
-145,93
-134,118
-147,101
-145,107
-146,99
-159,58
-168,20
-168,6
-165,1
-163,7
-160,-15
-149,46
-119,122
-54,157
79,137
117,120
77,155
131,98
166,3
161,-39
149,-82
159,-70
171,-37
174,-17
170,35
174,32
168,45
130,99
32,145
-41,150
-19,157
36,153
65,141
-3,139
-102,72
-145,-21
-145,-63
-85,-111
53,-149
124,-126
100,-143
39,-171
85,-145
131,-104
153,-23
154,32
154,34
154,28
149,29
137,-48
96,-134
0,-164
-79,-158
-64,-154
45,-142
46,-144
-70,-150
-94,-147
-115,-91
-159,39
-111,120
-103,126
-145,91
-97,135
-66,153
14,160
92,127
126,90
64,131
-21,165
-107,129
-152,92
-152,79
-143,-17
-75,-114
-47,-134
-99,-111
-95,-113
-116,-95
-109,-103
-85,-119
-63,-128
-14,-140
62,-127
91,-130
84,-136
92,-131
50,-140
20,-147
84,-136
128,-106
119,-121
137,-80
160,38
155,75
147,-41
105,-132
144,-70
175,-11
157,-59
123,-128
77,-154
-14,-170
-73,-144
-130,-73
-81,-113
22,-166
106,-117
136,17
109,105
111,107
125,89
128,79
46,106
-104,52
-147,-68
-155,-55
-152,-57
-161,-49
-174,3
-160,50
-156,65
-167,45
-151,23
-80,-110
-17,-161
-87,-139
-133,-112
-156,-61
-150,62
-87,147
-27,168
19,169
20,164
-77,130
-150,34
-135,-77
-98,-121
-115,-104
-72,-117
-13,-147
21,-138
59,-136
52,-138
67,-131
56,-139
26,-142
4,-145
2,-146
-17,-143
-60,-125
-100,-106
-133,-58
-126,-47
-20,-119
82,-134
124,-105
111,-115
62,-153
59,-149
127,-104
125,-116
107,-135
142,-105
160,-82
146,-98
116,-137
95,-150
39,-169
57,-161
117,-127
77,-149
36,-170
66,-162
102,-139
136,-107
153,-81
140,-97
149,-71
154,-63
138,-84
52,-150
-18,-175
30,-165
-11,-157
-110,-135
-144,-102
-161,1
-122,103
-20,144
83,118
121,85
141,25
120,-72
97,-101
136,-23
147,15
130,66
120,88
38,123
-90,139
-49,140
97,108
137,1
120,-85
131,-72
141,-48
120,-85
103,-108
67,-132
57,-135
112,-86
101,-85
-28,-122
-110,-82
-101,-105
-71,-122
9,-144
-3,-142
-103,-60
-101,86
-49,152
-99,89
-139,-10
-141,-37
-133,20
-115,99
-121,92
-120,92
-86,122
-60,140
-90,111
-131,31
-141,3
-141,28
-140,-38
-149,-14
-123,68
-85,122
-40,133
22,146
26,148
-41,124
-126,80
-135,80
-116,102
-52,124
84,99
143,50
155,-6
151,-44
129,-100
133,-83
147,-43
143,-57
127,-88
85,-131
88,-127
57,-149
40,-155
59,-143
74,-133
72,-127
119,-83
129,-70
138,-35
118,64
108,112
105,119
89,142
103,124
27,152
-13,170
88,108
147,-9
129,-80
107,-110
87,-124
90,-119
33,-136
-11,-142
21,-147
-17,-146
0,-140
-32,-135
-98,-102
-143,-23
-151,11
-148,19
-136,-32
-105,-97
-120,-80
-126,27
-124,69
-143,-2
-143,-32
-141,-27
-141,-10
-139,-57
-127,-81
-123,-72
-120,49
-123,23
-116,-97
-116,-102
-146,-14
-122,-65
-114,-102
-156,-20
-148,39
-135,64
-107,-55
24,-138
130,-82
125,16
9,118
-98,110
-139,81
-80,125
-25,153
-50,137
-139,41
-156,-63
-142,-93
-158,-18
-141,-75
-83,-135
-54,-153
-63,-145
-4,-155
-45,-153
-33,-148
16,-147
-10,-138
82,-78
139,7
138,-32
119,-75
119,-60
145,42
111,118
38,164
-19,173
-48,172
-66,163
-90,145
-120,103
-148,69
-153,39
-156,26
-151,14
-122,-67
-93,-114
-70,-122
34,-135
116,-110
160,-58
174,-21
173,31
173,-1
162,-62
171,-17
174,-5
162,-68
115,-127
78,-158
42,-167
-40,-155
-109,-113
-75,-137
-9,-168
-35,-168
-48,-163
-93,-139
-53,-157
1,-179
-9,-179
-21,-178
-78,-151
-145,-84
-160,-60
-133,14
-44,127
-23,146
39,140
107,94
140,50
137,61
129,67
66,118
-19,148
-115,94
-168,43
-176,10
-171,-43
-163,-65
-162,-47
-161,53
-151,98
-143,109
-141,113
-152,87
-170,45
-169,41
-169,1
-167,-28
-164,-18
-160,-23
-144,56
-68,156
4,180
-21,172
-28,170
63,159
99,147
117,127
155,87
157,87
124,111
94,140
156,57
173,-21
170,4
156,76
159,84
153,89
144,104
156,84
153,75
102,127
104,131
115,123
119,109
162,6
168,-58
162,-67
172,-33
167,-56
151,-92
162,-50
169,-14
166,6
159,-16
143,-90
96,-138
83,-150
78,-153
46,-163
113,-91
142,-63
95,-130
4,-164
-11,-167
19,-169
45,-151
48,-150
-4,-166
-22,-156
-118,-118
-165,-34
-145,82
-116,132
-105,137
-27,156
35,158
57,150
19,161
-15,166
71,133
96,133
97,136
82,144
52,167
11,164
-100,124
-149,86
-157,65
-162,38
-158,44
-145,83
-83,139
55,135
146,5
150,-32
164,41
154,-21
130,-100
121,-113
110,-117
153,-35
143,77
43,135
-81,111
-131,67
-142,34
-140,-19
-133,-10
-95,101
-59,133
-102,102
-95,110
-68,124
-124,39
-145,-48
-137,4
-120,40
-70,-98
26,-163
-15,-172
-54,-167
-114,-93
-137,44
-132,85
-140,77
-159,18
-162,-48
-90,-105
36,-154
4,-162
-109,-132
-121,-124
-18,-150
92,-120
76,-129
52,-144
105,-113
117,-96
136,-63
143,-25
146,27
137,57
132,75
139,5
113,-83
130,-55
138,-50
121,-73
146,-1
156,21
151,34
122,101
79,154
44,167
-7,179
-20,179
-13,175
-76,137
-107,117
7,147
134,40
156,-4
161,55
171,24
174,21
174,-14
158,-64
154,-8
112,116
34,149
-86,103
-137,57
-141,13
-112,-73
-62,-141
-42,-158
-51,-156
-89,-134
-30,-142
102,-86
126,60
138,70
170,-3
171,-8
168,-1
162,-12
146,-87
90,-144
44,-169
14,-151
111,-52
159,4
155,-37
148,-58
122,-106
78,-149
44,-153
113,-68
139,-55
126,-91
140,-46
127,-53
73,-131
21,-156
-61,-155
-101,-137
-118,-98
-166,9
-170,36
-176,25
-177,14
-173,8
-154,-57
-163,-46
-172,-19
-168,-22
-158,-45
-158,-52
-162,-38
-162,-33
-141,-69
-111,-100
-50,-132
-28,-133
-120,-68
-155,-15
-156,11
-127,86
-64,155
-18,173
-21,170
-10,169
-44,158
-25,160
-43,151
22,161
50,163
93,132
165,48
181,15
176,31
166,-20
75,-127
10,-167
64,-153
135,-105
119,-121
0,-159
-61,-159
-39,-171
-64,-162
-84,-147
-96,-138
-81,-155
-116,-125
-106,-132
-70,-165
-114,-129
-161,-60
-171,-12
-172,-6
-169,-37
-162,-70
-168,-20
-168,39
-119,101
-32,151
45,137
112,95
117,80
138,1
146,-11
147,-8
139,-38
124,-80
136,-39
129,-28
41,-125
-41,-150
-39,-141
50,-126
66,-132
78,-122
124,-46
152,20
143,8
51,108
-54,161
3,170
48,171
7,178
64,145
154,36
164,-11
151,59
72,143
-4,168
-33,158
6,165
-41,145
-119,53
-97,-55
35,-135
68,-155
32,-164
18,-165
68,-150
99,-139
51,-163
30,-169
47,-166
80,-140
152,-49
172,-36
136,-101
70,-161
82,-149
136,-100
82,-138
-35,-166
-82,-155
-28,-157
76,-150
58,-166
35,-169
-14,-158
-69,-156
-21,-174
29,-165
95,-123
70,-146
75,-121
121,18
80,106
-60,113
-159,37
-177,-26
-177,-18
-171,-14
-123,-96
-43,-151
18,-155
40,-149
-32,-147
-117,-117
-114,-117
-86,-136
-71,-140
-122,-80
-161,35
-118,125
-16,166
62,155
126,110
141,94
99,132
119,101
144,57
30,131
-37,150
98,91
154,66
122,123
71,153
121,82
156,-45
159,-7
172,31
169,17
149,-49
146,-87
144,-99
150,-97
144,-99
160,-32
156,60
97,123
94,132
93,130
45,141
-29,142
-61,132
-55,136
-61,126
-126,34
-140,21
-115,93
-119,96
-115,102
-108,108
-90,116
9,136
83,109
131,-11
126,-2
75,112
56,138
33,145
-9,155
-34,148
-76,140
-52,152
-97,126
-154,58
-148,-37
-101,-132
-109,-124
-161,-20
-155,79
-62,146
60,142
126,79
138,-14
145,-6
132,72
121,111
144,65
148,-15
123,-86
123,-91
133,-80
116,-100
114,-101
138,-68
158,-14
134,-62
126,-80
164,-1
161,63
155,90
167,54
163,38
116,121
111,136
96,126
2,153
50,152
125,120
163,53
177,-10
176,3
178,-25
174,-45
133,-104
51,-163
41,-170
47,-170
3,-167
-92,-132
-130,-84
-152,-23
-152,19
-152,35
-140,65
-136,66
-140,-36
-131,-104
-158,-21
-167,14
-172,-4
-167,-20
-155,-20
-111,97
-97,130
-45,138
81,103
111,79
42,137
58,128
126,31
98,-98
85,-100
132,-21
91,-94
71,-125
56,-127
-34,-149
-12,-149
67,-112
123,-76
80,-115
46,-127
119,-57
118,48
70,151
63,161
59,161
10,176
-60,154
-121,121
-128,110
-135,24
-120,-74
-113,-90
-76,-122
-97,-96
-142,7
-142,62
-129,91
-97,122
-36,162
-42,149
-116,86
-141,26
-128,-59
-110,-96
-129,1
-134,55
-134,-21
-89,-118
-60,-146
-112,-104
-108,-114
-45,-154
-42,-160
-110,-120
-120,-114
-124,-114
-149,-66
-154,-60
-140,-92
-116,-128
-123,-124
-107,-128
-59,-163
-103,-141
-104,-141
-137,-94
-164,-2
-110,97
-85,128
-134,95
-121,114
-115,124
-131,110
-138,100
-51,134
5,150
-92,127
-157,74
-174,48
-169,65
-161,84
-148,105
-115,134
-126,118
-158,58
-166,-14
-150,48
-142,100
-132,117
-129,122
-96,145
-29,174
25,175
49,171
42,170
101,117
164,51
168,48
147,-11
58,-124
14,-152
2,-150
29,-150
-13,-149
-64,-133
-25,-142
-29,-149
-35,-150
-30,-151
6,-159
-4,-159
-48,-140
-98,-109
-122,-89
-106,-114
-64,-144
-51,-157
-114,-105
-139,-70
-88,-128
-76,-149
-78,-140
19,-160
17,-173
11,-177
37,-171
10,-176
-23,-177
16,-173
51,-168
-1,-170
-104,-135
-156,-82
-157,-82
-145,-101
-143,-103
-168,-20
-174,16
-168,-35
-156,-86
-163,-45
-166,52
-154,86
-162,56
-179,2
-175,26
-159,76
-77,131
36,160
90,134
99,125
115,59
111,-80
89,-115
-9,-132
-114,-104
-100,-104
19,-124
80,-122
79,-123
108,-101
105,10
41,144
89,146
105,143
61,166
32,171
-29,160
-5,166
-3,159
-82,136
-110,108
-140,44
-148,-11
-145,-40
-141,-11
-129,68
-128,68
-109,95
-106,97
-134,54
-133,-30
-102,-119
-108,-97
-78,50
41,132
61,139
95,126
107,119
98,123
104,115
72,118
-14,139
-26,132
-113,57
-164,-23
-167,-38
-163,-56
-169,-48
-173,5
-165,29
-136,-62
-86,-150
-31,-148
99,-77
146,-7
141,32
142,35
128,-53
97,-119
99,-116
107,-95
138,-18
134,51
41,123
-76,150
-124,126
-100,143
-116,127
-130,118
-103,144
-118,120
-159,57
-157,39
-104,-63
-96,-98
-149,-46
-134,-63
-69,-121
-67,-104
-145,-6
-141,-20
-82,-108
5,-141
102,-94
165,-9
172,-18
160,-64
131,-105
127,-110
125,-113
106,-126
128,-114
107,-129
141,-39
164,56
167,33
168,-31
170,14
174,10
168,-46
142,-106
114,-140
85,-153
116,-108
165,-41
166,-50
145,-75
121,-118
124,-121
72,-154
-19,-173
-79,-159
-63,-169
-58,-171
-97,-150
-120,-126
-58,-156
-96,-122
-159,8
-123,106
-30,137
99,80
146,8
128,49
85,119
34,149
52,150
48,152
3,165
14,168
31,163
86,120
137,20
136,30
112,111
130,96
152,27
150,-22
150,37
142,7
118,-85
141,-50
150,37
156,55
145,-39
56,-122
-78,-102
-143,-45
-139,-54
-103,-82
-3,-138
26,-153
39,-149
-16,-132
-118,-71
-137,18
-135,5
-127,-67
-85,-120
17,-139
94,-137
94,-139
153,-60
166,14
159,25
151,-73
151,-11
141,71
156,-12
151,-12
99,102
106,114
128,96
90,105
-40,116
-76,124
-46,137
-52,108
-136,-5
-167,-25
-169,-30
-149,-85
-148,-102
-161,-79
-163,-74
-152,-87
-90,-140
-46,-162
-13,-158
19,-160
27,-159
-9,-160
-86,-139
-41,-142
47,-144
-4,-148
-93,-136
-138,-91
-143,-81
-142,-88
-124,-101
-51,-126
83,-82
131,-61
83,-119
66,-132
62,-135
64,-132
86,-111
130,-83
134,-84
144,-51
146,58
128,121
84,149
42,169
100,133
140,108
105,140
134,108
168,5
148,-39
115,87
136,104
169,57
163,51
104,121
77,147
54,148
-36,140
-90,119
-96,112
-100,100
-64,131
-74,131
-93,112
-131,30
-155,-40
-147,-6
-90,102
-43,142
-55,136
-102,101
-153,34
-164,20
-143,61
-148,36
-168,-7
-136,62
4,101
128,-5
134,-86
124,-101
106,-116
38,-149
-61,-154
-28,-149
46,-145
102,-92
135,-34
109,73
79,138
32,150
-78,143
-135,75
-109,-72
5,-138
54,-140
1,-141
-26,-126
89,-14
129,83
126,-24
83,-121
86,-118
68,-117
19,-137
43,-137
16,-142
74,-110
153,-21
172,-7
173,1
173,-7
171,-20
173,25
174,41
173,16
154,-66
140,-34
88,116
48,164
28,161
72,146
117,126
92,137
123,106
163,20
165,-49
157,12
115,99
149,54
169,-37
162,-73
139,-110
86,-154
40,-176
14,-179
-25,-160
-74,-136
36,-148
130,-76
153,2
144,47
140,39
133,-68
121,-110
121,-107
111,-92
106,34
18,136
-68,133
-145,79
-102,98
41,120
7,146
2,162
39,156
27,152
-88,116
-167,22
-168,40
-112,125
-15,168
-6,172
-76,153
-123,124
-104,142
-101,136
-150,67
-163,11
-145,-43
-129,-81
-133,-77
-131,-73
-85,-111
-79,-123
-92,-115
-82,-123
-95,-98
-19,-132
-21,-145
-58,-133
-88,-112
-103,-100
-52,-135
-55,-143
-80,-130
-121,-75
-131,-63
-137,-59
-139,-52
-125,-88
-127,-88
-133,-69
-144,-48
-146,10
-123,75
-38,132
21,151
35,148
80,131
46,136
3,146
24,147
45,139
83,121
9,136
-66,132
-95,116
-5,129
70,126
99,92
149,5
152,-31
151,-9
152,2
151,-10
128,-50
24,-140
1,-154
40,-140
-79,-124
-160,-47
-172,45
-146,99
-57,147
66,140
81,134
-30,140
-123,120
-93,147
-90,155
-100,145
-85,151
-28,174
-82,130
-117,112
-64,155
-118,91
-155,39
-135,94
-67,143
60,156
28,150
-94,98
-115,-41
-47,-127
15,-149
13,-153
69,-143
123,-102
161,-20
145,78
138,106
128,111
41,138
-10,157
-35,146
-94,102
-37,123
105,103
159,47
122,94
56,125
-58,124
-108,100
-116,90
-135,50
-149,-23
-112,-112
-87,-153
-81,-153
-16,-171
-12,-180
-63,-162
-124,-125
-107,-140
-111,-137
-158,-68
-167,-54
-164,-68
-171,-20
-161,-55
-114,-123
-4,-136
113,-82
121,-84
50,-139
-45,-152
-44,-155
-69,-149
-65,-143
-21,-150
-108,-97
-168,-24
-171,-10
-172,41
-167,21
-149,-51
-139,-78
-103,-115
-97,-120
-133,-80
-125,-69
-2,-120
101,-109
125,-93
110,-94
130,17
107,135
91,151
140,102
113,125
21,160
-70,145
-36,156
84,137
164,37
160,-56
104,-125
-13,-129
-111,-93
-133,3
-123,63
-144,11
-149,17
-144,-5
-129,-81
-132,-80
-121,26
-105,80
-138,-23
-125,-91
-30,-146
-6,-169
-15,-161
104,-108
148,-64
62,-138
-26,-175
-11,-177
-26,-175
-29,-174
14,-169
95,-114
140,-69
145,-35
146,-18
109,-99
8,-158
-25,-166
5,-167
-36,-160
-35,-156
67,-115
133,-50
119,26
57,135
55,147
3,158
-59,160
-83,152
-135,100
-150,89
-119,133
-80,154
-38,174
-47,171
38,150
123,75
140,-40
148,-51
140,-69
140,-62
112,-102
125,-82
151,30
155,85
157,79
109,129
86,151
130,124
148,104
150,97
137,107
145,92
135,111
135,103
81,144
61,154
70,145
142,81
175,5
173,14
165,46
156,62
143,82
139,82
151,61
87,112
-1,143
-70,119
-133,60
-155,-7
-134,-92
-129,-116
-151,-37
-164,15
-127,74
-36,137
-41,134
-128,41
-161,-63
-171,-42
-162,37
-131,95
-159,36
-169,35
-120,112
-50,153
16,151
37,148
22,155
-1,162
71,131
127,80
119,85
122,94
128,92
135,87
128,94
117,121
120,119
146,66
157,3
157,29
133,95
68,156
58,149
143,52
151,70
147,100
160,66
166,18
136,-71
94,-128
117,-112
144,-88
150,-51
161,47
170,58
178,26
162,61
131,116
103,140
100,139
131,109
161,14
159,-64
171,-18
172,-22
112,-116
42,-171
45,-172
75,-165
72,-163
-15,-153
-80,-149
-46,-159
41,-166
36,-169
92,-118
112,-111
18,-167
-96,-111
-154,-19
-130,-96
-62,-157
11,-172
-16,-165
-3,-133
80,15
53,135
85,109
39,88
-116,94
-130,115
-117,128
-116,126
-149,49
-150,-66
-80,-122
-7,-148
-33,-137
72,-79
145,5
151,33
152,51
149,52
153,33
144,72
129,106
102,138
64,161
43,167
2,177
36,167
118,54
140,-67
156,-49
167,-17
166,-10
149,-53
134,-98
142,-63
161,34
85,118
-62,108
-123,83
-73,129
26,155
-3,143
-104,39
-138,-26
-139,26
-137,25
-87,93
-112,23
-144,-61
-134,-79
-82,-138
-8,-168
59,-166
108,-118
125,23
98,114
86,114
-25,126
-118,81
-157,-12
-163,-49
-168,-18
-167,-7
-159,34
-165,-11
-149,-88
-130,-122
-56,-148
-23,-167
-108,-122
-166,-43
-144,67
-69,143
31,146
72,138
100,97
136,10
97,84
39,155
-41,154
-99,146
-118,128
-146,88
-88,139
-23,175
-62,157
-99,144
-105,134
-139,102
-148,68
-153,-12
-133,-76
-131,-80
-133,-70
-146,-1
-135,64
-126,-30
-96,-106
-122,-68
-89,-102
-62,-132
-106,-97
-136,-41
-140,-7
-128,-65
-114,-90
-48,-133
47,-152
77,-153
58,-162
12,-167
18,-166
49,-167
37,-171
37,-172
73,-161
76,-163
-3,-167
-76,-151
-37,-167
-37,-168
-90,-144
-120,-113
-155,-47
-163,-11
-145,51
-44,116
103,73
136,-32
18,-142
-52,-160
8,-165
-61,-157
-134,-81
-128,72
-72,144
-65,151
-67,148
-113,115
-151,79
-137,98
-105,128
-50,158
-90,126
-165,58
-170,63
-166,71
-149,89
-108,141
-128,78
-133,-63
-103,-121
-124,-93
-160,-18
-148,-51
-141,-68
-159,16
-158,65
-143,89
-139,88
-155,42
-156,46
-136,75
-130,-14
-135,-41
-147,33
-141,-5
-135,-61
-121,-79
-66,-128
-26,-152
-27,-149
58,-132
144,-87
172,-30
176,8
171,39
172,20
138,81
105,124
150,45
172,-16
159,43
150,75
141,82
136,61
134,-77
92,-146
3,-171
32,-157
114,-131
132,-110
151,-46
158,-35
132,-94
85,-143
103,-127
113,-114
107,-112
18,-163
-30,-173
-75,-159
-125,-120
-160,-72
-152,-64
-44,-119
95,-96
137,-47
136,-57
127,-76
73,-128
5,-155
-41,-149
43,-125
118,-27
102,103
50,158
24,170
43,166
46,163
-30,153
-117,124
-140,93
-152,18
-139,-61
-132,-81
-137,-66
-150,26
-144,83
-141,86
-146,47
-152,-1
-145,-32
-148,-10
-151,25
-148,30
-121,89
-60,147
-5,166
-25,155
-85,117
-128,76
-110,90
27,111
150,-3
163,-71
172,-44
159,-75
95,-136
-15,-165
-37,-167
1,-174
14,-175
39,-141
135,-18
163,9
153,-59
121,-125
117,-131
94,-146
64,-163
22,-163
-76,-155
-42,-158
66,-141
91,-133
127,-64
144,-31
138,-68
144,-48
142,-40
113,-100
46,-143
16,-141
112,-70
145,-30
142,-32
125,52
124,90
136,73
104,108
32,159
12,173
-52,144
-148,72
-164,63
-146,91
-136,24
-76,-108
-64,-133
-31,-134
41,-139
15,-145
55,-100
151,4
166,-12
148,-69
109,-115
73,-142
63,-147
37,-149
65,-142
91,-138
124,-99
169,-28
176,-24
167,-27
103,-117
64,-153
-12,-157
-53,-150
2,-162
13,-170
-10,-165
28,-168
20,-173
-1,-171
7,-158
-89,-120
-108,-127
-132,-103
-143,-88
-147,-78
-109,-113
-60,-163
-114,-123
-152,-75
-125,-117
-107,-137
-73,-158
-60,-168
-91,-147
-70,-155
-39,-170
-15,-172
-33,-170
-43,-165
-13,-167
-24,-167
-62,-136
-159,-43
-177,24
-162,71
-151,87
-162,73
-139,112
-116,137
-105,144
-67,159
-78,144
-114,126
-81,151
-119,124
-97,148
-41,173
29,174
88,151
134,97
161,19
150,27
86,133
53,172
88,156
124,120
153,70
142,100
125,124
111,140
130,122
76,131
-4,154
100,93
157,-41
136,-106
150,-81
167,-50
151,-94
155,-90
141,-104
56,-155
27,-164
121,-108
164,-65
138,-92
116,-124
139,-100
70,-153
15,-178
-44,-168
-98,-140
-135,-78
-124,-98
-124,-124
-135,-114
-140,-110
-154,-90
-164,-57
-161,26
-75,110
67,111
83,104
1,147
35,138
78,123
85,119
118,92
128,54
111,-69
28,-147
-77,-130
-108,-113
-36,-151
2,-156
-22,-156
-71,-136
-135,-25
-104,123
-118,128
-141,97
-60,150
-24,175
-28,177
28,177
87,149
134,99
109,122
-5,155
-105,127
-70,139
76,140
155,78
165,8
98,-98
9,-150
49,-129
143,-72
175,-11
179,-2
175,-16
131,-93
93,-140
84,-138
123,-56
123,87
92,133
102,112
-18,128
-82,123
-38,141
35,150
48,146
-19,135
-105,82
-108,96
-69,132
-78,120
-71,120
-22,143
21,121
127,54
124,78
109,96
26,128
-40,148
-20,151
-46,138
-124,99
-155,58
-159,-33
-165,-50
-177,7
-174,14
-156,-64
-127,-119
-109,-132
-87,-147
-95,-140
-134,-101
-152,-71
-126,-109
-89,-134
-96,-125
-136,-91
-152,-62
-135,-83
-146,-52
-170,-1
-165,21
-155,68
-131,109
-74,157
-94,122
-128,73
-32,152
32,173
39,169
68,159
61,164
50,171
112,132
161,56
161,48
143,103
119,133
138,96
145,55
34,134
-2,163
0,162
8,161
-18,152
-93,100
-135,59
-123,72
-54,134
-12,153
10,154
28,152
23,150
12,147
50,139
95,122
95,119
86,123
112,106
127,89
113,99
124,41
141,-71
144,-61
148,4
143,27
119,82
133,67
145,24
115,-76
26,-160
-39,-167
-79,-153
-126,-122
-114,-126
-100,-135
-149,-89
-163,-56
-174,15
-171,4
-173,-30
-177,5
-174,37
-171,5
-165,-38
-160,-50
-169,-3
-159,24
-147,-51
-138,-75
-153,-29
-134,64
-49,162
-28,178
-48,171
-35,173
-42,164
-105,116
-137,70
-124,89
-135,4
-131,-65
-140,-28
-110,84
-17,158
70,155
126,119
103,138
78,152
72,152
72,151
104,130
149,84
105,109
11,144
-50,129
-124,45
-145,36
-130,75
-133,69
-140,60
-82,105
27,138
-3,122
-123,46
-162,2
-163,15
-165,8
-169,-21
-168,-35
-168,1
-162,-27
-154,-84
-151,-82
-167,-21
-143,65
-84,137
1,143
98,109
129,74
144,27
128,28
88,117
35,154
-10,168
-40,164
-69,157
-110,131
-144,103
-153,90
-160,75
-126,122
-74,159
-55,171
-56,170
-90,154
-105,141
-139,80
-161,21
-151,58
-65,140
-6,171
-71,149
-78,154
-33,170
57,159
129,119
165,41
171,29
166,19
126,72
106,130
151,90
165,25
147,-86
127,-121
112,-136
109,-139
98,-147
69,-158
107,-125
132,-122
117,-136
139,-61
140,60
75,126
38,147
26,147
86,121
127,87
65,117
10,146
50,139
12,132
-86,119
-88,127
-51,143
-33,135
-122,66
-166,32
-168,17
-176,11
-173,24
-154,-35
-134,-114
-155,-76
-162,41
-141,105
-84,135
-38,159
-76,154
-85,154
-102,139
-145,93
-171,41
-168,30
-119,-65
-31,-142
-19,-151
-61,-141
-64,-139
-55,-137
-106,-108
-88,-115
-46,-140
-42,-140
20,-135
-21,-124
-127,-68
-150,-20
-151,-12
-108,-72
1,-135
-11,-148
-71,-130
-77,-121
27,-115
124,-104
56,-141
1,-157
-39,-144
-78,-132
-101,-105
-137,-50
-130,36
-115,76
-143,5
-142,17
-70,111
7,152
35,149
60,143
75,138
69,136
44,139
93,111
148,60
156,45
159,34
164,3
158,-13
123,-98
77,-154
99,-126
141,-46
146,-42
118,-105
55,-155
-6,-171
-71,-155
-135,-112
-163,-74
-175,-44
-178,12
-166,61
-117,119
-82,146
-107,134
-23,152
81,133
116,109
135,79
138,-1
104,-100
73,-129
109,-86
150,-14
155,-4
143,12
89,127
63,164
113,87
152,27
140,84
136,13
63,-118
6,-140
98,-76
160,35
167,62
166,-9
151,-63
154,21
58,112
-82,25
-103,-94
-126,-58
-138,23
-67,114
3,161
-4,146
-98,93
-111,90
-82,121
-94,108
-134,56
-140,51
-137,53
-143,-26
-146,-66
-127,-78
-46,-154
12,-177
24,-179
29,-175
20,-176
-53,-169
-96,-150
-97,-151
-126,-102
-160,7
-170,1
-165,-49
-162,-55
-171,-10
-170,-44
-176,-7
-172,31
-165,-9
-129,-98
-55,-149
-106,-119
-168,-28
-170,53
-172,55
-177,29
-177,20
-158,81
-133,122
-130,115
-164,39
-173,1
-162,58
-149,93
-157,80
-142,101
-128,117
-92,149
-74,161
-89,135
-144,72
-153,55
-147,67
-102,127
-42,167
39,165
128,112
127,115
142,101
158,82
130,116
93,146
90,150
113,129
141,90
96,132
52,156
19,157
25,158
24,155
-25,147
7,144
62,143
64,143
72,139
76,138
90,131
73,130
-19,133
-6,137
76,128
120,95
151,29
157,-33
135,31
81,115
102,100
141,53
147,27
101,86
49,138
-8,148
-71,140
-81,145
-77,150
-80,145
-123,114
-122,123
-88,147
-103,132
-129,116
-24,140
107,103
127,91
129,93
124,97
80,138
101,116
150,32
154,-3
138,-55
140,-35
106,-62
-39,-117
-139,-66
-157,4
-145,-24
-114,-88
-23,-129
59,-138
107,-79
110,80
9,148
-111,93
-135,77
-107,119
-67,148
-78,129
-126,67
-105,102
-100,115
-117,75
-112,-33
-46,-142
-13,-165
23,-164
36,-167
-16,-163
-14,-161
10,-172
-52,-157
-10,-148
118,-98
164,-12
164,-42
117,-122
32,-169
-36,-171
-54,-166
-83,-154
-71,-155
-126,-111
-127,-93
-21,-155
16,-173
5,-176
23,-173
60,-156
52,-157
-27,-161
28,-140
116,-97
135,-36
143,17
146,-26
136,-64
92,-114
48,-147
16,-146
86,-72
146,1
149,29
134,61
104,116
117,18
41,-120
-36,-147
-66,-136
-37,-126
73,-119
100,-111
126,-86
143,-54
150,-41
137,-8
70,126
11,170
67,164
64,166
25,169
72,145
154,38
120,-92
121,-91
116,45
32,155
61,158
108,137
116,130
96,138
37,147
-53,127
-127,49
-137,-17
-68,-115
-20,-161
-40,-161
-74,-144
-126,-98
-136,-78
-95,-136
-48,-164
15,-173
49,-159
126,-62
138,47
140,13
152,-37
153,-6
145,39
143,-9
97,-115
108,-114
90,-127
72,-130
131,-77
133,-79
132,-73
146,-15
142,-33
123,-17
12,106
-112,121
-158,66
-155,-33
-90,-127
-70,-146
-36,-139
78,-105
132,-61
112,-88
135,-53
144,-50
126,-82
139,-45
107,-71
-28,-117
-141,-57
-158,23
-130,103
-122,112
-153,53
-149,63
-94,133
-83,144
-127,86
-141,10
-116,47
41,122
152,88
108,117
50,157
73,151
27,160
44,159
21,156
-66,129
-82,126
-73,134
-64,137
-19,150
-38,138
-76,124
-84,96
-129,-34
-132,-87
-136,-76
-123,-111
-110,-129
-87,-150
-100,-133
-114,-122
-79,-157
-56,-171
-72,-154
-110,-131
-68,-157
-120,-106
-158,-67
-170,-12
-167,43
-166,31
-157,-56
-145,-105
-136,-109
-106,-139
-125,-120
-129,-113
-83,-143
-7,-157
32,-147
-49,-134
-137,-101
-166,-34
-161,-4
-103,-105
-78,-140
-92,-131
-109,-118
-132,-91
-151,-57
-107,-96
-112,-82
-155,21
-162,12
-160,-13
-161,31
-158,22
-157,19
-116,102
-60,161
-71,155
-46,163
-69,143
-101,126
-75,146
-76,144
-15,160
90,134
157,67
149,87
140,103
164,62
177,9
158,-68
118,-127
138,-107
149,-97
154,-73
169,-41
160,-81
159,-76
169,-42
169,-15
169,1
168,-7
157,33
132,75
148,20
120,-85
-4,-159
-107,-137
-152,-65
-123,57
-29,144
-7,153
-46,145
-110,112
-155,56
-159,-43
-150,-96
-159,-44
-145,69
-157,56
-166,53
-77,127
65,127
132,55
145,-17
121,35
20,134
-80,151
-53,159
-90,125
-153,79
-148,2
-95,-100
-124,-79
-114,-93
-71,-131
-109,-103
-111,-101
-47,-135
2,-144
-37,-137
-32,-134
79,-61
139,61
124,-32
71,-132
109,-117
115,-118
112,-118
146,-81
160,-56
108,-117
64,-153
58,-156
65,-155
49,-163
1,-159
-32,-156
8,-169
48,-162
97,-145
110,-121
159,-51
167,3
167,36
170,18
159,28
142,71
158,11
151,-74
149,-86
129,-114
56,-158
-2,-176
-42,-164
-125,-119
-127,-110
-105,-139
-146,-100
-165,-58
-176,-1
-165,43
-157,70
-156,73
-126,113
-115,124
-146,89
-157,84
-148,93
-164,19
-174,-10
-143,71
-24,149
95,110
145,26
139,-29
145,-10
142,-33
73,-112
19,-144
46,-133
110,-55
107,92
31,167
-28,174
-73,161
-107,132
-137,90
-145,19
-151,-12
-146,55
-138,75
-147,34
-137,-26
-89,-110
-71,-131
-120,-66
-129,-45
-71,-120
-53,-144
-92,-120
-43,-124
97,-117
158,-80
151,-96
117,-135
82,-156
13,-168
-37,-166
-64,-156
-84,-146
-56,-158
-10,-175
0,-179
-55,-157
-130,-102
-110,-123
-60,-165
-5,-174
59,-166
87,-151
90,-147
109,-128
101,-136
104,-122
134,-68
109,-108
28,-152
-101,-127
-165,-49
-169,19
-79,114
66,117
126,79
121,91
105,112
117,99
97,105
46,150
85,133
118,102
66,134
-63,131
-136,102
-40,152
78,146
103,134
75,157
59,170
32,175
-5,177
-79,135
-147,57
-157,33
-116,-32
-51,-125
-107,-79
-151,11
-123,93
-67,155
-40,166
-28,168
-23,161
-97,106
-139,54
-134,54
-117,1
-115,-89
-99,-111
-66,-143
-74,-142
-18,-145
101,-126
83,-147
22,-170
54,-164
118,-117
69,-131
-60,-155
-115,-123
-140,-91
-145,-81
-157,-51
-157,-41
-134,-93
-134,-111
-108,-130
-49,-166
-94,-110
-135,40
-151,43
-163,41
-148,81
-126,109
-91,133
-44,150
-25,155
-62,149
-98,118
-132,85
-39,145
72,112
128,-15
130,-69
103,-108
103,-103
126,-75
140,-39
139,20
109,109
100,130
83,137
-10,166
-15,176
9,179
25,174
-21,175
-35,175
-80,143
-141,75
-156,11
-114,-62
-27,-128
-70,-120
-76,-123
-37,-144
-48,-140
-2,-147
81,-129
144,-83
105,-106
-16,-137
44,-134
95,-133
10,-151
-97,-100
-141,-45
-131,25
-96,110
-86,122
-73,128
-118,64
-143,-24
-86,-116
32,-157
115,-134
148,-93
164,-55
160,-14
128,71
54,118
-85,85
-156,-1
-147,-77
-153,-68
-163,-17
-114,84
-84,129
-42,139
28,144
85,103
107,97
124,71
145,21
133,49
135,-12
117,-89
19,-131
-101,-132
-113,-133
-78,-141
-54,-147
-77,-140
-116,-108
-149,-65
-49,-108
29,-143
76,-95
140,-11
135,-56
132,-75
