   -11,      0
    76,    290
  -113,    445
   290,   -273
  -489,    347
   161,   -204
   -52,     98
    -4,    435
   189,    -30
   371,     -1
   156,    122
   -65,     37
   -22,     20
     5,    -17
  -214,      9
  -130,     -9
   -56,      0
     4,     56
    46,     13
    30,    -36
    75,    -81
   -23,    -58
   -20,    -81
   -35,    -70
   -28,    -25
   -40,     26
   -37,     26
    -7,     17
    41,     26
    70,      9
    48,     -3
    37,    -13
    -8,    -44
   -41,    -67
   -81,      7
   -39,      5
   -34,     40
    -2,     52
    47,     51
    18,     33
    50,    -22
    43,    -42
    15,    -63
    -3,    -63
   -27,    -47
   -30,    -18
   -39,     49
   -51,     55
    -4,     38
    38,     14
    38,     34
    84,     36
    68,    -24
    32,    -54
    -3,    -44
   -11,    -65
   -51,    -35
   -62,     11
   -37,     49
   -10,     48
    13,     50
    23,     52
    42,     10
    39,    -35
    29,    -23
   -20,    -27
   -76,     -6
   -73,      5
   -36,     41
   -19,     22
   -17,     34
    42,     54
    62,     38
    60,     38
    59,     16
    48,    -24
    20,    -43
     6,    -68
    11,    -57
   -39,    -23
   -49,     14
   -32,     22
    -9,     43
    33,     77
    21,     60
    43,     -1
    68,      5
    31,    -15
    26,    -51
     0,    -71
   -28,    -23
   -47,    -15
   -69,    -58
   -89,     21
     7,     82
     4,     64
    10,     44
    30,     38
    30,     17
    27,    -23
    31,    -31
    35,    -26
    25,    -36
   -20,    -29
   -35,    -16
   -20,     35
   -64,     97
   -33,     91
    -8,     45
    14,     58
    63,     54
    64,    -18
    52,    -20
    35,    -38
    -2,    -49
   -30,    -38
   -41,     -6
   -20,      2
     3,     -8
    47,      7
    14,     37
    -5,     63
    19,     41
    15,     36
    60,      1
    40,    -62
   -12,    -38
   -51,    -74
   -12,    -58
   -28,    -69
   -46,     -1
   -66,      5
   -62,     28
   -36,     17
    18,     64
    43,     25
    40,     69
    51,      8
    57,    -16
    40,    -29
     4,    -42
   -12,    -37
   -72,    -29
   -92,    -21
   -41,      2
   -70,     58
   -85,     36
   -18,     45
     1,     57
    19,     25
    22,     13
    37,     17
    39,    -23
    76,    -12
    74,     -3
    27,    -39
   -39,    -50
   -55,    -32
   -73,      5
   -69,     54
   -32,     44
   -26,     -1
     2,     40
    35,     40
    18,     47
    71,     46
    44,     -3
    50,    -52
    29,    -48
   -11,    -34
    -7,    -42
     7,    -37
   -15,      8
   -24,     -1
     3,     -1
   -37,     35
   -11,     88
    10,     58
    35,     48
    34,     43
    45,     -4
    36,      2
    49,      1
    43,    -30
    15,    -40
    24,    -43
   -47,    -28
   -68,    -33
   -42,    -23
   -63,     21
   -50,     18
   -46,     24
   -20,     37
    -1,     81
    -7,     66
    26,     32
    35,     -2
    71,    -57
    90,    -29
    41,    -34
    12,    -66
     5,    -39
   -38,    -65
   -36,    -14
   -47,     -9
   -33,     -1
   -49,     24
   -51,     55
   -28,     55
   -26,     48
     6,     59
    19,     49
    60,     61
    45,     36
    39,     -9
    33,    -18
    20,    -22
    16,    -56
     7,    -21
   -12,    -56
   -20,    -75
   -27,    -50
   -48,     -3
   -37,     11
   -26,    -13
   -57,     13
   -72,     40
   -16,     47
    22,     45
    37,     75
    19,     30
    44,     16
    51,     12
    53,    -15
    23,    -42
    14,    -20
   -13,    -14
   -23,    -98
     4,   -104
     4,    -51
    24,    -45
   -13,    -29
   -58,     36
   -19,     30
   -38,     27
   -33,     35
   -24,     15
    14,     50
    30,     42
    48,     17
    61,     12
    66,    -18
    42,     -6
    26,     13
    52,     11
    59,    -42
    35,    -86
     6,    -71
   -28,    -43
   -25,    -38
   -40,    -34
   -82,    -18
   -78,     13
   -67,     22
   -47,     33
   -23,     36
   -21,     29
   -10,     36
     6,     60
    27,     44
    53,     31
    28,      3
    36,      9
    29,     12
    11,    -31
     0,    -56
    46,    -34
    51,    -42
    23,    -42
   -12,    -88
   -40,    -55
   -45,    -49
   -52,    -20
   -57,    -16
   -62,     15
   -54,     19
   -53,     21
   -27,     45
     5,     59
     9,     65
     0,     59
    27,     33
    56,      8
    28,     19
    16,      7
    34,     28
    28,     23
    31,    -34
    30,    -71
    23,    -44
    30,    -62
    73,     -7
    29,    -57
   -62,    -59
   -20,    -40
   -46,    -15
   -28,    -30
    15,     32
   -36,     -1
    -7,     53
   -72,     99
   -12,     37
    -8,     42
    40,     14
    59,     41
    24,     22
    15,      9
    -6,     61
     7,     84
    27,     58
    38,     27
    70,     13
    40,     -4
    20,      6
    49,    -23
    45,    -59
    19,    -59
    12,    -56
     4,    -56
   -18,    -60
   -24,    -54
   -31,    -42
   -17,    -34
   -26,     -6
   -50,     -3
   -46,     -2
   -59,      2
   -49,     -1
     5,     17
    27,      7
    16,    -19
    15,     30
    -5,     67
     6,     74
    47,     50
    10,     19
   -20,     17
     9,      4
    23,      1
    30,      3
    66,      1
    82,      1
    67,      0
    68,     -8
    54,     -9
    45,    -29
    45,    -27
    53,    -25
    50,    -44
    15,    -67
     5,    -26
   -22,    -27
   -71,    -42
   -49,    -38
   -26,    -31
   -36,    -41
   -54,    -35
   -41,     -3
   -61,      5
   -42,     -4
   -29,    -25
   -51,     32
     7,     29
   -59,     -7
   -81,     57
   -36,     50
   -26,     55
    14,     29
    17,     45
     8,     59
    -1,     60
     8,     40
    18,     32
    30,     33
    25,     39
    82,     39
    68,    -37
    41,    -19
    40,     -2
    24,    -26
    21,    -38
   -23,    -44
    15,     -7
    22,      9
    14,     40
    56,    -45
    16,   -138
    30,    -88
     5,    -34
     6,    -41
    21,    -21
   -19,    -71
    -9,    -83
    26,    -69
   -16,    -45
   -23,    -56
   -41,    -57
   -36,    -46
   -41,    -49
   -57,    -28
   -45,    -36
   -53,    -24
   -46,     -2
   -50,      5
   -72,    -29
   -53,    -33
   -28,      7
    -3,     51
   -39,     43
   -48,     23
   -27,     36
   -67,     -7
   -44,     59
   -35,     50
   -33,     47
   -24,     33
   -28,     47
   -44,     58
     7,     56
    11,     70
   -17,     66
    10,     65
    -1,     44
    16,     43
   -34,     57
    79,     63
   -11,     69
    12,     44
     6,     28
    23,     51
    39,     -8
   -36,     18
    39,     24
    -4,     44
    34,     36
    67,    -13
    73,     29
    49,     -9
    63,     13
    36,      3
     7,     -8
    57,    -23
    97,    -22
    65,    -13
    50,     12
    40,      8
    33,    -19
    44,    -44
    49,    -36
    50,    -26
    33,    -46
    44,    -32
    41,    -40
    37,    -46
    48,    -50
    35,    -37
    38,    -42
    44,    -47
    16,     -7
    22,    -27
    58,    -47
    23,    -32
    37,    -48
    35,    -58
    21,    -20
    35,    -49
    23,    -53
     2,    -63
     0,    -38
   -19,    -56
   -22,    -48
    15,    -45
    -7,    -48
   -11,    -41
   -16,    -74
    10,    -70
    -6,    -71
     7,    -81
     6,    -43
   -14,    -47
   -30,    -51
     0,    -43
     9,    -33
   -36,    -36
   -42,    -33
     2,    -65
   -20,    -67
   -22,     10
    33,     30
    -5,    -32
    20,    -29
   -30,    -60
   -39,    -24
    38,      3
    30,    -13
   -12,    -63
   -24,    -66
   -21,    -86
    -9,    -41
    21,    -32
    16,    -55
    33,    -70
    19,    -38
     1,    -25
   -10,    -38
    -4,    -48
    24,     -7
    40,    -25
    32,    -62
    16,    -61
    17,    -60
    23,    -39
    48,    -52
    28,    -52
   -11,    -46
    -6,    -66
    14,    -63
    53,    -32
    40,    -52
    25,    -48
    20,    -34
    15,    -52
     9,    -25
    33,    -26
    56,    -30
    49,    -52
    16,    -52
    35,    -43
    45,    -29
    39,    -32
    47,     -4
    71,    -18
    41,    -24
    35,      0
    44,     -4
    37,    -38
    45,    -16
     7,      1
    47,    -19
    26,    -53
   107,    -51
    67,     49
    31,     10
    62,     27
    47,     31
    64,     21
    45,     15
    44,     34
    45,     48
    75,     20
    19,    -10
    13,     25
     4,     51
    38,     60
    14,     35
    21,     55
    29,     43
    -1,     40
   -15,     68
     1,     53
    -9,     66
     5,     60
     4,     64
   -12,     26
     1,     53
   -20,     86
   -15,     38
   -38,     65
   -36,     55
   -23,     24
   -28,     41
   -45,     20
   -13,     -8
   -36,     11
   -36,     28
   -62,     14
   -58,     -9
   -32,    -15
   -45,    -15
   -57,    -34
   -44,    -14
   -37,     10
   -24,    -30
   -23,    -29
   -60,    -44
   -41,    -62
     0,    -41
   -17,    -49
   -26,    -57
   -19,    -48
     8,    -33
     4,    -38
     3,    -55
    10,    -58
     1,    -35
    28,    -33
    78,    -29
    33,    -47
    37,     -9
    57,    -20
    56,    -25
    65,    -19
    47,    -10
    42,    -12
     0,    -72
    20,    -51
    24,     23
    17,     61
     5,      6
    11,      9
     1,     38
   -30,     20
   -27,      2
   -15,     13
   -32,     42
     4,     -3
   -24,    -35
   -54,     -7
   -28,     26
   -52,     40
   -81,     34
   -37,      4
   -49,     24
   -52,     21
   -49,      4
   -38,     -8
   -26,     -8
   -62,     -9
   -50,    -51
   -28,    -55
   -18,    -47
   -14,    -48
     7,    -54
    32,    -63
    48,    -47
    24,    -45
    20,    -41
    32,    -54
    40,    -29
    46,    -10
    79,      2
    78,     15
    68,    -12
    61,    -44
    67,    -16
    40,     16
    23,     31
    23,     89
     8,     48
    18,     53
    22,     32
   -11,     45
   -42,     28
   -26,     19
     7,     18
   -49,      1
   -72,     41
   -73,     18
   -20,    -57
   -23,    -42
   -32,    -52
   -49,    -77
     6,    -66
    -6,    -68
    -4,    -58
     1,    -42
     0,    -29
    36,    -25
    76,    -39
    61,    -29
    61,    -20
    67,    -14
    63,     -7
    60,     20
    43,     19
    45,     33
    23,     41
    -8,     36
     1,     25
     8,     50
    -2,     65
   -22,     53
   -45,     37
   -61,     29
   -47,     27
   -45,     16
   -60,      1
   -39,    -31
   -46,    -15
   -39,    -49
    -4,    -77
     8,    -51
     2,    -17
     4,    -25
    42,    -34
    41,    -35
    10,    -40
    52,     15
   -12,     61
    29,     59
    46,     15
    39,     31
    24,     35
   -11,     62
   -58,      1
    29,     34
   -42,     52
    -9,     12
   -54,     51
   -46,      2
    24,     28
   -21,     -7
   -21,    -42
   -28,    -55
   -54,    -69
    11,    -76
    -3,    -48
    12,    -37
    27,    -44
    33,    -50
    52,    -17
    61,      4
    50,     22
    43,     29
    27,     33
    15,     44
    11,     59
   -35,     40
   -47,     46
   -14,     24
   -50,      5
   -61,    -27
   -82,    -76
  -100,    -12
   -21,    -76
    43,    -53
     0,    -58
     3,    -47
    -8,    -13
    17,     30
    41,     33
    68,    -21
    68,     -8
    67,     22
    26,     32
    -7,     48
    -6,     57
   -34,     58
   -31,     57
   -27,     47
   -46,     27
   -51,     21
   -62,    -22
   -52,    -61
   -26,    -47
   -16,    -34
   -14,    -50
   -16,    -67
    22,    -44
    52,    -32
    60,    -10
    56,     10
    56,     28
    43,     27
    12,     54
    -6,     57
     2,     47
   -23,     36
   -29,     21
   -50,      1
    13,    -93
   -23,    -69
    26,    -79
   -16,    -71
    35,    -32
   -13,    -14
    34,    -35
    45,     34
    40,     20
    46,     35
    32,     22
    21,     44
     8,     68
   -39,     60
    -6,     68
   -49,     54
   -50,     30
   -53,     12
   -61,    -21
   -55,    -16
   -53,    -45
   -21,    -78
    20,    -37
    30,    -51
    34,     -8
    44,     -6
    41,      9
     8,     -5
    36,     20
    36,     91
    -2,     94
   -23,     47
   -37,     26
   -42,     23
   -55,    -10
   -21,    -52
    -7,    -72
    -2,    -39
   -15,    -78
    32,    -93
    38,    -29
    37,    -22
    54,      8
    24,     46
   -34,     61
     6,     68
    12,     40
   -36,     49
   -41,     26
   -51,    -16
   -36,    -58
   -54,    -36
   -42,    -54
     0,    -54
    34,    -50
    39,    -22
    40,    -19
    44,     22
    48,     28
    41,     40
   -21,     43
     0,     82
   -47,     70
   -52,     11
   -41,     -8
   -26,    -40
   -23,    -47
   -11,    -64
   -10,    -35
    15,    -39
    45,    -16
    62,     32
    47,     24
    90,     40
    -8,     34
   -35,     65
   -28,     53
   -28,     15
   -46,     15
   -47,    -25
   -41,    -26
   -48,    -16
   -45,    -64
   -23,    -78
    26,    -68
    43,      7
    31,     -6
    21,     32
    -3,     16
    -6,     -1
   -19,     26
   -71,     34
   -59,     -8
   -34,    -44
    -6,    -56
   -27,    -63
    14,    -60
    38,    -34
    67,     -4
    56,    -11
    74,     29
    26,     38
    -5,     51
   -39,     55
     6,     -2
   -28,     37
   -89,    -22
   -48,    -40
   -22,    -41
    -1,    -50
    33,    -54
    63,    -39
    26,     15
    26,     35
    10,     24
    -3,     37
   -23,     67
   -48,     29
   -46,     11
   -41,    -25
   -47,    -35
    11,    -43
    29,    -38
    89,    -63
    63,      6
    53,     18
    -3,     43
     4,     71
     7,     37
   -28,     13
  -128,      3
   -80,     14
   -58,      1
   -30,    -12
   -27,    -26
    38,    -20
    36,    -24
    59,     40
    34,     27
    -2,     32
   -67,     59
   -42,     36
   -94,     -3
   -55,    -43
   -33,    -30
   -24,    -44
    30,    -66
    41,    -35
    58,     -8
    56,     47
    31,     44
    23,     54
    -8,     72
   -52,     31
   -51,     17
   -55,     -5
   -27,    -55
     9,    -53
    28,    -47
    40,    -37
    76,     13
    49,     55
    16,     51
    -3,     65
   -28,     45
   -44,     19
   -55,     -7
   -64,    -48
   -17,    -61
    13,    -47
    32,    -49
    69,    -28
    39,     21
    38,     42
    16,     45
   -33,     33
   -55,      3
   -59,    -34
   -54,    -53
   -19,    -47
