                    0,                     0
                  900,                     0
               125657,                  -990
              1155059,                 54387
              2012755,                194258
              5495194,                -85296
              5614015,                -47522
              5720638,                -93359
              5803978,                -82066
              7480105,               -231413
              9739730,                 -7828
             12314962,                -95665
             12872681,                 -4452
             15607588,                120687
             16505827,                257926
             17471691,                192668
             17615599,                240331
             19070101,                399435
             20964196,                581038
             21241358,                659684
             23065647,                464523
             24318846,                391415
             25178252,                308092
             25452564,                388803
             25626637,                351602
             27514196,                187263
             28491497,                309961
             36965747,                624550
             41810240,                868761
             44317572,                860320
             46232354,                971693
             47197601,               1069042
             48083643,               1187100
             48247897,               1194670
             51446685,               1440495
             51457419,               1423492
             52013285,               1316612
             55886012,               1089707
             56625530,               1075249
             58384533,               1104316
             58934473,               1212940
             60691369,               1301146
             61822075,               1162097
             62600710,               1039197
             65616771,                862649
             66415224,                976207
             66488081,                937097
             67802858,               1096545
             68518093,               1218183
             70374885,               1406431
             76069745,               1700822
             76402960,               1721706
             78185494,               1547560
             78233052,               1556926
             79699216,               1645777
             81113878,               1721773
             81587107,               1807900
             81848549,               1737376
             84606942,               1684612
             84631928,               1699167
             84805501,               1696707
             86152441,               1699828
             91895516,               1607047
             91980798,               1651779
             93161761,               1808266
             93370156,               1763173
             95094645,               1612539
             97757418,               1382919
             98492105,               1425458
             98877528,               1508388
             99842525,               1368121
            100883692,               1355889
            101230863,               1371260
            101965312,               1247309
            102554253,               1351915
            103462024,               1342531
            104121994,               1452550
            110668833,               1412533
            112384841,               1252679
            112545642,               1205736
            113028190,               1131576
            113844428,               1150847
            115179874,               1317003
            117157884,               1112714
            119298605,                918339
            121140408,                858343
            121513042,                892126
            122687478,               1072239
            123493485,               1225607
            124112470,               1154648
            126899669,               1313614
            127028804,               1325664
            127046822,               1303111
            128513058,               1405003
            129044324,               1320503
            129407903,               1332250
            132648048,               1501892
            136564415,               1357826
            136723678,               1409896
            137274066,               1481161
            137569469,               1440923
            138613131,               1327424
            141346386,               1070305
            141704383,               1131625
            145095658,               1037569
            146111736,               1195797
            146205621,               1180150
            148660125,               1425697
            149126971,               1347895
            149431919,               1426628
            150237496,               1531524
            150871337,               1437626
            153880878,               1522242
            154804571,               1631605
            154976853,               1576675
            155062883,               1623269
            157947178,               1873237
            158920590,               2008273
            161166135,               1948487
            161232958,               1951591
            161259873,               1953567
            161710560,               1925461
            164072994,               2089545
            166591977,               2329401
            166603037,               2322626
            166598939,               2316823
            167175098,               2214698
            168441504,               2039840
            168664082,               2005033
            172375779,               2303606
            172563593,               2343379
            173701079,               2390662
            173848362,               2432993
            175139497,               2289162
            177821023,               2490848
            178032507,               2436771
            179101856,               2348748
            179364038,               2391481
            181277542,               2477339
            182505264,               2487958
            186810860,               2461958
            186830988,               2436178
            187925313,               2392402
            190430452,               2602160
            191005430,               2631611
            192903107,               2631452
            194015246,               2729401
            196668999,               2977986
            197807996,               3089413
            198071439,               3090308
            202084792,               3031393
            202406340,               3111266
            202549153,               3055153
            205175984,               2838638
            205798054,               2769929
            205924204,               2753639
            207508366,               2579298
            207546695,               2543277
            210084277,               2616573
            210314556,               2615647
            213043244,               2841694
            213417993,               2803553
            213640085,               2815410
            213856073,               2862036
            214841064,               3012678
            215469664,               2903220
            217115374,               2836036
            217679701,               2708511
            218894204,               2861459
            219479595,               2958339
            220459089,               2834778
            220714027,               2904995
            221332231,               3041271
            222031373,               2908747
            222502972,               2803953
            224141770,               2614193
            225120883,               2577416
            225221891,               2537467
            229752710,               2572331
            233036229,               2630844
            233498571,               2558375
            234020818,               2622235
            235343437,               2514182
            236310047,               2554497
            238461486,               2777311
            238682255,               2841900
            238847551,               2776640
            238886470,               2756792
            241620943,               2860255
            242041985,               2961790
            243918905,               2807397
            244263304,               2850903
            246684034,               2805974
            247927002,               2781179
            248759904,               2692835
            256166066,               3063692
            256702158,               3012955
            257331547,               3129312
            260263254,               3213661
            261094445,               3273609
            262850921,               3204314
            265689041,               2965067
            266129602,               2938149
            266125850,               2940622
            267025651,               2868768
            268383177,               2725873
            268928981,               2615377
            269047730,               2600027
            273162863,               2925510
            274548874,               3089188
            275531895,               3073039
            276283287,               3192843
            278650839,               3195199
            279964653,               3245038
            280298846,               3286521
            280673240,               3337156
            282390674,               3366824
            282951930,               3475860
            283579406,               3606905
            284434386,               3464956
            284630901,               3433423
            285001854,               3524553
            287739921,               3413786
            288930061,               3275573
            289335677,               3199466
            291418960,               3157158
            291829389,               3184763
            292598416,               3094491
            292639564,               3074855
            293079921,               2965505
            294736530,               3170378
            294991024,               3114100
            298931246,               2812603
            300642750,               3008059
            303247997,               3215580
            303400360,               3167167
            303419227,               3148094
            304379141,               3210703
            311180406,               2780534
            314975082,               3058713
            315288012,               3029963
            316272120,               2875608
            316374775,               2826565
            318642051,               3066318
            319004924,               3149090
            319586486,               3128363
            321324068,               3291719
            322640248,               3422775
            325107484,               3303488
            325276262,               3314769
            325274245,               3307227
            326790279,               3453894
            327462841,               3511807
            328426288,               3498483
            329160182,               3462691
            329355277,               3407775
            334585913,               3642007
            334849223,               3596811
            338548172,               3847047
            338820752,               3902660
            339023190,               3916795
            340593341,               3761563
            340988588,               3717333
            341300431,               3750911
            341458898,               3768718
            341580709,               3749014
            341845032,               3670318
            342864518,               3617959
            344516231,               3810031
            345138765,               3768022
            346902585,               3771522
            349865305,               3521823
            350315215,               3425190
            350384295,               3437169
            350534849,               3407515
            352423611,               3579398
            353717860,               3766256
            353929811,               3766689
            356032477,               3897861
            357638102,               3787660
            358608757,               3707387
            359914496,               3527090
            359970940,               3572852
            361916520,               3584913
            362860555,               3603575
            363129553,               3645705
            363508192,               3663575
            363711232,               3729859
            368059183,               3948384
            368187089,               3908935
            369205350,               3744980
            369209101,               3734225
            371066946,               3620642
            375472704,               3295028
            375648240,               3253705
            378840361,               3003008
            381353178,               3013016
            381751708,               3120867
            382647840,               3222814
            384149997,               3115989
            384481262,               3019375
            385318385,               2877407
            386878886,               2760777
            393134780,               3010767
            393725397,               3101840
            395684084,               3319609
            398650299,               3594568
            398922937,               3599338
            398931002,               3583212
            401716908,               3522537
            402658939,               3485437
            403415146,               3353128
            403547667,               3401820
            404595867,               3324340
            405226841,               3432197
            405808000,               3321728
            405832560,               3310834
            406477909,               3312672
            411412141,               3546628
            411821277,               3623050
            413916633,               3501312
            414739563,               3582267
            415237756,               3535884
            416899101,               3553998
            419562281,               3585008
            421236779,               3798153
            421798794,               3776902
            422017067,               3709151
            422584674,               3824836
            423232228,               3965461
            423534072,               3874832
            426769451,               3660031
            427451870,               3767830
            428158965,               3844463
            429346495,               3677004
            433997255,               4061258
            434570097,               4156781
            436632755,               4285710
            437334844,               4230866
            437989056,               4233464
            438079033,               4259998
            438379128,               4296189
            438595234,               4220879
            440095151,               4038264
            440703698,               4065356
            441257334,               3960930
            443606013,               4139298
            444157065,               4164892
            444976034,               4242282
            445581492,               4124109
            452152872,               3835534
            452390702,               3762635
            452711765,               3845934
            454460329,               3639289
            454558879,               3664597
            457295845,               3535399
            457356350,               3519654
            460236737,               3810519
            466030915,               3554223
            466231759,               3516265
            467278926,               3635300
            470035521,               3375049
            470177802,               3329841
            471151478,               3413830
            471616555,               3386202
            472009329,               3399301
            473098841,               3417181
            473358728,               3401521
            473744800,               3461655
            473773194,               3476809
            474449365,               3363953
            477459582,               3436547
            479710863,               3483392
            482381682,               3772837
            483833152,               3941700
            485596416,               4111643
            485977602,               4040789
            486056275,               4040700
            487120184,               3993031
            487740385,               3855433
            487949434,               3809708
            488769788,               3707081
            488884892,               3726566
            488983844,               3685564
            489986579,               3852634
            491213508,               3890435
            492875976,               4005734
            494491044,               3962186
            495195130,               3879998
            497301293,               4043726
            498049913,               3919990
            498172480,               3910397
            498814808,               4035613
            499624305,               3903663
            505440935,               4231556
            507097857,               4435642
            507111224,               4418106
            509259255,               4206298
            510491913,               4014210
            512035234,               4011335
            512088441,               4007907
            512917694,               3941309
            512931829,               3933279
            514114789,               3868379
            514171546,               3837101
            514301948,               3780741
            515659919,               3609337
            516759226,               3774128
            517358334,               3872429
            517903865,               3989189
            518290508,               4064833
            519117173,               4181378
            519951562,               4066436
            521558270,               4205642
            523286374,               4195091
            527442647,               3791679
            527459465,               3771095
            529209721,               3618862
            529849432,               3633956
            530846334,               3675388
            531025135,               3705402
            531439967,               3602527
            532195623,               3733620
            533284182,               3845176
            535092787,               3984950
            537858849,               3855369
            540282309,               3631138
            542083197,               3827864
            542462600,               3899633
            543517411,               4024571
            546330462,               4158611
            546729106,               4249146
            548538268,               4321634
            549414631,               4165806
            549544733,               4203281
            549979116,               4093780
            550069216,               4044309
            550723836,               4029391
            550731857,               4035029
            551250984,               4101560
            551941727,               4202855
            552850878,               4306388
            553636327,               4395792
            553853745,               4397969
            554839927,               4544777
            555532602,               4599910
            559131445,               4569185
            559128345,               4573493
            562542121,               4319498
            562872043,               4419540
            562947896,               4372414
            562988943,               4344522
            563303344,               4419507
            564456813,               4451161
            565033435,               4434154
            566092853,               4421711
            566102730,               4408792
            570159695,               4631128
            570241764,               4602470
            570729766,               4702622
            571692761,               4551969
            573830237,               4369801
            575112808,               4451682
            575658294,               4392083
            576159449,               4315563
            579409288,               4330627
            579882068,               4411286
            584509552,               4593686
            585851034,               4648808
            591328017,               4261628
            591631075,               4311892
            592555488,               4239075
            592819052,               4174989
            593620757,               4036389
            594359948,               3916277
            594544551,               3849698
            595022042,               3828990
            597822259,               4087027
            597942948,               4094773
            598886437,               4120799
            599588407,               4111288
            601711175,               4126203
            602348366,               4197289
            602382582,               4169237
            603683893,               3998849
            604447824,               3969854
            604493344,               4009248
            606070440,               3958572
            606603081,               3919172
            607869760,               3986530
            610029574,               4156832
            611422055,               4218688
            611615012,               4160808
            612087158,               4186663
            612992227,               4334929
            614028192,               4367867
            616315301,               4269935
            617481154,               4388695
            618437864,               4412359
            618857643,               4320763
            619035291,               4368750
            620512062,               4507219
            629563419,               4617568
            629724487,               4552116
            632269216,               4539529
            632526750,               4591381
            634038451,               4745259
            634979120,               4578042
            635798764,               4426391
            637889594,               4507987
            639831429,               4609779
            639843642,               4628932
            640164003,               4609649
            640428459,               4553419
            641347657,               4701074
            642839122,               4512529
            643527806,               4423332
            644631328,               4436756
            645691987,               4603751
            649614627,               4266227
            650116501,               4297280
            652057728,               4181340
            652516232,               4270132
            655930208,               4278369
            657911615,               4258802
            659091537,               4328181
            660124042,               4484920
            663110561,               4191798
            664085045,               4328850
            665987358,               4378897
            666417198,               4437656
            667038864,               4471002
            667242989,               4522666
            667444548,               4475226
            668891909,               4262262
            669570142,               4391660
            671033486,               4203896
            674409581,               4459248
            674437867,               4427886
            674694271,               4347196
            675364599,               4504782
            675548240,               4564758
            677417548,               4484619
            677507817,               4509489
            678222332,               4619384
            678888361,               4625324
            679877455,               4695777
            681781272,               4916429
            682970993,               5074062
            683378983,               4988820
            683855049,               4875316
            684307488,               4900703
            686131335,               4685569
            686955412,               4842404
            688071584,               4690432
            688072935,               4689359
            689013719,               4746988
            690044196,               4891583
            690163757,               4913387
            691806206,               5125411
            693580631,               5287157
            695537037,               5099631
            696279253,               4949567
            698608469,               5047779
            700080964,               5088667
            701776964,               5189067
            702313349,               5212965
            703186085,               5370177
            705571112,               5182942
            707133421,               5024413
            711159021,               4711804
            711985106,               4733064
            713182410,               4901111
            714305716,               4996913
            714736414,               5037352
            715895315,               5189202
            716076112,               5136297
            716089437,               5122240
            716297650,               5064004
            716822818,               4961457
            717946234,               5076835
            718780380,               5219791
            719223619,               5316115
            719377135,               5325051
            720899175,               5114173
            721766511,               5261428
            721942835,               5283517
            725255150,               5029721
            727719096,               4801923
            729080560,               4667603
            730996476,               4817054
            734879715,               4948494
            737778029,               4847076
            737846388,               4827110
            738789953,               4674568
            739028404,               4730725
            740027893,               4871018
            741140018,               4681686
            741277784,               4718828
            741904241,               4832021
            742733079,               4961677
            745063673,               5118004
            752972470,               5274836
            753409292,               5337253
            755297552,               5124189
            756628336,               4965041
            758123804,               5045316
            758485901,               4983163
            758985853,               4855410
            760498810,               4934473
            760590914,               4884263
            761763747,               5032780
            761945850,               5036598
            762504686,               5034563
            762569526,               4989064
            762663294,               5039196
            762834038,               5036020
            762836529,               5053855
            763893254,               4900361
            764207904,               4956136
            765173991,               5106523
            767757013,               4812894
            770165345,               4864798
            770986739,               4799807
            772262991,               4673850
            772489926,               4658497
            773223163,               4794503
            776660469,               5030554
            777896192,               4880634
            781238640,               5061592
            784045486,               4787309
            785079245,               4840282
            785774528,               4846923
            787438206,               4878574
            787637000,               4828406
            788549179,               4975367
            798061498,               4634927
            798328182,               4568227
            799152085,               4414270
            801286383,               4427486
            802092781,               4590088
            803300059,               4513830
            803937578,               4408642
            805468344,               4286937
            807006216,               4328064
            807257842,               4275565
            807369928,               4323303
            807389684,               4336000
            810328430,               4038693
            811090004,               3956029
            812160473,               3908344
            814536671,               3879815
            814811161,               3970705
            815924556,               4007408
            815945371,               4027653
            816095084,               4059570
            818071416,               4053081
            818781745,               3890508
            818951688,               3877954
            819260415,               3900959
            819738065,               3916533
            819852450,               3854238
            821757860,               4103049
            823057970,               3983659
            823365837,               4050354
            823394884,               4058693
            824586431,               4140997
            824809603,               4122219
            825344131,               4051932
            825487057,               4018003
            825716379,               3935877
            828105853,               3761348
            828478409,               3670819
            830976120,               3639627
            831533847,               3526250
            835531016,               3211924
            839990134,               3297610
            840200351,               3219332
            843093534,               2976732
            845417409,               2965310
            846511773,               3096351
            846562469,               3138123
            847099679,               3142002
            847749150,               3003115
            849556304,               2866411
            849869715,               2942941
            851060096,               2958773
            854553405,               3187875
            855944611,               3347460
            857852198,               3123509
            860251966,               3159431
            860277526,               3179343
            860281062,               3196878
            863661624,               2886477
            865540204,               3031069
            865705226,               3010247
            866739011,               2861190
            867864094,               2721536
            868684753,               2582951
            869131718,               2537439
            870381708,               2340546
            870756278,               2254558
            870941154,               2279179
            871730722,               2393647
            872110780,               2458506
            872217583,               2423801
            872329463,               2479223
            872760175,               2477789
            873000886,               2517247
            873478855,               2641887
            873488710,               2666235
            873656237,               2666762
            874943302,               2700048
            875194290,               2637491
            876892347,               2406220
            879187519,               2169691
            879708935,               2267116
            880367714,               2219390
            880430037,               2263354
            882856762,               2316253
            884850766,               2125563
            884883997,               2141060
            885664003,               2284423
            886232501,               2161564
            886774796,               2153799
            887077451,               2249402
            887660608,               2347293
            887859641,               2279436
            888483808,               2410749
            890112763,               2184307
            890883805,               2301563
            891265722,               2341708
            892224260,               2324632
            892919839,               2339051
            893312148,               2231519
            894182410,               2380833
            894512145,               2478843
            896757387,               2715677
            897592589,               2705812
            898202162,               2577024
            898613793,               2677753
            899143751,               2557237
            900069425,               2624939
            904510944,               2300477
            905349019,               2188795
            907160825,               2246413
            907989903,               2176292
            908111118,               2174531
            908108863,               2169491
            908698671,               2093232
            908870557,               2023202
            909503289,               1887732
            911891780,               2131671
            913820737,               1915507
            914239895,               1804856
            914790642,               1833821
            915831361,               1657331
            915898898,               1674424
            917088644,               1869245
            917796632,               1945046
            918452800,               2038740
            920500901,               2260748
            924358680,               2364959
            924563001,               2388238
            928332696,               2715319
            929393848,               2516592
            930013813,               2626437
            931183135,               2756234
            931505404,               2853754
            934447210,               3002017
            935490639,               3033258
            937735818,               2993198
            937961604,               3041855
            938227868,               3085277
            940607289,               3049444
            941371160,               2986714
            941717280,               3082459
            942504594,               3164104
            942744680,               3090545
            944174575,               3248395
            945086525,               3081313
            947513365,               2799990
            948765155,               2946973
            951993725,               2857121
            952339600,               2859179
            953646560,               2728542
            953859687,               2676986
            953972704,               2622845
            954966528,               2774977
            955223368,               2721930
            955268557,               2694902
            957074244,               2492584
            957417237,               2398458
            958477507,               2249693
            959329354,               2379048
            959549383,               2446760
            959793336,               2396612
            959816422,               2423944
            960204805,               2520883
            960341391,               2569614
            961388816,               2394325
            961495780,               2375492
            962739973,               2172590
            962904962,               2230498
            963597421,               2158368
            968083782,               2490539
            968631883,               2372101
            969102901,               2269846
            969837465,               2275098
            970093748,               2335646
            970154677,               2355150
            972072952,               2374034
            974647176,               2097777
            974684579,               2063104
            975714723,               1960469
            976130341,               1997935
            976153821,               2016377
            980633527,               2243826
            980815425,               2174267
            981946597,               2245189
            982328435,               2265335
            984917743,               2417944
            986576106,               2176175
            988235670,               2270489
            988974521,               2205156
            990540470,               2038092
            992078855,               2121272
            994391070,               2286275
            995814049,               2047935
            996318192,               2086499
            997306706,               2142143
            997542233,               2183880
            999681002,               2378662
           1000313674,               2237514
           1000423861,               2182610
           1001580474,               2200223
           1001685779,               2230853
           1002053215,               2116824
           1003581033,               2148689
           1004347135,               2034973
           1004863229,               2022092
           1006030377,               1880479
           1007109880,               1748616
           1008200898,               1589768
           1009523127,               1703634
           1010589892,               1767539
           1010980927,               1768967
           1014132568,               1842971
           1014419392,               1863182
           1014794504,               1785685
           1014950277,               1760481
           1015177690,               1695759
           1015554615,               1604462
           1015946877,               1679579
           1016313966,               1725510
           1017196906,               1835446
           1017220973,               1851672
           1019589858,               1751647
           1019898473,               1662291
           1020284295,               1714825
           1022404287,               1488959
           1022403393,               1477221
           1022477901,               1466004
           1025901479,               1750609
           1026005163,               1795263
           1028220241,               2042797
           1030473999,               1807482
           1031123762,               1756936
           1031386845,               1790850
           1031474650,               1758919
           1031730490,               1826024
           1032696437,               1957157
           1033897609,               1900426
           1034443930,               1966785
           1034597019,               1896167
           1038338337,               2202133
           1038494657,               2196978
           1039828314,               2187078
           1040014407,               2126691
           1040773487,               2167669
           1041314560,               2141633
           1042462744,               2269426
           1043110742,               2343701
           1044860365,               2565851
           1048504423,               2830216
           1049158991,               2774772
           1049202174,               2739095
           1049365508,               2766805
           1049968725,               2886592
           1050333321,               2968686
           1051117283,               3017196
           1051463325,               3109671
           1051571488,               3063081
           1052370412,               3149644
           1054750377,               3222778
           1054861242,               3234048
           1055169229,               3278777
           1055797154,               3393592
           1059163981,               3180256
           1060669501,               3308876
           1061446977,               3213297
           1061764556,               3121518
           1064459681,               3245459
           1065862306,               3451235
           1065976588,               3488371
           1068110259,               3274603
           1070361037,               3548240
           1073961064,               3648662
           1076132902,               3458945
           1078069408,               3245255
           1078716646,               3160188
           1079718278,               3322846
           1081206637,               3500767
           1081923964,               3389706
           1084008053,               3417558
           1084643735,               3530364
           1084814951,               3483577
           1085117527,               3523701
           1085236973,               3555017
           1085517633,               3590719
           1087176524,               3792178
           1089740316,               3649885
           1090061366,               3660974
           1090096466,               3653999
           1090875267,               3688096
           1091363152,               3754871
           1091423112,               3725368
           1091437102,               3740096
           1092950087,               3553558
           1093374985,               3455161
           1093672727,               3539436
           1094752467,               3447223
           1096388325,               3501152
           1096559413,               3452193
           1097284528,               3328184
           1099544239,               3424812
           1101843387,               3560973
           1105245567,               3508664
           1105744401,               3421519
           1107286446,               3257015
           1108705431,               3452458
           1109816657,               3273792
           1109996818,               3256641
           1110389545,               3240484
           1113182473,               2998338
           1113224608,               3026942
           1114984325,               2911813
           1115636700,               2866096
           1115993320,               2956025
           1116186294,               3021259
           1116187271,               3005774
           1118134420,               3013383
           1120304320,               2746483
           1120696162,               2649063
           1120964597,               2616944
           1121782451,               2774860
           1123362207,               2890228
           1123908505,               2951677
           1124862053,               2781270
           1125175998,               2887967
